13992	8283	17993	12794	7005	5196	16520	10844	17993	19054	5606	18203	7271	949	7554	11131	3284	18965	5556	9891	7153	6133	7306	6634	8139	11719	18522	7435	231	2074	14259	15861	5403	7915	12322	853	5001	14732	15924	11386	7471	12385	20112	7889	13052	2377	12794	4008	634	15967	105	259	9599	6493	15190	6761	7785	12073	7657	18279	6926	10186	10776	12322	16257	14947	8687	5407	15382	929	1148	13549	3858	17708	13270	14304	15973	19579	4416	8228	3725	7009	15973	4807	12917	12856	15888	13130	4216	5502	5258	16511	115	2840	6604	1513	18830	2463	628	20201
4181	14962	7409	8334	1580	12693	16233	10505	1175	12715	1945	11099	6633	2869	6679	5004	6434	8829	17210	4931	18697	10861	7714	6282	2412	11568	7244	3376	4943	15172	19242	17987	13139	5778	2479	4560	16511	7829	5875	12331	1889	5485	6255	3284	7171	18895	7699	13827	13859	7969	291	18488	288	9545	16000	13752	7463	7579	16822	9440	15172	18712	12724	18349	20008	593	936	20169	10379	14270	3491	17987	9076	14627	11886	15627	1068	17515	8787	14962	18153	16863	5778	16658	1068	15888	10211	5321	11855	9654	7458	5861	14275	386	2581	15627	6218	7578	12495	14409
288	5377	19874	15337	18543	3923	5366	651	9265	14853	8664	10812	1361	17667	6043	11250	1078	4826	6813	8978	8235	634	14860	14085	11591	8294	12113	4094	15993	10041	593	14192	3884	2076	9395	15024	5029	115	2705	9053	9323	14405	14606	4917	10399	9684	18181	9235	8937	567	2889	12505	7714	2308	12179	10005	4908	5258	8972	19460	1483	19406	12635	1611	2753	7009	19776	7889	17980	12113	3725	936	4795	11591	19616	259	13363	13318	14447	3514	18648	15535	3585	2825	6888	12509	11391	7683	4669	16846	17571	634	2840	2010	9891	12294	13381	7523	4691	5321
3233	16988	12284	12484	15868	4779	7915	9977	3925	12361	3119	16876	5466	9439	13754	10608	16654	3401	17471	570	16451	7889	3695	9237	287	12577	8608	2926	12995	6170	12039	955	12175	16319	10505	16629	12282	10920	5796	12398	9311	15443	15170	5866	11086	4553	593	9540	4807	12966	3347	17835	15342	13048	9439	2380	14089	9546	3476	10894	8595	15382	14769	14361	14931	15256	17090	11613	11099	10479	11099	1257	13054	6418	9004	18648	3408	13869	10659	7933	5179	2218	13378	5996	14438	5258	17849	2668	8216	2113	16543	18771	7279	1519	3686	11056	15044	1047	12539	2933
16139	16161	2065	3795	13577	12459	12161	3583	5014	1494	19155	14385	3280	16650	3527	6152	5631	12564	2999	4826	15972	16969	12917	12678	2290	15080	4145	9482	18648	46	13130	10197	8133	18150	6174	513	10478	4895	4506	2030	12635	2889	7244	2380	10178	18905	12039	105	19183	20201	17699	5149	4930	1647	1889	4638	19089	2756	19226	2801	12948	8743	12911	16926	6218	6265	2789	3303	780	16445	2668	9370	12228	1335	18164	8301	11847	8216	10255	2926	7011	310	7005	17899	20112	16394	13083	15294	9982	12675	19605	1611	9004	10355	4895	17113	2603	15627	12315	17444
17967	17797	1426	119	11169	628	2188	2444	5739	5466	17842	10880	2319	6152	8037	19020	6901	8155	11120	11855	5165	1440	16809	331	10988	15306	15044	13180	5739	18769	15465	11470	6754	13414	18307	16200	7786	824	11838	14577	4728	11330	7785	6569	18196	1357	5014	18264	16009	19157	1580	15306	18257	8582	18651	15467	19020	5058	9945	18598	18905	13549	18967	12506	8216	13249	8868	4404	11746	16632	5318	17413	10861	13415	14448	18566	8972	2557	13763	10530	15295	2560	12505	1366	16743	17036	17810	11034	7051	12075	4663	13975	5001	1361	4164	14915	3233	2444	6922	10220
9323	1519	2307	15091	11146	18452	16370	5980	12541	13869	8492	12701	6424	12724	19947	13591	15783	6506	3239	20145	17571	6922	9720	772	20083	5455	6857	4320	9585	5036	17036	8301	2412	2377	4164	9930	2971	14854	14968	9302	287	2454	13223	6951	5276	1140	1519	10255	1580	17700	12480	17177	12765	10825	11021	12495	8949	9220	5276	18281	2344	1611	17797	19046	14595	13292	3514	19096	9417	17982	6242	10659	19361	16606	8155	2930	11305	12200	7591	10102	2201	10321	18906	5226	12731	4467	18522	3302	5236	17835	6626	5841	97	15681	2622	15557	19409	4749	6526	638
16654	11886	7208	16161	6059	398	20085	3292	3302	6177	11478	18599	2999	3091	9787	12656	10505	2801	12724	19692	4632	11131	3654	1148	17357	19831	2137	18912	6268	599	8949	18181	10825	8888	15886	6526	2849	16621	12799	2606	14696	13810	3884	13031	12042	9347	885	18139	19248	7823	17967	10969	16714	10134	7523	1693	17892	5918	1133	2886	14696	19849	11380	11506	6364	5247	14304	7657	15091	4232	97	17797	11817	14570	11086	8334	10861	1943	15658	7823	701	14480	8376	15545	9076	6893	10485	7786	16495	1024	12948	5455	6152	15190	851	18089	10021	489	567	5464
10153	15458	13637	8937	18648	9205	5122	5606	6526	11420	10966	15861	5352	7477	1133	5221	6409	551	12856	6515	16875	8787	20059	3236	7825	389	9980	2554	10973	5249	13869	18927	19546	709	2135	16714	2019	6798	10106	11964	1366	1483	14947	11855	7554	3850	10489	8905	16994	7871	4840	15591	9482	13726	18307	11534	19155	19183	15801	15532	13763	1569	14447	12348	12147	5179	6628	9417	9104	19981	9259	5911	10650	15458	12484	5146	13095	5820	14304	12099	8978	19267	8475	15466	16196	9545	14325	6966	8039	1439	8525	15325	3246	2711	5778	5218	8718	8640	13318	18546
8505	2416	13842	1635	7714	19432	19052	19355	2469	398	7051	19053	10644	2902	8163	12437	19226	12700	18247	1611	13752	13095	6416	20083	9029	13031	1797	13677	1872	10455	489	18495	19254	15466	15470	1471	13158	7291	593	10644	13618	8705	12307	1326	4431	15295	15012	15095	7578	9347	11096	10135	14480	2377	5666	16863	11114	16994	1314	5558	8052	17899	17027	3666	18349	1855	7011	8705	19849	7797	15884	13878	5744	4105	11380	611	15789	11099	4909	11429	1388	4128	2705	15427	12331	7411	3246	2756	14732	1314	18920	14575	19727	20008	5994	20163	16606	10880	3520	1351
6178	331	1106	12715	16451	4624	4962	7011	3056	14063	300	19423	15044	14829	14657	6429	9945	4076	14968	9625	12701	9910	6062	12996	17444	4761	1583	6173	9529	398	4638	15224	14765	14868	18602	19382	4286	11330	11966	3233	7461	2471	9133	9162	3527	7331	9235	8475	13233	9614	17617	5430	12948	479	17657	220	804	1674	747	20059	14158	17965	18264	3406	12334	16506	9642	6146	15465	14606	7331	14814	13742	17810	13619	14431	985	15309	16482	10290	18602	14829	3356	6898	14576	3795	19432	10690	9187	5915	18941	10542	7591	1257	1945	5931	6636	988	14270	9044
8529	14106	9647	19672	6951	17700	3239	7461	16076	8684	15545	10974	8155	7684	19291	4943	999	1373	4366	4105	3091	18495	14436	310	9140	19089	19254	4761	1618	16418	4788	11386	15091	9540	10965	2653	18830	13707	2622	12376	12987	3807	12539	6409	6543	2290	8152	12322	1943	12406	15587	6766	14627	8868	2926	4416	15256	985	3245	9302	11420	5904	19054	3734	17405	9783	10404	1602	13965	13075	1699	9654	6628	11096	16795	15617	4779	12113	4417	97	19579	665	5370	14294	13034	14835	7825	18027	7579	8118	46	3753	10214	10571	4216	1647	14270	12920	10499	18788
10461	18099	17810	4553	9395	1335	11868	6424	4917	9546	6805	15658	9148	12376	13031	2995	2668	1203	7201	8347	18941	12799	16928	12669	12096	12315	11152	2471	12856	4794	14017	11176	5236	15268	2615	11998	4258	14868	9733	11803	15533	2623	10375	3952	4986	3952	11367	10844	7657	13707	19157	7558	14361	16139	7579	2971	551	5875	3654	19672	9778	7780	4779	5407	9044	5377	10375	10476	568	14342	6515	20012	8610	10485	11947	15532	3923	6424	11015	4624	18471	3583	568	2449	9869	9930	15095	3896	12577	4930	3676	4577	13600	1148	6068	5485	9490	12361	5220	581
10369	14009	9654	1047	12322	13643	8949	16445	7711	8487	13666	5370	6173	5106	20197	3686	3455	12113	4605	19226	9237	11478	1133	4043	3394	10136	2084	5315	4846	15470	13415	1635	14188	9891	12334	3884	18150	14660	12911	9625	18920	8361	4638	13415	9225	18694	6151	1884	3654	18906	846	4308	14453	10969	10455	310	13158	12547	4734	3491	19157	3119	14385	10612	19430	8684	8757	16875	18704	12266	11864	1943	18598	10346	2137	6111	2065	8610	1203	17985	18965	16677	4320	7024	268	10476	19267	5712	14296	6111	15532	3455	5092	18264	17540	5332	15295	12147	4481	10479
7824	17059	7695	18153	5915	9563	16875	14835	12294	14806	5258	2933	479	3590	4320	18353	13067	13742	2476	1970	8622	16921	2918	9622	16650	13677	19940	6070	8775	6679	444	4663	7804	1647	7797	8937	4494	11752	133	7425	12161	16257	12345	4734	18342	15681	6633	17539	1078	14836	1464	11803	12614	6026	9167	3858	6167	18139	231	2113	15924	1604	3239	16599	5377	18247	12510	18984	16795	5130	19966	1989	18965	14106	1423	1140	7759	10988	14835	16650	6177	11307	16430	10479	15095	7224	7463	3598	17807	17006	19779	2869	7759	12880	15532	8334	16921	1919	13859	9220
13158	2302	11478	12480	15533	9029	14239	988	17062	10213	13551	13067	8492	7818	5631	5036	8457	10197	11375	5890	15044	19020	13095	13415	5778	1366	3823	228	6265	13992	13827	7279	2169	13740	10812	17292	18843	12676	12717	11382	2416	4940	5931	8787	11461	13270	16900	19248	5874	17772	10136	14403	15535	12503	11375	17647	18138	4760	1855	15339	16668	14696	8728	5691	4978	18142	12042	17226	12228	5249	1176	1068	11384	9439	1943	13740	4943	5484	10005	12920	2071	4734	16511	5502	7950	19849	7657	17027	15337	18522	16227	13054	5744	9546	11966	278	15998	8216	10399	18196
7915	7657	20036	5377	3987	10485	19254	15886	6429	15342	7829	6068	8610	17337	3655	14089	5712	19430	15789	2412	4506	15587	530	10083	2135	18258	10481	6766	8333	5010	5739	9471	5994	2476	6951	9323	6167	13095	6655	17444	18196	9741	581	10186	18596	17772	6926	14437	5502	292	11391	16863	1312	5904	5931	9614	8228	4481	6655	3987	19226	19616	20106	6724	10476	10214	6189	2084	12284	14627	628	9658	16222	6026	278	15993	570	20201	11382	1123	12282	12033	5471	15465	18905	4187	14943	11367	8155	5780	11420	435	12331	15081	7008	2622	10499	6364	8524	7915
10951	4807	12046	8155	6881	18895	1539	15799	10207	5671	3551	5735	12284	9076	1699	17826	7463	14275	1872	19020	12335	10776	10505	9259	2889	10220	9622	4929	11864	651	18967	19242	15681	8498	16076	7824	5221	11134	9170	10005	4494	19027	4840	782	2732	1970	12813	2886	20085	11966	15044	12256	701	3401	14262	6880	4760	4788	17657	10214	11886	5218	12966	1314	11056	7210	16372	18463	14923	14576	7161	9259	17807	13619	8723	1053	10005	12406	2639	18941	1774	9220	9876	9025	8868	6966	2169	4008	9750	966	13052	13827	1369	2690	9733	12770	18279	15044	3102	12911
14894	14924	16155	15587	16438	19616	17965	6526	18207	16650	16795	17036	9545	6534	17036	14732	16503	19464	15343	5203	3861	15466	3952	12717	9186	14894	852	18139	6717	2743	9146	8083	12917	8580	3303	6564	19580	3896	12693	18169	11593	2015	1312	15681	8529	14860	3396	17899	15325	10787	9930	7201	17834	7210	11086	7105	4506	16304	17647	4094	18797	1605	852	12886	13736	8301	18655	15617	1312	1970	9187	3083	13369	19826	1172	13493	5817	18140	4404	17113	20030	2584	10211	18142	8610	2623	2712	15157	6813	5130	5980	13742	18546	9622	6726	2344	702	15970	7271	3371
2926	9658	3753	3861	1176	6610	15998	14405	2784	16180	3359	8927	15723	10399	13091	11803	16000	12040	2902	13240	14446	2412	1602	1174	17013	19654	12361	8037	19940	10546	6002	885	3982	8873	12040	14450	13221	9029	1156	6766	18596	2791	7258	5915	6059	19776	6189	18704	6416	8174	11029	7688	7051	259	17810	13270	8163	5059	11380	4308	5994	11176	14984	4346	18452	9891	2170	17867	19464	4145	17200	133	6766	3037	18045	9167	5014	17799	444	4404	1513	18596	20160	16076	6268	2584	4105	20201	1366	9799	1936	6424	9720	14081	5801	15465	9945	9770	3551	7577
14200	513	2784	1024	6492	18252	9235	12385	2968	11015	10612	19336	2126	8083	12279	5931	720	8238	18566	14575	19874	4967	14207	12917	16809	11947	5691	1919	9225	6070	3923	2554	18596	13240	9323	4669	10216	5796	12700	14602	18356	12096	10393	10940	13499	16931	11742	3676	13932	9945	18941	10650	8735	3360	15224	3371	2918	14278	13810	15894	15180	2449	15907	7222	15924	8040	7036	11752	9781	2944	13067	13175	615	3166	11271	4895	12880	10214	13054	10455	18349	6068	4846	9750	9104	16811	12541	2218	1451	6655	8905	5282	10197	2303	12554	6043	9205	14262	2065	2512
5623	6882	18614	9475	7240	745	11417	11722	14023	19615	15909	11823	11288	19988	15495	8516	11549	11871	5523	1211	8573	7790	17296	9831	406	7574	7297	13505	2643	748	14573	789	6115	6919	4289	15117	15732	427	18858	13062	3942	17893	6854	16466	10052	18467	14161	2341	20150	15118	15441	8643	14662	16156	19886	1098	2588	2298	7573	12883	5645	1853	14189	19533	20111	15169	8153	4183	1669	10637	3749	4815	16635	20204	3365	13915	16797	5463	19290	16823	15117	13309	11275	14307	18739	9568	14492	14572	14973	3430	12025	154	5818	16084	11383	12781	5280	273	17800	8851
15074	2157	9427	3743	8044	3267	670	2475	18284	3163	670	17042	2514	13081	19511	15976	18421	12119	11979	17184	10047	14179	6421	11141	6215	17907	12178	12953	19807	8098	18739	2368	12112	6548	3377	12592	12530	19049	7806	18211	7656	6936	17423	15586	17486	9134	10842	1157	750	4369	15212	13944	12390	16256	15023	16502	658	4095	4842	6842	9499	11684	8683	8282	10997	14114	16213	7465	10700	16108	17340	16840	19745	11900	15235	16150	16891	18871	20073	14755	4671	576	3076	3775	11416	7450	10296	1972	7346	16095	4396	421	3868	1132	10523	6157	20047	7731	16493	10859
18837	9257	16345	19325	2247	9257	19938	19473	11303	4681	476	161	592	1868	14494	15824	16941	16303	12857	8643	2684	2549	5497	8892	14698	17962	3516	1688	8642	8737	19747	3948	12716	15192	11899	14654	7000	13024	16489	18104	11133	6760	9218	8291	7119	18283	7041	15780	13634	10537	12507	7926	16732	14647	3680	11032	1848	4873	2680	10	7133	1720	7632	6545	11228	18536	17947	19875	17915	7788	17276	19445	8627	17273	14993	8280	12069	8389	15534	8934	5942	9327	5894	1161	10414	5818	9493	11536	2150	5516	633	7102	19585	14504	4402	54	1375	7586	4791	3496
6098	1115	13460	11065	17472	13406	19854	12129	11823	17408	5413	8503	10995	9247	2874	9667	14761	10121	4427	6428	6690	9889	9056	16991	12047	2652	11442	10740	7121	19025	4936	3172	11229	18	9641	6473	9314	18468	320	1946	15184	12119	7538	14839	16168	16955	7668	9270	1360	6786	19062	17597	17308	13672	17935	2240	517	1479	3905	181	20192	17021	11581	4444	19095	11471	4279	14491	14887	18416	12523	5454	916	15263	13592	8121	8130	7373	14507	10986	8891	7857	2817	6458	1054	13924	1733	9040	256	16864	12014	19756	17340	16095	15098	12295	4475	17478	4951	3597
17440	3992	1408	8511	13673	15264	1002	5809	801	2906	4574	2270	9335	17092	10532	18725	179	9667	16049	1677	17141	7122	2831	16572	4392	485	15111	10384	5950	14000	1640	2073	19715	3904	14251	1776	3312	19025	8362	7329	3751	11038	3180	931	10858	3743	7748	6105	8059	8332	2914	18232	670	8304	11458	7921	14761	14220	7664	14827	6741	8846	7123	12567	1396	14336	16413	12620	19068	5169	8465	10954	2195	8894	18816	4142	8251	10860	9607	6584	8530	17225	13510	17606	4769	14235	16673	16326	9594	4319	5888	17354	19690	4307	17219	10821	7079	11000	9411	18562
13734	11691	14334	4291	8493	3747	18274	3444	13093	6988	14758	5771	2457	13167	3891	5831	125	95	15577	512	17403	12491	3928	16363	7675	16082	15980	122	5478	6448	488	4016	308	13120	1300	943	6856	18911	17183	7845	10685	14504	8269	1184	686	771	6020	12561	6862	13455	11473	3674	8324	6362	12225	406	12094	7013	5827	355	3602	12944	3294	5900	11596	15025	5968	4850	19531	16087	19582	14518	2082	5740	9099	569	5924	7333	2617	15055	14251	423	9166	13065	2242	5733	18492	5551	8365	4016	1089	8932	1565	4893	4923	14719	4982	5200	2195	11884
16805	521	134	12224	3450	226	17495	12937	12951	19522	3760	7264	2709	10651	14834	14331	1777	5984	608	15221	5617	3754	20003	4578	12409	12776	6873	15626	4686	5308	6621	7888	3804	15690	16025	16735	10260	17640	9694	17262	16346	6721	9818	5365	11346	11638	2166	17921	12016	4450	3710	20018	13441	16925	9547	1769	12872	5930	3979	16054	3576	14796	12139	16460	9106	4767	10834	1299	15682	14121	19876	5726	7532	10104	12443	8240	7298	15567	9965	8955	2841	8049	4974	6380	14096	12945	18446	11462	18793	18675	913	13796	9416	20161	10301	17827	202	19992	12121	1720
20029	16516	4758	5669	4611	17640	20003	11590	15484	12249	8619	8870	16882	8053	19687	15870	2541	12518	8284	3639	1288	18974	17975	12954	10737	7806	9905	6782	17839	17599	6239	675	5572	16409	2929	14055	14183	8259	14772	8535	2194	5963	7137	16066	384	2426	8917	6576	17127	15009	7735	17065	19758	9516	20161	9474	5421	5981	6080	8500	17159	17599	14568	12850	12664	10447	2085	4271	18398	9047	14452	111	16515	19137	14048	2767	74	4086	4343	931	15216	5393	10031	1603	3660	8789	2478	16664	18707	1221	9194	5409	9857	6276	10000	19109	1589	13374	916	18408
13244	12062	3754	19843	10430	6080	11542	2524	2861	3495	11722	1491	8729	11467	16891	6878	17664	12088	13615	15695	16323	5774	7460	2669	12690	4694	18070	2932	9928	14858	749	19617	20203	1147	5852	18329	10251	11017	13049	17001	14932	19309	4601	8195	2042	13375	8092	2193	18070	794	6829	7784	9064	6338	7322	2767	7781	5173	10839	11777	809	18163	421	2266	2535	20073	7967	10256	8182	5298	2300	16059	7978	2532	14650	12729	9841	2529	17648	6338	10293	18845	17553	19152	11393	9805	6738	13298	6105	13425	15673	17914	3165	14912	12571	1874	17906	18512	727	13984
4313	19451	1126	14573	5612	423	3007	10728	2803	15389	19120	18619	4823	10711	11948	5441	11387	11389	18158	10151	1443	16218	20087	1087	16406	9222	4921	7434	10514	16237	14297	13802	10105	18114	5271	13902	11310	9838	15271	12968	18683	8180	11857	9518	658	2461	13186	6777	7217	18968	3462	17958	7480	14074	3030	3456	20044	2745	18211	16342	8774	8533	6289	20058	20015	3713	15292	11835	7955	17502	18831	695	6613	6869	15803	1319	18096	403	3062	2674	3636	19373	10402	10506	14345	19434	152	13870	15648	1779	17530	8517	7157	8038	417	12316	20015	6930	1633	19412
5536	19074	6126	2103	3565	2802	10623	1356	938	4198	9752	17286	2823	1246	14564	7572	18372	9486	6334	18147	7427	7575	5805	6877	6140	11753	15992	13928	2821	11286	7581	11839	7776	11115	17446	17000	8869	3651	19980	3219	10934	19902	11483	2434	4574	13756	15709	16336	2187	3207	5291	7120	13068	2610	12095	9423	16721	14268	16264	11835	19658	15946	3405	18201	7716	18100	13396	8297	6756	3768	466	12827	8566	17450	6897	11180	18985	18740	13084	13723	14108	10043	11633	2867	17904	15981	79	344	4818	8503	5551	16037	10373	770	6639	19935	19292	6771	11348	15771
4589	3729	19741	5714	6615	9116	11670	19469	19290	5595	17828	4956	18134	15688	11287	9965	2821	2425	17172	6829	19731	4442	19693	188	4732	12876	784	13555	11228	9069	6007	5309	5000	11492	6444	10582	777	11124	1882	16279	16066	6718	11055	11201	5843	11976	17181	13990	15542	20099	19785	15721	6849	16176	2556	15832	18444	3713	9319	13865	877	9444	5496	3728	3558	14292	2075	1870	14529	2636	4411	7489	13907	16406	16856	1350	5005	545	4702	9472	15000	15511	15413	20082	6271	6995	13146	15722	12663	3490	15263	2270	8207	13925	18652	2923	4648	17479	4281	1537
19720	16357	11028	3267	4686	79	11837	20094	13389	1896	14235	3857	4637	11117	8517	17989	9561	14659	12353	14416	11906	1287	6615	3787	4612	16366	10765	17840	7789	18515	9307	8500	9837	5248	16263	19203	8068	5907	6536	1518	15780	17033	6855	12623	14139	8511	13153	3509	7152	18095	19080	13731	11707	1054	17416	16042	7374	17541	2242	16937	5732	4622	18440	9005	9967	17679	18945	12634	6698	2718	9581	12537	5750	16417	12718	6019	4017	20151	1920	19093	14381	9139	756	19646	6810	1217	13682	16553	12123	14637	3335	8045	2908	263	4719	16523	10327	15403	15554	12455
17663	12145	14581	13946	8075	18747	4635	7920	3159	11596	11504	18021	3608	341	456	17352	2045	4819	17242	14946	3526	6919	4445	13779	11780	6369	1487	302	11054	18036	16236	16173	10970	19305	5481	784	15084	17064	3205	19162	6406	10757	2692	16292	19137	12720	9298	14451	16307	6733	16152	11771	16267	9139	11062	8613	714	8714	5348	19118	11226	16643	12227	8026	608	11247	7977	10029	10600	4296	7563	9915	17139	1438	82	1768	11850	6098	13772	4088	17054	7193	5768	16264	9412	10203	655	15769	7292	7803	19971	3285	3462	1651	6609	16178	8957	806	204	2447
9328	11280	17428	12532	4916	17245	4521	5781	17381	2722	4238	16374	4792	11741	7949	7080	1983	12847	5487	9247	20069	14271	12496	10871	18391	3187	18228	13265	7698	16952	9456	7436	10045	14848	18283	17473	9299	7807	10026	6577	10873	15314	18381	457	11585	2118	16770	1983	19806	152	17236	16228	13575	7925	10494	4870	18652	14932	18696	3766	4158	11993	15816	11187	17087	4977	19411	3420	13711	8509	15242	6948	1193	3673	12401	9184	2718	4501	12741	17233	9921	13814	10497	4764	2739	20166	931	15401	9677	10417	12034	2193	12590	8460	9325	9266	13105	6313	16443	7221
8281	11972	2748	10638	16246	11635	2632	20144	16072	5279	8234	6552	5261	16191	10034	8403	17981	2689	4334	3405	11857	3242	10491	2643	7532	7050	15228	3530	4064	2644	1953	10376	1185	17966	3819	19047	3215	16866	6251	14730	13155	6094	5706	1718	11512	17597	1318	883	1950	13111	2649	9147	828	2820	13814	10412	12438	8390	688	14120	15331	19859	6102	14003	3875	14644	10947	12309	19945	1150	14768	2774	17733	19200	7686	8682	4125	18377	20156	11097	13214	4482	13729	13698	16476	17788	13525	13817	14767	5009	2156	14159	9947	4001	10910	8747	13152	16309	2275	8883
6020	15221	2094	11573	2443	3220	9387	14713	6972	181	16610	6107	17640	4531	18685	16037	15118	4613	2749	13267	10187	3586	2196	3605	457	1121	9782	15317	15767	8566	11230	16972	16958	1509	15134	9018	6034	16224	11173	4910	9184	14316	16012	7346	1679	6019	15281	5821	20076	15247	2430	3634	18228	13839	15786	39	17037	11833	3723	11561	460	14391	1508	5355	5451	10691	980	18901	5930	13382	11371	11314	5442	9301	17931	18478	13152	7891	17932	9474	18720	2675	596	19495	2060	10121	5028	18232	6313	5252	4238	212	3649	12516	18346	18538	7059	11482	15158	16016
15702	532	19889	8302	17599	13734	10864	10538	14393	13169	3281	2970	13724	13890	9575	13225	9362	5242	19304	5750	659	1459	17168	13652	4706	13483	18398	4184	9243	4359	1152	3945	15037	3977	4539	14363	10339	11321	6192	16920	3377	12742	3770	5438	17420	9280	15875	18409	17317	15667	13111	3710	13215	11821	8320	10127	7099	18236	3499	19222	19964	3355	5530	16042	15771	103	19076	11165	17085	9655	4661	16133	14049	12976	6243	18753	15975	9624	5939	9271	10418	12916	9031	5313	12496	4720	3087	12989	9463	10141	6927	3701	17333	12333	800	104	15764	8722	15547	15234
12015	19225	10971	9493	2001	16882	412	5986	104	16779	19016	8458	164	15279	7020	18321	9579	16910	6623	18037	6985	8198	5483	5782	13648	1526	2793	10227	5843	10507	15438	5677	10809	8856	976	16148	19688	2167	16108	12888	1848	16688	15699	4098	5998	14820	8994	4907	1300	3673	16788	485	13100	14227	13163	4119	12514	8574	6130	10302	10304	7035	16626	2245	19806	19693	14289	4997	5369	4450	18713	6482	4622	11403	4704	7159	13465	11413	8987	19081	7483	9325	19848	2366	3803	5783	144	11882	7943	12166	10547	19095	19228	11113	3935	15942	10045	14951	2708	2368
779	13614	18714	16626	1813	7908	9721	9300	12557	17112	13837	11471	1000	12910	17579	11465	18947	2313	8140	14583	13341	957	9805	19265	3393	9450	15041	9278	365	5584	16830	3548	10097	19877	8379	17459	3723	15899	11060	14485	7675	19552	2150	19307	13454	4879	11270	3254	14508	17266	13099	15523	8476	5271	3851	16429	13849	17604	12067	136	14700	160	19665	12138	11611	9922	12081	7134	16744	9389	4276	11186	14563	7234	12838	11956	19117	15911	20196	10240	19149	3075	1317	15835	15675	16255	6629	5921	11816	7269	8292	18639	5699	12876	3524	15349	10308	7179	63	16835
1318	3597	18249	16082	2827	9422	3636	10047	15416	7025	9655	3911	15652	16073	16998	6595	6718	8474	13392	456	12664	13980	12914	14692	15695	16570	5039	2542	7031	17176	17135	17757	5957	10982	20194	16204	7212	16729	14905	16955	3174	3887	15898	10086	15201	12106	7349	19400	4482	11361	16833	8692	9834	3035	7668	11430	2035	14655	10163	4581	1455	7674	17334	18747	17966	19855	1597	11156	4696	5827	366	14802	6994	17954	13358	17922	18926	11813	19299	6481	16325	17742	6374	11743	124	1283	7869	12377	10500	6019	4418	5457	7050	16360	10447	18500	1430	1299	5995	17236
4292	7100	9450	14319	16735	4692	12246	899	9570	11978	9106	16505	15982	17929	10933	8500	6861	3705	2404	7388	5637	9707	19967	7898	4415	20175	6552	17747	3240	7025	7228	4637	15862	11573	16881	1553	9653	12791	18672	9583	8797	11186	11069	3525	7784	3285	12555	16281	3122	17161	11445	8222	2542	6081	1880	4138	4942	18161	9760	12253	18042	18336	18470	9113	14726	12486	14977	7838	3642	10500	1014	1360	20015	8846	17411	15756	18632	6403	12989	7563	6765	54	7329	18104	5027	873	8043	16981	9200	7727	6471	17110	13532	13207	6128	4579	15320	9752	4706	6096
17972	2752	12030	5349	20196	7180	14564	10127	17999	4806	14345	6575	14977	18574	17160	7438	417	15324	13000	5699	5200	4746	14673	14580	10883	2196	12217	2213	17020	14488	18976	3820	17286	12915	8612	18541	3260	7414	17395	17912	10676	6483	4796	14721	7177	8909	9952	17021	13807	9	1150	6497	7033	12214	19808	13800	13152	7875	8789	16732	10109	13653	13187	16055	10638	3724	14515	5561	4803	11829	12186	3134	16842	9329	902	16667	3594	1597	8200	10084	16061	14808	4670	19400	5117	2229	1750	1378	8890	15569	517	16616	3694	9717	10556	10528	85	17300	3093	3535
4633	15194	17100	16659	960	10875	19123	12052	9915	63	18484	11324	18272	13918	14767	8606	1319	10275	7575	7253	20054	7281	4886	10008	12341	15164	2370	2679	11518	13648	17420	16791	5111	5587	14976	7048	19767	14747	403	5438	20079	8284	8615	18964	5677	6583	16790	13923	11678	8079	4312	16657	8725	12072	8310	18637	6611	5245	17009	3042	528	3878	14315	15150	767	7968	8912	14909	11694	3555	6235	15985	9131	14500	3343	10770	1421	16635	12977	5963	19514	6520	13268	4999	5457	15811	11098	16647	15405	13235	5163	5413	297	3293	224	5692	11177	9169	8342	15097
257	11159	18885	16540	4979	8339	17845	2224	14410	12989	13231	6425	16962	18710	1390	19752	12185	2075	4173	4811	10317	3299	5232	17779	7992	2881	16026	14757	6511	11485	13049	11392	16322	1523	3912	7752	5019	17504	3351	7851	16121	3416	6570	3348	11445	9860	17474	8942	6459	9606	17610	10598	3207	17342	4793	17469	12846	18304	4621	211	16736	14087	12270	4163	10188	49	9077	12159	1553	9736	6316	3954	17277	15851	17481	319	1301	17039	18261	1010	12025	15085	3586	4427	12230	19225	3901	18098	4166	11917	17802	16956	6478	1762	2982	13790	9269	8701	8818	4287
9940	19114	1852	18	10937	11948	20017	4290	1323	13874	18832	2070	16102	7756	161	16794	16851	18232	6847	3816	9769	14781	15752	3404	7900	14542	13843	4578	7926	10196	1690	2120	14456	1885	12164	2468	12879	15392	9340	8679	3642	3003	3229	11401	11089	12247	5921	6791	15008	2839	11846	12026	11399	14963	14708	19989	3647	3629	15958	13168	5306	11882	14792	15626	5167	89	6182	17336	4911	12325	8806	1383	3012	11902	215	11798	8055	19582	10087	2890	18477	8851	18612	13047	20109	10873	14077	863	3587	2536	19010	2897	1684	4052	2693	11299	9282	7297	1135	11117
8461	14780	19051	12801	1616	11980	284	5797	3555	7924	8279	14439	10254	11279	6329	12060	12536	16757	3726	1017	17438	3060	11248	7900	14618	8315	11289	7483	14730	17217	19908	2846	5043	3866	16903	5426	15008	8268	17265	2803	4503	953	17528	19724	6489	460	18764	17383	4822	16700	13287	2190	19452	4473	661	15647	3669	19498	10338	11329	12280	12826	12366	19372	11416	3728	18537	19876	4648	10451	4136	20041	18640	427	8655	12176	6202	17949	2247	6394	11598	11317	16067	18541	9831	17520	15087	12253	10565	16143	17183	9899	10687	16237	8147	2470	15023	10733	5359	14634
13806	12523	16221	11182	10611	6463	13863	6497	8154	11452	11065	8460	5078	493	11213	10688	18604	19223	9856	5105	14745	336	13987	11754	8957	10785	9536	14515	6887	12108	16166	3891	3076	10332	14061	659	6784	12384	94	13930	18860	3825	16282	186	5511	1469	494	3667	18842	120	16311	16079	19380	102	17608	11627	11870	16819	1021	10409	18534	9360	9587	5663	17935	534	9009	6469	7664	8017	11385	3940	1941	3944	15036	12819	353	10483	10813	11204	18964	9406	17536	7067	19627	6940	16860	12609	15114	18189	19730	19453	3164	218	15121	10353	4650	5242	79	7313
18979	19309	18612	6809	10425	12209	2650	972	11846	18501	1811	8381	8233	13521	9661	10007	12705	17163	5027	16218	1534	6777	9461	5145	8028	6065	3041	11785	4914	8753	2592	15201	15621	17432	16731	10677	15145	12617	12980	15500	17971	15787	317	11710	16270	3802	15198	11513	211	9473	223	13254	11704	6040	18224	16213	13719	2806	12716	15875	3992	19852	13470	10725	13896	15131	5913	17329	6238	137	9261	17954	11870	958	13309	3645	19128	10770	1291	14764	16183	17330	15931	2046	13455	15149	19326	12716	10509	2222	733	13681	5701	17160	1506	5594	13583	8417	8451	3232
968	3468	1103	11555	3130	13741	14306	7642	2478	1656	1946	8599	3278	1687	3591	9820	446	3778	15911	5472	12739	9820	313	6496	2441	924	16195	16695	675	6873	1768	13116	3967	13154	4591	19854	9486	16956	10804	9768	12417	11173	8015	13102	7999	10590	12010	12223	14642	1690	7014	14210	10371	13508	124	6456	661	16790	14079	20007	17335	15142	16627	3035	1677	17641	14815	17040	16609	3185	8304	15094	14615	1311	7170	15698	3010	17597	9857	4478	7943	12036	10024	5454	12642	14293	9389	17828	19903	1691	9908	13684	19264	20198	6316	18448	15153	8336	16343	1350
12010	2762	19887	10637	8962	15654	20137	6430	6127	1302	17288	18470	4883	4468	5946	8207	10040	6762	18282	16168	10300	9172	8112	17659	12946	13152	10004	7588	3887	345	4822	5508	16847	5094	6942	17085	12962	13519	646	12005	14271	7920	9189	6435	4806	19073	7319	8836	8720	7182	5371	9388	19712	19766	7289	2465	5554	19329	19064	252	17151	2657	5610	3667	9380	13777	12758	11787	16615	16922	7041	15765	8159	11308	10108	2009	5984	10853	11390	4150	19074	16115	15764	12465	12059	9152	8651	19989	11041	13002	6489	9262	4005	11398	4573	15103	15750	3339	5943	2723
17872	5242	17162	13850	15280	600	18637	2425	15444	16732	77	370	6425	7289	6216	14895	7581	16896	2160	11910	7622	5492	19720	6794	11110	14406	5768	14440	6878	20029	5307	6251	10314	17486	15916	5030	18572	18903	10622	7971	18121	8572	16354	19969	9691	12890	16028	15682	2960	9271	11843	14787	3572	17911	12048	16938	4125	2988	6753	3409	8643	19164	10223	19538	15259	4107	18241	16094	8329	9301	7298	8027	1290	1778	7576	7277	19638	14452	8992	12623	10022	11528	19577	13647	11762	11003	14182	18472	10842	715	18531	5570	17798	11703	3929	3407	14092	1173	2998	8241
14716	4684	2232	6363	199	2465	11101	7419	12430	552	12710	5677	18563	16427	15759	13543	4983	14928	18541	3132	9397	17164	12129	7826	4665	10645	3125	2286	5105	16388	3178	6108	13927	3030	18629	4275	849	2375	5526	5906	17532	17683	10471	2355	3761	18016	13479	2155	10474	18186	15802	1725	16357	7299	13398	10470	12990	9464	11664	14927	156	1637	5587	633	4810	15577	7778	8121	9617	823	14139	11821	17679	8651	4790	16847	7901	8266	17254	2773	13841	16615	5028	19335	7080	13990	15901	1169	15685	7655	8179	19257	9874	18953	18297	5200	16045	13125	5472	19287
3220	7736	18768	17740	20011	9641	3575	6312	5898	1901	15632	1323	8671	6458	19911	4107	910	16228	10396	14811	12145	15493	15709	4932	9179	15588	318	7682	14688	10903	6165	2979	8358	1241	12733	17615	17852	19093	7446	16515	7311	7318	16552	5375	1511	8112	8514	3262	14788	15803	10818	14564	12720	19534	19688	8823	1762	8940	15544	19028	10221	10468	16168	20097	16343	13852	6467	98	16440	6822	2802	11833	13519	7659	7910	11604	8773	1278	16692	7275	15677	8651	2334	4004	5074	3761	12487	19785	7373	3312	19240	10357	20045	694	13375	10842	8944	5018	11948	7788
7353	20170	15194	8331	6686	8151	10761	9538	10698	14041	3427	15365	1395	4191	17845	3678	1131	15493	8249	9973	8541	5676	12916	4878	5034	16265	8990	7727	14631	9421	9459	8791	5774	11466	12230	8870	16728	13599	10241	4020	6481	12578	12188	10697	16890	12342	6673	6955	9096	14986	8110	7989	13534	13542	14692	18033	4348	16713	3509	16107	1508	18316	6864	1099	6967	15481	2287	10591	2520	3683	16168	11581	12919	9499	2216	9516	11956	9026	2667	12632	6008	3962	8592	13504	4300	4773	3553	2605	4541	7145	12054	17919	10293	267	14593	9686	3989	5436	5101	18765
10291	4531	11624	16173	7986	15097	19048	6465	6050	19934	11047	12661	5886	9597	13468	9083	18592	15032	1906	5309	18866	3228	16483	3970	6992	10121	3723	8778	7784	2123	19825	9017	6390	7277	15235	11834	2537	20000	1606	4299	983	11987	9050	4527	2780	9971	446	5725	8577	8704	19265	10840	10008	13187	10881	9386	18235	8193	7197	18334	4650	17012	7466	19761	4752	4027	4572	13927	4388	1573	5429	15937	11551	18735	12751	13902	19321	7912	19286	20013	9001	15184	14976	14555	7000	1865	2515	4350	6274	14347	8693	17620	12257	11983	3791	14756	11980	3853	4436	9582
16760	13831	2433	14293	12545	19312	13254	12930	15181	9457	991	6116	12743	13809	12255	5331	8499	10695	15151	12687	10869	19726	8077	12288	3255	10113	1419	4354	16955	13365	9899	3668	17569	2682	11394	17178	2960	1650	6783	7255	19223	940	4564	5949	7632	14980	206	2693	19598	9617	15060	11203	13376	19084	2102	7999	14301	14533	2752	1122	2752	7694	5891	1391	14773	60	6033	16914	19064	17241	16725	15882	14921	2805	1309	5069	16812	1407	1847	15757	12189	14783	17272	12584	15403	2956	17931	3619	3534	15202	6875	5016	5989	16426	5384	17656	11918	16324	7651	16626
17516	1793	19431	10457	15305	11973	13335	937	10279	6312	644	12324	20021	2150	9401	3822	7045	3444	12499	9203	8955	2298	779	6910	7213	1958	733	8871	13581	11976	13519	8724	9387	1456	9079	7408	19211	14319	12085	14823	17455	2439	3617	2203	14272	3813	6624	12888	969	11835	19019	15502	9047	11678	4269	3539	8158	10004	7329	5037	13550	95	11213	17430	17042	14232	6203	7830	7668	558	9005	3205	13974	3205	12807	13622	17882	10887	15585	17074	14651	17443	9135	4901	13319	16922	15428	5000	16175	14721	19636	2347	5764	14727	5380	15109	836	10367	7570	9731
17871	2955	3783	9058	17973	17527	16673	3719	17723	1601	7155	11117	14095	3500	5768	13316	17688	13135	9538	11459	6373	6231	19276	16213	10040	20174	3787	2477	1892	10491	7758	17251	7452	4110	16872	16802	5083	2056	4645	4160	8563	16018	1773	5669	290	9677	12300	134	3636	9721	1283	6696	15985	17525	1194	10300	13850	7763	14102	5359	14887	40	17665	6099	11262	13110	19324	8134	16472	18362	11141	13734	10253	17696	14648	8890	443	19350	8115	8400	704	15270	9586	5530	13728	11225	5902	923	3735	17871	19224	13287	14614	11823	2682	10044	3172	18730	12245	6458
10879	3913	17651	18959	10302	13557	3294	11600	1359	19677	15677	4533	1644	17163	15897	1687	18922	5711	15568	16106	12253	32	18379	20196	9582	3776	5365	1042	18590	1157	15327	10040	18987	8349	6128	16998	7527	8899	17042	10007	208	3435	4083	2079	17162	9646	18329	13885	2089	6775	18987	7438	12076	3355	14545	9562	3162	19566	19141	8223	15008	13753	14912	14810	20092	11371	4643	286	773	15913	4586	6790	9204	17548	19482	6955	6742	2994	6588	4885	15331	17474	16240	16667	8609	18014	13012	3036	3004	3339	6475	9213	18628	9233	18813	4138	20167	12190	10413	13981
9852	19796	16667	5929	1017	178	5496	13114	3180	2506	11355	18129	19609	8343	3363	6285	9425	8810	6793	6925	5364	17564	128	9463	17564	11436	8369	7690	1949	17354	13463	17385	13675	17375	2677	17308	5704	6316	11569	12390	13203	2986	6403	17721	5507	8356	15381	10157	10491	4380	9664	17833	7413	14718	16572	4091	18889	4453	17964	5823	14227	15700	8345	9301	4503	7672	16018	2451	6496	4633	15549	7123	13045	13615	2621	13777	14772	130	6448	1352	6906	952	2682	16889	5057	1714	8145	7196	16236	1243	11299	3076	14742	3262	18605	4095	13815	12660	3070	6214
1760	12207	16152	11596	17780	18774	10843	7417	4334	10142	5286	10868	11550	3293	4534	6651	6019	12486	5694	3399	19713	14811	6873	3026	19950	18328	19306	8838	19670	4793	1637	7611	2793	14810	10837	11366	11522	14297	11635	4919	10088	4339	8531	15786	2232	16670	15969	19871	13729	18211	3610	4533	3644	13894	9230	13486	14579	15255	10923	15983	2574	14119	2024	8442	10517	1135	13692	15078	6402	16283	19883	6919	17912	8899	6846	10990	4561	10344	751	18492	6209	3515	5581	395	13275	17659	860	16382	11121	19784	6321	7082	8038	1182	495	8086	9346	12381	7284	6421
8011	15585	8883	12862	16241	11536	18917	15140	7408	8018	2767	9173	5470	18070	12594	5623	8263	11922	10791	14357	16007	7345	17075	10437	15950	336	7696	15768	4742	3926	20191	14871	9415	8296	16780	9276	10240	11286	7968	4755	1867	16306	6027	15984	3325	14340	15217	7419	11256	8486	10385	19684	15719	7752	12276	14351	8442	1089	17569	11377	7949	16274	12558	8036	14978	9852	18032	8171	14785	5426	18036	13002	17242	1246	12174	17313	6520	7130	19443	6918	2379	16828	19533	19380	15616	20051	10637	16963	8427	5792	15635	8172	17125	410	11990	1105	17529	18972	4091	2316
1463	2146	15244	4263	6414	16396	8205	4829	3232	295	15717	16598	7017	777	15836	1202	18325	3640	11062	3393	9541	9054	3214	8627	18656	11843	13144	4791	13332	19218	6906	14336	7501	6459	4808	17053	1557	569	15632	2835	10734	2911	4939	1830	79	13084	2193	7369	7048	8535	19544	3568	11505	7838	4738	4087	16413	10120	1309	12655	6217	9892	7442	3899	15753	6592	14890	14031	14370	20164	144	7703	10922	4718	9760	13023	140	13433	483	16586	3400	9718	12434	16101	19062	5697	1867	4082	680	18030	12879	10182	12464	3195	14682	11644	7589	11046	17981	17138
14488	19306	19368	14227	8243	12590	1645	7075	6278	9243	6786	5309	13971	10543	6667	6500	2680	1217	5016	18565	2897	2693	170	4269	14540	7586	3535	8923	10535	3105	2245	14529	1515	7830	10556	12487	6179	10537	15887	7487	19022	13621	8330	11101	8883	3493	4606	5499	5797	9369	11912	3656	939	6371	6274	14863	12204	18494	12244	15480	1901	9966	9875	15331	13027	2787	7846	6390	6065	13631	4626	2279	13137	6548	6238	12507	17489	4810	16360	15156	10784	5551	5912	1462	8939	12257	2313	10047	122	7259	3365	4660	12251	11047	12532	10274	2425	34	12545	2520
8464	10938	13417	6810	14449	19118	16203	6641	7536	14665	1155	10878	20045	2293	10809	14742	14109	1893	9064	5913	10512	10883	15563	7538	18442	4932	6337	11047	3737	15547	9176	8753	14430	2134	9200	4637	16469	17636	11608	18062	4987	6594	19797	5169	1969	13766	19902	15368	16944	18445	17636	19320	13782	3639	13063	8127	13479	13440	12337	10740	12758	3439	3269	17255	609	10786	12363	2134	9597	5022	9382	15983	5825	12305	16402	8166	18807	1894	6484	17529	18091	10454	17754	2229	18446	14299	6093	12185	2473	14066	20172	3039	5921	13406	5543	11957	15212	13719	9088	9157
9202	14007	18468	2621	6971	10829	7251	1056	18437	16946	12420	15815	6263	17263	19434	11358	10950	922	11770	19934	11971	3965	17930	6117	17931	7572	12346	18505	5702	19505	5930	3597	8145	2984	8698	18294	6489	15331	13946	933	1064	2213	3960	18880	10718	6279	3931	13060	15684	964	5887	5472	15493	4564	6842	18776	10837	7493	17654	1971	19222	17939	4717	16327	1132	15926	13379	20134	9300	8504	10174	18740	18933	19861	6248	10774	19967	15221	5775	13924	7006	3933	13851	18039	3105	4263	5564	9618	905	16522	3634	3575	135	17715	7846	47	17352	19706	2830	16469
14077	14406	18500	5433	13244	8862	7589	11511	1737	5305	2702	18294	6584	11232	8432	17882	18317	10077	13247	13525	3539	13802	3291	3373	1083	5880	8836	15181	4458	20177	3922	10285	5830	2446	2664	3159	15876	1763	18505	15264	14731	7616	10798	14289	15137	3735	12026	12626	343	3643	7778	14967	17620	8070	4801	12735	6028	15438	4936	17112	1020	1432	9576	19176	8572	7980	9725	1246	2687	1766	240	16113	7547	12438	16079	19076	18093	15843	2167	1837	18261	12543	9962	9254	12734	5627	19921	12353	5554	9142	5383	10841	5151	17141	8243	18467	9539	1224	2652	18144
11508	7109	4149	7561	3061	17431	14933	12021	10343	1155	9412	3530	13483	5767	18923	13936	15112	3365	11539	7122	5569	4340	9602	1645	14054	17344	19583	4437	16383	3803	19330	12434	14971	590	1600	11950	9802	773	13738	765	17889	12170	7925	12441	9862	5307	3045	2548	2105	8859	19375	16545	8882	19222	6771	13171	19629	19533	5584	11678	10651	6928	8907	11816	1684	3350	306	11542	12925	6373	4137	10431	15717	3940	5981	11401	745	3836	12452	19912	2447	1389	2012	8189	14266	11957	17374	2689	7273	149	5201	19139	19503	3869	16178	4001	13210	2024	2677	2259
17862	9134	3322	18392	15667	6948	16785	16316	6896	8891	13661	19039	5680	7762	4773	15320	8789	13855	8239	2297	2209	7056	15071	14022	17844	5724	17300	12034	7723	3547	5969	18552	321	17740	16291	125	18189	7869	17753	11047	10747	12381	16229	15037	12529	10687	2717	19304	8882	11810	4109	4003	7118	19458	1372	12862	5347	7555	5090	20050	14500	8631	11857	901	869	11676	3633	7747	13917	9202	1996	5803	6412	13268	15732	1189	16177	8976	14129	1712	3337	18111	3913	12119	11292	2244	9410	17317	3758	6145	6115	8464	1466	14121	3689	17450	16628	4153	15096	3802
12736	6639	19179	8371	9081	16255	12055	2297	11300	1287	2408	9707	5163	7612	19900	552	1656	3008	17051	11443	636	9067	2368	14292	5759	9005	17769	15069	11105	3078	12209	6352	16773	7318	1975	17086	14632	8326	9069	15560	342	18964	3039	4073	2710	5877	17550	2834	417	13284	19357	6618	11225	15520	2314	12808	14449	10885	9841	10157	4086	8502	1111	7561	16856	2679	1241	5326	2447	10622	15329	8603	10592	8147	17410	11796	17333	12925	1403	6750	4599	2796	6565	8788	19686	198	15358	12901	15505	6018	1880	14499	1131	8472	13550	13029	6943	4619	17437	8044
18185	18586	7908	502	18539	7281	8785	9398	20020	2974	15060	13566	18090	11351	2871	16620	16790	1360	8086	12451	17432	11334	870	644	5669	10994	345	3184	7180	122	18298	3023	17563	11826	2374	6772	18794	9035	20107	353	17527	3217	12304	15802	6695	11699	1992	11596	13447	2575	5969	13365	410	1678	17126	11805	4750	14052	14980	16923	1662	9802	52	2689	11482	11396	10179	3878	15870	10952	11569	1887	1458	6909	16270	13010	19593	7010	16378	1979	5581	5657	17296	18731	4649	9662	13873	789	3344	7864	8142	9629	4804	10074	6632	16697	4474	9671	19154	203
12976	269	14326	7840	6468	18685	2795	15377	13362	13819	11332	2917	19162	8017	9704	4056	11430	2171	6968	17981	14182	17919	13614	9446	8045	10995	17536	3685	7199	5319	19509	6463	16631	20056	4747	19317	14779	15510	19207	7356	14369	13935	15950	1092	9014	11390	18548	13546	14905	6020	2969	3653	5891	2501	5131	2488	1037	4253	7677	14365	18987	16699	18824	8680	18533	4378	16366	8651	4021	15168	7897	20152	7534	11371	3682	2761	7826	9189	19358	1666	1055	5917	19917	4276	19500	17322	18374	14071	7311	2701	8107	9763	13215	11879	9166	15064	15845	3970	5676	1645
10511	6426	1089	12328	16955	902	1337	16360	18552	15976	1556	7660	18297	9157	16853	4006	1441	17683	1063	4562	4243	18346	993	1082	18860	1007	10652	12812	7948	12305	7094	13930	7175	2221	4485	5512	11358	5686	14998	6281	14513	8349	2356	9601	19671	10541	19095	7772	20119	4800	13227	399	4485	1615	9418	1160	7738	12986	13140	15540	10296	9316	10020	17129	262	8127	15939	11504	12672	582	894	18316	17986	8249	4188	12708	733	15898	16324	2553	9151	10596	5929	18171	10810	14959	9893	12708	3018	3421	2542	15235	12241	2394	2284	17138	9694	19333	8480	11244
2909	10443	99	9597	15076	9973	2045	15487	2406	12152	4625	2190	9951	12120	15129	11512	2118	17286	19649	8989	19915	7956	11395	16574	3417	5697	6475	16428	17402	6802	4592	15626	11537	4386	7926	17358	13235	10959	7924	6719	4816	14264	11574	5856	19300	6623	13171	5180	2931	4554	636	15975	16106	2768	15645	858	9379	11028	8872	3762	19714	9536	17115	11058	4942	5868	2574	5441	9173	4022	18741	13371	1932	11396	18945	15206	5432	2580	8137	6919	15676	15985	1419	164	2253	9362	12209	19084	8104	17448	1328	5421	2244	582	4060	555	13881	13999	17840	3572
16256	19666	17392	15389	17567	7633	4633	17989	8736	12922	15959	13380	5116	5850	9219	18934	16295	4635	8575	10715	8709	10068	11677	18817	9662	1738	12807	6047	13167	1044	10923	12823	11885	305	11070	3509	11622	13496	17518	12944	3969	10961	6047	4066	9767	9905	879	11622	9626	6030	18923	12265	2763	18931	10439	19822	4083	20074	13392	9881	15498	10601	18808	4829	11583	12005	3335	10204	5581	6202	6448	9078	1049	13586	16018	5839	17496	5134	19308	12481	18222	100	3943	12070	18459	15327	5239	13163	6004	3486	6964	2594	2069	1785	1020	2870	8716	429	10233	2484
1250	3075	14611	14315	2548	12417	20101	12250	14266	484	430	3928	7705	15753	2073	14617	400	18143	5982	15245	16166	18902	18958	19314	809	1852	12366	8048	317	9593	9617	1083	12433	6751	2774	1625	4088	9001	8444	12561	12527	14734	14639	9394	13010	17547	16963	16072	1387	3587	6323	7979	20192	4277	9021	10674	2068	89	1976	7056	13846	19005	17451	17054	10551	7976	3677	263	4695	1114	18390	478	299	3756	4832	3549	344	12760	5265	19369	16112	10003	16221	5611	11665	18432	7358	2779	6849	16050	7066	10611	18884	14411	13790	14648	9233	7642	8043	15409
20017	13135	5107	2591	9240	11269	13538	5021	6870	8819	3808	10779	4592	17771	4614	4183	16608	16491	18300	19120	16263	5291	2316	2123	12617	13043	5234	650	8782	17150	7718	10891	11010	2948	19883	5528	13614	15046	4300	9433	1275	19820	7180	18498	16393	14151	2936	17078	5349	12545	19263	19964	8396	8613	19516	1037	5307	13728	16206	15150	9716	8405	18707	18042	6404	3308	5114	10764	12320	18314	8272	11254	15599	11190	190	5295	11062	12320	14816	17541	470	13668	11910	14227	2948	20021	5057	1779	14519	18467	9380	10976	8379	6949	11938	18379	7021	13874	1198	18177
13254	1467	13525	7130	3644	7251	6469	1498	19107	18646	13347	504	3472	8331	4305	13717	18274	5457	13646	4138	16713	9093	17896	137	10569	15745	18160	1449	3484	7066	10614	239	5810	11390	2073	19676	3482	243	3779	16730	6458	6082	16848	13657	19761	8471	6773	14177	8843	18725	15995	10339	7168	493	8464	15194	12465	621	4815	19861	2349	17416	5764	13682	8204	15975	12697	10792	1417	11136	15727	834	11260	3804	10545	4751	6559	11144	12544	15235	10744	943	9169	3758	18869	6900	12332	9351	6220	19372	18188	11805	5211	4645	3796	2611	4161	8502	488	2281
16830	9296	3087	13364	19671	871	19784	18143	18409	4900	7672	8116	5433	10107	5627	1010	9189	15140	16226	12210	14579	18442	8350	19651	13065	10387	5283	299	1622	13397	6904	14993	4123	4075	11051	18672	18005	9914	9903	1838	5432	9604	10950	8081	5217	4196	4264	9925	4829	14369	335	14913	7402	5521	17852	9921	13072	13615	855	15774	9064	6713	9441	7508	5394	10540	14043	7203	6101	1606	439	10871	11209	5071	6715	14966	2222	15790	18161	13494	17818	203	9915	1121	5013	11530	964	3228	2213	18214	10695	8575	13623	13146	6456	1021	6603	18731	4817	18346
7603	17590	9178	5003	2850	19125	13840	3798	15261	1315	13624	6910	7269	16642	8367	17855	4466	11590	7538	10519	14159	2458	12527	15919	18842	8948	6596	855	3701	8409	204	18427	2187	1809	14849	13432	9213	7134	18425	12305	18453	9402	9164	8654	17082	10109	4988	8410	10719	11055	17785	4661	7436	2050	18499	5399	15498	17159	11794	3857	1987	14573	9515	4695	7929	12328	16682	15192	18499	15312	7367	16326	3587	16165	7282	2613	8112	14410	13782	5267	11932	18246	14092	525	19932	11333	11161	14019	16649	11179	13114	16028	735	5930	8693	12974	15790	14846	1882	3539
4049	19787	18365	8123	10538	9287	6856	19838	10482	19806	2490	15504	18189	1607	15457	9517	4723	17421	19472	7741	9641	14938	9258	13127	17217	199	8045	4753	18019	13243	13539	10587	16125	8291	4785	10257	8265	18763	5977	17553	18474	2080	10179	13104	4781	9587	2994	17724	4614	3723	12925	15852	5709	17660	9854	7150	17402	18607	7442	18396	7167	4784	15982	9415	4725	12501	3849	17776	10141	8983	15834	11687	10994	4987	4933	17689	7925	9530	15589	10826	3853	1621	9728	2260	5494	18442	8859	16284	14771	3784	11040	2000	1762	4823	18618	16548	9119	18322	5533	14439
3170	7738	5182	14545	317	2488	4347	3262	16613	12998	16894	3885	8012	2970	12578	1530	116	17560	7968	7788	10020	12244	19140	10924	12146	4411	7534	8766	5038	8016	4867	8693	19394	15592	13386	3746	12518	3430	14369	3519	403	15173	15262	7881	15082	8140	11186	16515	19921	5300	15922	8425	13013	1601	4150	14470	3771	19689	82	14227	1307	7478	14108	2082	6756	17490	19104	4199	11583	13281	680	15513	1437	13046	12827	6366	8889	14297	2783	6264	3271	2880	8474	16254	19554	8134	14631	1704	8193	18703	11140	16169	16540	7515	1438	10253	2867	6709	4868	13865
11323	6019	11370	10219	19617	12120	14568	958	1496	13216	14068	13314	8770	9461	1215	810	6932	7547	16695	12963	5240	6514	525	16649	5483	12154	8861	19749	730	4277	7876	7393	7555	13361	4370	8917	20018	11682	9662	14206	9307	11561	1607	2830	160	7000	2432	978	16649	10634	17441	13455	6131	427	8770	11150	18304	13976	7723	19921	15277	13585	13883	17099	19950	8870	6998	7729	3059	9242	3001	18238	3062	15212	17296	19368	3623	10676	16173	10285	4036	13005	3285	19280	16406	8291	9491	2550	13679	16505	14588	2489	16123	18679	20150	10345	13153	482	2612	8158
13262	3846	17416	1166	5519	19992	2129	6234	7791	7167	15878	4470	5969	2713	2542	15273	6795	17398	8571	9559	18244	16307	4306	12008	4773	12443	10744	6446	8494	15895	1406	16598	2630	19912	10806	13744	3648	8720	15748	13362	15637	7634	8925	13216	4257	235	4812	5570	587	19557	2477	15141	4810	14623	10012	13413	8004	9234	13024	279	17564	8151	5717	8919	4702	1630	8766	18235	12814	9817	14977	11975	12530	347	4397	888	1169	20133	13288	18470	12657	14858	3483	2761	9041	2240	19184	17607	6039	11495	17252	6743	9853	6009	1816	19536	6559	7931	4392	19264
8654	3072	2642	18646	11326	14334	11228	712	13781	4759	1173	18442	14050	1559	12188	14714	4329	5114	6231	1124	14430	4831	20017	12823	17542	1292	18131	12396	12673	2200	19527	4678	14618	11627	18437	12720	3365	7885	16690	8456	4143	334	3510	17262	4473	6050	16254	12849	2759	14847	4791	3859	10956	8569	18474	16292	14635	17812	18447	14863	16150	13336	4036	10278	4073	5070	12496	16274	14323	5843	9838	4875	6733	17855	5633	5280	7625	2289	17531	130	13807	4046	4796	8652	19086	19374	11058	6916	2159	15650	16666	59	5849	589	12923	1002	18796	10427	12974	7478
6784	12876	2604	2923	6914	18408	15687	6869	16018	2297	12126	18770	18319	3094	5116	13701	1183	12674	16703	15493	41	17423	1694	1849	18702	13621	7406	12562	6470	8531	19752	17495	11611	11871	3257	958	1449	5910	6295	12121	9345	9448	973	16071	2289	16274	12861	9894	16567	18705	5621	12255	18781	18318	4969	11794	17794	7460	19104	9269	3776	16362	179	5373	11681	1806	11763	9903	13622	1052	19463	10582	18702	1839	15261	11346	17832	18300	6762	8651	19729	15639	2861	194	18699	14572	5546	5172	4109	8538	6077	14977	17639	8993	1677	7354	9749	4970	13622	11199
2945	4365	3026	4966	18875	1719	19977	12318	1996	2834	17530	13526	18438	5361	2213	3833	8272	7347	3507	15684	11555	10450	18087	18683	17758	8935	3669	4289	211	4397	788	16653	14363	16975	6331	17076	19071	5186	13008	18248	14643	18824	15687	14961	2451	7649	4901	11342	14921	18157	2730	10333	9958	5525	14276	2507	13304	1547	19596	11414	15961	17613	18273	7592	333	16460	14185	17649	5955	18034	18447	10737	3905	8471	13228	5309	7307	7729	2027	6975	20137	8631	2021	15010	8114	14049	6940	5880	13976	13903	154	5425	16961	8921	4315	1777	2917	2005	7612	19473
20048	3343	5620	20144	5015	18702	13807	10273	14369	9687	10077	3130	16955	5643	14301	18273	19850	9515	3309	15151	4233	15484	11625	10516	20091	13287	10356	3618	12435	11150	13851	5172	15979	14614	1180	17323	1845	6053	11997	1431	14551	8116	18751	18388	10981	20014	7605	19192	5528	14642	10634	17751	4709	5529	16150	1549	18573	2562	6215	11969	9747	3126	5426	10121	11812	11360	17784	3818	15816	6511	8858	2808	5591	7299	10175	20144	13404	159	11438	5338	1421	12112	7585	8259	12545	16042	14355	1694	17760	15261	3887	2408	9854	19575	16572	9030	3047	3819	10746	11361
19937	8211	6120	5963	3269	828	16620	2442	2183	14168	10241	728	9561	507	7820	17078	1901	4173	6981	18705	5328	11048	15897	4228	6456	4920	17217	18101	9306	5613	10697	7910	16602	12160	8892	7851	12058	6458	5231	18131	18458	144	6208	15039	4259	14258	11600	6713	1749	1994	5124	18679	19666	15597	1021	19997	19721	419	5786	4018	8761	5538	18825	12685	2384	10615	8233	12963	19807	13011	6671	9168	11246	6821	3393	7795	2501	6743	2205	3799	953	7259	19712	3901	18276	4634	15632	5028	18987	1737	19342	17553	9802	15046	19889	6249	6669	7885	4544	19023
6639	19261	12694	13566	14852	2670	3400	1322	12139	4250	3467	16224	7875	17830	3132	17919	1497	13023	8879	19113	2284	13653	3667	15041	14416	2913	13187	10952	9623	9554	10463	5330	13544	2495	17864	9447	16299	7820	1146	10667	5279	1213	5141	6713	16216	14723	11822	12122	16073	3404	13281	13526	8349	13518	5375	13912	2311	18014	15665	16755	14564	10395	9748	15336	14637	13883	17740	14540	11163	312	7874	6925	15253	2749	8140	19133	7540	17265	16045	2646	12326	9767	12207	1287	19743	3365	4486	10208	19497	8707	822	11885	4423	12982	6034	1578	10507	4999	18466	4667
8456	16228	8302	668	14658	15842	17881	10983	12969	3385	3764	18904	2150	6461	7665	4613	10210	15149	8008	8317	4452	16186	7531	7107	5897	17587	10187	15745	1553	6859	6704	19451	5561	2038	18972	13526	16657	20190	3258	6783	19536	15503	3381	13241	15059	14892	4135	746	14096	16169	5600	343	1779	5151	16816	13167	9491	862	2035	509	7299	16117	17673	11405	4868	18163	15166	35	6992	6332	8349	19495	14927	8934	5394	9943	2680	8015	15592	12891	2233	9179	3696	141	1009	13806	18249	517	18304	9577	2081	4269	13078	19545	7242	5786	15514	14463	5756	18860
12498	8499	17821	17830	2990	2283	19307	4989	19503	14220	19125	17245	13907	10459	17075	19718	6555	19859	19059	12090	4204	619	1810	12727	580	5323	15687	11691	4894	18202	9522	1236	11906	7935	16962	2374	14881	18875	19130	8789	19071	9160	19359	12478	15421	19664	8909	13971	18783	12015	11845	16407	1591	10796	16127	20015	12586	2811	14095	11505	6371	10892	9838	12644	2520	3832	3788	2531	6285	7065	12529	13817	602	8069	2960	4027	4793	12435	10206	18112	5182	11882	4496	12864	13747	12310	40	7917	526	2797	4722	13476	11753	13427	11410	19525	5324	11398	8935	1355
18440	9504	2209	6243	1896	7839	14883	18874	954	19263	9374	16145	1323	13464	8460	9015	13527	7419	16281	9014	224	12953	6058	18032	18235	17635	481	12743	10516	19719	4407	12497	15717	15181	70	7357	17277	6963	5949	16781	15332	11526	11770	2617	5339	9556	7758	2504	11810	15898	16617	442	3728	13024	14496	13103	10162	817	20073	5390	4564	1288	19434	7223	17074	14369	4230	10842	17255	17385	2241	2817	10631	14456	13500	12435	9404	8500	7601	3389	10260	6557	13777	5242	15162	18840	961	2546	8369	13716	19445	8922	15928	17101	12876	1037	14701	9221	4005	4143
17886	8112	5304	3165	11743	17126	17161	17154	17012	19808	5346	7348	6039	9904	3678	8760	6713	12053	1013	15212	11795	12206	12848	5953	1007	11247	10516	11267	4916	11725	6969	9925	1460	16425	19405	5676	6772	8390	5373	13729	6208	2817	8745	9227	3881	2640	6923	12925	2056	12464	15629	19535	10875	18310	9130	16957	10633	8446	19576	9915	17068	17771	1275	7319	17445	13907	2710	2053	10212	12896	13906	1195	13948	12803	7048	15693	16869	9950	17812	8654	2994	16934	13595	13171	2821	1663	1278	17396	17297	2472	2556	19663	14057	777	4812	18750	8454	14768	14770	18979
16402	13392	10860	14785	13159	6994	20206	17641	9210	17694	3156	7003	16148	15750	4011	17260	7332	4680	16100	12533	19431	1021	3946	2070	3604	704	2082	1402	19756	12782	5390	13154	19038	4915	14807	9406	2341	12853	13050	12204	2070	8362	14185	5420	18200	8295	4979	18526	11988	1021	6695	19469	1362	9227	13896	13311	5704	3801	19375	1831	2213	808	15629	16248	781	6009	14394	4292	19670	16800	17191	15577	3793	7535	16801	15836	1658	1770	12467	10945	13070	5956	15873	3788	13711	18650	17183	20108	12206	19657	3428	13348	15069	2014	18962	11988	677	10931	527	815
2408	10911	41	15980	2576	9874	16254	15714	14681	4884	74	15870	17217	14211	113	553	17747	9902	15271	6580	9113	16597	14933	338	5288	4861	3095	7041	8131	8967	6339	17674	9346	3642	8999	16708	10944	11329	19119	5935	10075	7436	6022	2531	11306	8365	1865	5868	17804	10786	18212	12458	10816	5289	1275	14462	5830	19815	16780	3566	18922	1679	12053	7736	5197	9991	10981	19902	15636	19834	8577	14084	5769	18500	13464	15574	14524	2381	19922	8285	13597	4453	3644	1352	7010	16496	7217	15507	17425	17457	12288	16142	10657	11456	17257	15236	721	5938	2858	8196
16640	6430	15663	12827	17249	15008	1150	6746	17783	11796	3349	15849	11385	18959	11902	2478	9227	7388	16574	19172	11754	15037	16552	4832	4835	18930	18615	7550	7643	18968	12458	17747	11061	10302	2042	1781	9928	1684	4753	14225	49	18534	8645	10396	1418	5233	696	2323	4759	18235	3915	4269	15331	855	11456	18232	13935	13795	17878	13169	6448	13417	4832	18311	11922	4489	12441	5459	12384	13388	11292	4108	14364	16105	13351	19219	14340	2856	18446	14229	19168	4137	19140	20039	14177	18959	7559	4539	2967	8523	18624	8356	13492	2735	12871	3103	18858	16462	2182	20191
14907	3847	469	11314	7897	3791	1815	6615	15160	9119	19074	19537	16018	19158	12070	5289	9918	13143	8819	6597	3062	212	2034	16321	8644	2571	16626	17561	11314	1011	14544	5829	8530	16872	10120	3820	17832	1276	2011	9796	552	2582	13925	6759	5654	18675	15750	15473	5018	11400	6365	3099	16190	15835	19208	17890	12138	15537	17159	17450	6031	4792	2894	14232	3261	10205	17570	8201	11711	16043	13518	1243	3800	13984	2786	9850	17433	8894	5180	6759	6908	3976	7367	1389	20162	3603	17702	1682	17961	7373	9747	10667	13260	15957	9691	7575	17886	3400	7671	19766
10899	4599	3629	6373	10818	1661	19742	19322	17030	3062	5942	13494	18096	20156	11093	19683	8269	10174	9555	7081	313	14756	8899	10319	11794	13749	18918	17264	61	6787	11718	3792	16930	1023	1293	19207	4847	10263	13896	18734	15119	7274	12425	294	19683	6522	14220	12875	9028	16128	16623	7307	3634	17975	15680	17914	5227	5551	6481	1849	11925	18807	12727	1270	20087	3320	16595	8930	1165	18421	3802	11551	1957	15199	19256	19888	15421	3125	13684	19651	17087	10651	10766	5593	3901	4370	4879	13380	10631	10166	1349	3972	5046	15714	1687	3822	3218	6087	13479	3217
15944	10031	14354	20147	10119	9746	10942	4408	17509	10320	6099	6444	17681	18813	15864	2709	7698	1125	41	6559	8339	17853	13248	7466	19153	16325	5033	730	15583	5364	15132	10814	684	12468	13690	5402	898	17383	18569	9514	14673	16032	18664	5429	9484	16699	8585	18728	20116	4296	16013	17392	12954	2077	18096	13132	11124	19635	1651	16190	16954	11233	5015	10883	17261	18679	3288	4901	3357	6295	14456	8538	5603	6782	2056	11262	19673	12352	8313	20047	13398	17949	2856	10699	2799	5340	5813	13227	2609	9594	18338	6082	8260	3564	14149	4476	81	9833	19545	4052
17885	13610	10231	19618	8517	10085	13521	4646	14479	11198	19444	13504	17509	938	7372	2398	8547	210	7929	12896	13422	2529	16012	14046	3254	6702	17038	12618	18882	19702	10137	13640	7619	11197	12927	4831	9335	16747	11397	12324	18438	11531	14716	8233	20200	15756	13682	18095	6955	20174	12804	12321	17532	16706	9179	5724	13668	5078	1901	12095	9551	1730	2656	8320	7833	2181	3005	6963	5214	15722	8079	2745	10959	16020	13401	1292	13649	1869	7869	9848	15236	11657	161	4282	1043	6575	11633	8208	3320	2972	14589	17122	2314	18096	14713	335	9299	9824	2667	18100
12876	809	18661	4117	7564	293	11755	4305	18426	9567	2630	1084	12121	10312	17510	2917	4072	6882	9197	13042	4411	11108	13051	2558	8872	2696	16425	12584	12439	108	17620	3137	9228	12301	2546	633	3051	3729	17624	17623	13996	17793	4246	10887	3879	10342	15054	6050	7741	12621	9050	898	18814	15788	10854	18681	14598	17476	14673	7515	1957	12206	14682	10152	10416	12537	18779	16692	19085	4516	10139	34	9351	8075	17664	2880	6209	10732	6548	11822	8981	9985	1688	10413	158	4715	17249	15960	13185	11551	13626	6896	12522	13145	963	3526	5969	2159	19807	1421
13186	16736	19189	13073	4720	10459	13893	16283	11896	8965	10699	10206	18406	10586	6524	9578	2176	15354	15724	7809	18979	10000	10233	16932	933	12963	10961	9101	316	13748	8917	3677	19912	15798	11451	9555	11997	9269	16791	913	6882	3494	15326	16054	16796	4267	18940	12923	11846	9108	16812	5308	5528	935	7460	6423	17801	18392	16054	1404	326	8340	1498	2954	3290	10339	6104	19766	10692	6499	11549	9646	14323	14580	8131	19443	19917	8556	19471	2327	12258	8179	15511	11464	6101	11062	13063	11299	765	16791	2608	4911	17754	1469	8603	16531	1327	4791	19357	15118
3257	16374	5463	12447	13957	1033	10541	4192	13504	16376	4690	15951	4572	13	2260	4836	20057	2656	3201	9598	10770	4158	9846	16265	13824	14785	6750	7544	11984	1474	14647	11819	3668	16934	1695	18590	17586	14186	1953	19400	15807	18889	5335	18659	19928	19640	11626	14320	19719	5516	879	18440	16657	13653	2331	4706	15957	1570	8388	11644	19025	9027	4841	6338	10959	11663	15214	10824	3055	9682	5879	13721	8440	19635	3761	14284	8549	700	11445	4503	4139	2529	2382	10498	7798	3606	4003	13963	9067	7755	11477	17856	6347	4492	5830	9697	2405	9364	5859	19377
10053	1662	19571	12079	740	15702	4998	3381	2046	17753	3945	5982	8549	5357	7930	5450	5074	18680	19106	11496	17489	13294	18054	2562	2957	10145	4012	3005	19876	19822	3758	901	6117	14406	14312	14191	12225	188	11622	428	13476	3540	7836	1403	5716	11254	7603	14326	18898	16615	10653	6927	15479	17870	19690	14608	13502	10859	7690	9330	8194	19278	5635	19219	18838	2332	8698	2433	16493	6008	17433	10813	14302	13517	8570	15757	650	967	3775	17634	18817	16589	15774	18440	1301	4806	6942	18043	3076	2044	5340	1408	16836	16609	1596	10016	16030	15863	7990	18325
16930	5433	3612	12479	14787	7431	10725	14849	1390	468	944	17281	2443	14256	2994	3805	9178	16117	7176	5109	12474	19623	18889	6406	3187	3704	2575	10279	7323	14827	14208	14461	3293	2874	10882	4384	6756	17183	4303	19124	10871	333	9846	5886	3776	9397	3409	13805	3267	19861	12760	9470	4102	12425	6431	7049	6237	10193	16799	10283	3839	14316	17829	3361	17830	6807	14452	9192	4098	16799	2061	7649	13709	15409	2213	3905	6990	14866	12369	10565	19785	17553	2196	20002	15111	19629	5431	13538	4418	14079	5094	4627	9608	14949	3518	9737	7716	15811	17927	6323
529	18354	5101	10460	2391	14381	28	11256	1878	798	14251	3465	3713	18222	7355	7616	13688	10997	6103	2215	5733	16376	19224	19350	17055	9950	19702	6586	16882	12846	504	14812	2642	20170	5158	10370	3516	6843	17253	6862	14425	13755	19170	17183	10730	6248	13015	1878	13379	11456	17225	10416	6835	11459	6428	16295	18360	9467	10068	1910	12790	5740	11574	14932	4661	7707	10710	52	13570	4242	17527	16598	13850	11857	19740	8372	13504	6702	13879	12738	9661	4620	4447	15389	5588	16882	17484	18192	751	18980	18880	10037	5392	5387	763	18889	14048	12498	4974	1337
1711	5946	16476	1798	11389	16176	9922	7658	14536	16889	13485	5668	2787	14258	18214	4476	6080	4390	6053	10828	952	10944	14729	19092	14651	9404	13866	16593	18747	9485	6283	19299	19730	879	6355	3223	8131	13533	3427	15672	17536	5225	4312	1497	12280	6854	14632	15905	19228	1046	1677	14096	8400	18917	12643	9608	14069	6300	17727	8297	7924	16872	6849	13323	8642	19087	8813	10687	5162	3770	16309	4705	6141	16086	19900	8953	11316	15357	13765	7402	9535	19192	4707	11875	10402	3059	2354	6583	7762	17661	9520	16883	1912	9818	13864	154	13495	13562	6896	5182
6667	14266	7572	18061	9193	18652	8041	14839	5496	9808	11961	19068	11819	89	952	13768	18276	10696	17430	12005	18861	7295	14515	10791	18084	14927	15352	13906	12898	3334	15129	11743	6056	5354	3005	7508	8839	3635	1166	13072	12890	3159	1017	15204	6663	14757	15928	14045	2186	7385	3859	18477	116	994	1564	14459	3070	6112	9820	18226	1631	4082	3605	15944	5393	7193	17949	7713	5066	14707	900	152	14941	5261	443	16084	15579	17658	15066	19632	18520	1183	1293	17424	2300	3463	12938	5726	16904	5759	4461	13837	19193	15698	19503	16975	13145	15469	8871	17300
10320	18898	14224	9406	16316	10229	11665	19533	19830	18456	1169	12077	6171	1600	1381	413	9309	7573	9073	17018	4983	9427	9446	2608	1146	2354	18035	17097	12245	760	17808	2152	10563	10905	16431	5577	3298	14762	17070	6056	5823	17986	4453	8729	19038	8108	11333	5158	15981	2514	14326	17983	1949	3535	13824	8045	16458	13816	13	9176	5388	13344	4242	5639	15936	925	17638	1730	3735	5089	1297	5420	3466	414	16766	16246	15980	17078	16188	523	15518	6301	12583	10511	13252	13275	9077	14491	16692	19653	10635	16086	18255	13831	16422	9006	16570	4133	423	6425
6306	17423	4752	674	1251	1056	5223	17352	13418	19892	981	15892	11430	14033	2129	9277	16673	4084	482	2532	3694	4408	5749	16117	6367	45	2962	4729	3977	11008	13450	7503	7736	19574	19010	6205	18959	13857	15331	1454	7446	12382	8230	5964	4069	526	11097	109	7207	849	12959	12295	4144	696	9075	19240	16156	7607	18750	14457	5673	7536	4321	8672	6759	16958	5373	15866	11981	20172	12791	2354	9603	17856	17648	11270	6570	591	3204	7145	4495	17872	2692	1694	16457	12223	7956	1717	7576	6982	7402	18710	15204	6326	17031	9340	14302	19064	9852	19394
3805	6872	8340	11994	17308	14539	12464	378	16235	3384	7928	11590	3763	11561	17370	16690	3836	18805	5852	485	7885	2148	8982	9875	16642	1378	4277	13224	5919	17490	15010	8657	7582	2708	10717	9103	18702	319	1578	12603	15864	19065	4162	16112	3868	194	7664	11232	13405	8369	5633	1860	9179	10100	162	7527	19209	5317	6906	17753	8637	6415	802	13857	11498	15271	13779	19992	7100	4455	1562	6182	5421	18036	1492	6231	3526	2562	11849	4683	13635	317	1387	3649	6229	9911	14357	15875	207	16099	5767	12101	1974	1509	5005	6572	2515	15779	3581	2156
11982	9039	19065	14032	11135	9246	11130	12059	18534	13167	7842	10152	13915	15488	17516	19377	15239	15053	16122	19128	4339	14579	17404	8297	495	1893	2341	1585	1655	6373	16501	1136	16063	4470	17184	1511	16460	6557	18235	655	1270	8132	3431	13450	10332	10519	2459	8642	4771	20101	8665	1597	1353	9006	13812	9569	5895	13205	5725	5107	20097	2061	14457	8572	912	18113	4880	8550	13705	7178	17122	15735	15154	11468	18130	10230	5424	19301	11574	15991	5104	10457	19980	7631	6220	2080	1861	15737	10105	4359	13319	3928	17552	3137	14130	13110	17457	5336	6428	4102
13030	8730	11286	12167	9447	6266	16113	4648	7656	9017	10741	8351	8881	10263	15571	12055	18255	1887	15032	4636	1103	12030	376	10834	19571	1052	2931	15426	17264	13953	14358	20204	17651	10652	6209	8500	5724	17041	18860	11053	7487	8464	13016	11245	14485	6934	12665	20156	14779	12654	8998	11097	15348	12838	19051	2134	2744	13003	6882	3802	7466	16626	19160	10710	12694	1232	2387	2855	6653	3103	8000	16802	2613	11948	16239	15204	8043	14374	3619	13481	7007	19885	12090	12735	6444	1318	13236	15854	7419	10230	10168	10673	18673	12963	9598	7362	15487	9101	693	12344
13647	960	6856	7142	17391	11961	18916	10753	16640	6783	10798	19359	2652	943	9760	16488	7406	8240	14845	7367	11608	15243	17096	8028	9041	4696	17319	16284	15616	13735	13708	4816	19500	729	10584	15995	12164	12615	15609	9113	3501	7745	4511	19116	7394	1896	19133	6580	4838	12742	18192	18016	6256	1799	15512	6171	8785	19627	4689	2128	14697	10551	10201	3219	18448	13807	18075	14096	15946	4021	8432	18249	18074	11623	1902	12229	7776	2502	12533	648	18130	8720	7764	11983	4437	11098	9641	8550	7277	20011	8365	12123	17160	15560	1246	16	4290	7239	6140	14380
18290	15701	12598	3720	18308	4596	19700	11521	3202	975	16624	14226	11137	11560	5477	9159	8252	1168	12698	12471	14072	4587	2618	5477	11901	4134	10298	4617	12168	12921	2961	16986	4096	8583	10442	12840	17244	10856	9378	13818	10898	15766	2842	9877	10389	13563	11011	18107	19842	8583	12821	13092	13563	13573	17390	17142	18107	182	10465	5784	15018	616	7072	19195	19700	10389	16624	1731	2618	6616	19842	12598	11728	15491	10080	18981	1744	15018	4048	10488	8252	14072	18343	3074	15784	7529	15246	17843	4617	11728	7870	18625	4596	3720	15809	11137	11011	10465	3340	4891
3074	17007	18069	12821	17120	17280	7072	5204	5477	13092	6701	11901	17120	16986	3340	10442	5718	14226	4048	12698	7072	9255	17244	6537	13573	7728	5847	4225	18308	5784	7245	16964	7340	6057	7072	18460	18455	7245	12840	19780	18981	2809	4096	17293	11521	1926	12078	6057	17390	17007	7407	18343	11011	2842	15784	11901	7407	15701	18938	2618	17390	18981	8583	3074	10672	15701	4617	14226	18308	15701	13573	18455	18981	8129	9756	882	18544	7529	9756	11137	15784	18981	16964	13862	8252	2210	18981	15795	12840	9255	6537	3074	18938	17390	7245	12565	15731	4134	9756	1926
2842	1129	2819	182	18107	3871	12168	4891	5718	2996	9377	9159	11728	11901	1926	8583	17269	19435	18799	7250	975	616	19700	12471	6701	7245	7870	18308	17007	4096	11011	18069	13563	19991	18088	15026	19842	18938	11521	7250	18088	5204	19517	10298	18290	5785	5205	882	18308	7340	19517	17293	8583	3340	18290	1168	10672	6616	15795	4891	8706	19517	9756	18625	4891	15766	9377	10389	10672	3074	4596	15773	15731	18460	13573	8129	13892	19991	10465	11560	12698	11901	10298	1168	19842	15108	5785	6616	4891	15246	9378	15108	8706	19991	19991	6710	18343	14360	5847	4048
8583	5205	3202	9377	2809	10488	3720	9255	18997	18290	616	11011	17951	15022	19195	4596	13092	7529	18088	12565	2210	14360	3720	15491	18460	3340	1320	14360	1731	19435	18544	17293	18981	1129	9159	5205	13818	1336	11901	17280	15795	19143	17557	17120	17843	18343	3340	16624	15108	3074	18107	7250	14072	17293	942	8252	8583	13573	19780	11137	13563	12598	4596	9877	18997	12471	15246	9255	7072	17293	2555	18069	13818	9756	19700	7529	16130	12521	18308	9877	3720	17709	11587	15809	5847	8100	15731	1680	10389	975	16130	2555	19700	6710	11011	7870	5486	11560	3074	19195
5486	18308	19780	10465	12078	182	10465	7870	15731	4134	3074	18343	15022	942	5784	3074	16624	12168	4587	19780	8252	7250	3871	975	3202	2842	2842	6701	13892	11137	4134	7340	6710	5785	12471	7245	18343	9255	15246	11521	12521	15246	6537	7407	13177	15246	15491	17843	5784	15491	13892	18455	10298	4596	11560	15784	19780	9159	942	12821	18107	4741	12840	15731	17142	14360	1168	18107	18290	7870	18544	942	4096	18799	15018	17280	1680	15491	7407	19435	11560	8252	16624	14226	17007	3687	1744	11011	11137	17269	5847	17280	4134	8252	6701	2961	4096	18092	10462	15795
19700	15773	15773	17709	2961	12168	16624	3871	12840	2618	13862	12598	15795	11728	5204	12921	4741	2618	10080	4048	19991	19991	11521	1168	1680	15809	15784	17244	18799	10488	12821	15026	8583	15773	15766	17709	10298	14360	1680	19435	6701	8706	18997	12840	12821	4225	2210	12648	2210	19517	1731	12598	1129	7340	2555	4700	3074	12698	4587	4096	18544	3720	9378	10898	18343	18981	2210	7407	8100	1320	14226	1731	13862	4741	17293	12521	15491	2555	1336	975	2819	16624	13573	5785	18088	18981	18460	7529	15022	7407	14226	13818	13092	15026	4225	13177	5718	12521	15022	15773
18997	3687	11521	9378	4596	8706	13862	7728	5847	7340	3720	19780	15018	19435	17888	4225	1926	15246	13892	15026	10080	3074	10616	7250	9877	3202	9255	15022	12921	8706	18343	5784	3340	17888	16624	11587	17120	13862	12565	17557	18544	17390	942	7250	7728	7529	19517	1129	1168	10389	1129	5784	18460	8252	3340	6710	18290	1680	882	12598	1168	17269	13862	17007	17843	1926	18981	8792	4741	6710	18997	12921	6537	11521	4891	15784	10389	15731	6616	18981	19378	5205	4096	12565	19991	6537	2809	9377	3202	15026	19143	8583	10465	8129	2961	11726	18092	2996	1320	15022
5718	14226	15246	5718	19195	10465	5204	15701	10298	19143	1129	9756	1168	18997	4134	18997	1168	2996	5486	10672	5205	18092	15784	12598	18997	6537	19378	616	7245	6701	8583	10898	12821	19842	5784	1168	4096	15491	19378	12698	8100	11137	18625	19517	10616	7870	2961	14072	2555	13563	5486	11521	4134	17280	8252	2809	9378	17007	7728	19143	19700	12921	9255	12078	4617	12565	7250	19842	19195	2996	2961	19780	11587	15246	17280	5847	12168	17142	16986	8792	4596	17244	5204	8129	4741	9378	13563	8252	17007	16130	15018	7529	13892	13563	5486	4700	19517	12598	1926	17007
18343	4587	4225	12840	17951	4134	11728	11726	15246	11901	11726	6057	2809	18460	3221	1926	942	10898	7728	4225	19780	10898	10488	4741	14226	11587	5486	14226	15784	11728	16624	9377	15108	1744	19700	18544	15795	1744	1926	12471	12565	3340	19780	10442	14072	17557	10389	11521	9159	3871	18938	6701	17709	8792	2842	11587	11137	12840	2819	8792	1680	10389	19143	17120	17888	4134	15766	12168	15731	13563	15731	15809	6710	5486	19195	5477	6537	8252	17951	12168	2809	9378	4596	18981	6616	5718	1320	15108	2210	182	17951	4617	3871	17843	19435	7245	13818	18544	9159	3202
2809	942	5486	11011	18092	18069	3340	2555	17280	12698	6710	2961	10442	7407	14360	15026	2996	9255	3720	19435	5477	7245	3340	7728	18069	7250	17142	18290	16624	13092	16986	3687	17269	13892	17557	12471	942	19780	9255	19991	2996	1680	12840	4134	18069	18107	13092	18343	2809	17843	8100	2819	7250	1168	4096	5477	13177	4700	13862	1926	4096	19842	10389	15766	4587	10672	3221	11728	18938	13818	10488	18343	14360	17120	10462	16964	10465	13563	10462	2809	18938	12471	10488	18088	11728	12471	5847	8706	1744	10488	18544	13563	6616	3074	12078	9378	8252	3074	1168	11521
18544	9877	18290	15766	9877	14360	8252	17709	19700	3074	11011	8252	19517	975	19700	15491	14072	19842	4891	10616	2961	3221	16986	4587	11521	18544	6710	13862	17120	15731	17280	14360	10488	975	18290	18625	16624	882	12821	4617	7407	882	19842	19700	10442	15784	18107	19435	3340	15795	11728	5477	7245	9756	18069	10389	19517	8583	4891	14360	5784	11728	6616	975	13818	13573	19780	13892	5486	10488	5205	9756	13892	10488	7250	11011	18625	18308	11901	9756	9756	8583	1926	6701	19143	9877	5784	19517	11560	17709	17709	18308	2809	16986	4134	10898	11587	18088	5486	13177
882	4048	11137	1744	1744	19195	2961	12821	882	10298	14360	12921	4596	13563	6710	15246	19780	19143	11901	19700	15795	13818	4096	5486	9756	17120	10856	12921	4700	17557	18088	13818	6537	16986	2809	14360	18799	19517	12698	4134	18938	13177	6701	13092	1320	182	6710	8129	5486	18544	1926	4134	1926	11521	15795	11728	18938	18799	12471	17280	1320	5205	4617	7072	1320	13862	14360	2996	13092	18625	18625	7245	12471	5477	16624	2996	18938	8100	15784	12521	5718	15022	10442	3687	13862	11560	6537	2842	10462	12078	11726	182	12821	18107	11560	4225	18799	17557	18308	18290
12598	17293	18308	15701	1168	5718	13892	4587	18107	15784	19780	975	7870	1320	12821	18455	15784	1744	16964	15731	1744	4096	13573	882	5205	18625	17843	7250	18544	7407	18460	15795	12648	19143	18308	9877	6537	2809	2555	7245	15809	6057	13177	8252	4096	15022	2842	15018	15766	15022	3720	2842	12565	18107	1926	15026	9377	3221	15026	2809	10389	10616	975	13092	8100	5718	18308	17557	1168	182	19378	4741	1320	19195	17244	17709	5847	7728	13892	18455	2210	5718	12471	4134	17557	1336	1336	18799	1731	5847	1744	17888	5785	17709	975	7407	4048	13563	15795	19143
17293	1168	10462	1731	3687	16624	7529	2961	18625	7072	3687	16130	2996	15809	13862	19700	17280	9756	6701	10856	3202	18069	5784	18107	8583	10462	10672	2555	18997	4587	13862	4225	16964	3871	11726	19435	12840	1129	3074	17843	4048	3720	4700	14072	11011	12598	18092	182	12471	3687	4096	19435	18981	18625	9877	3687	19842	19378	12821	17888	4891	18625	3687	5486	12565	14072	10465	10856	13177	17390	8706	2961	10616	7340	17888	17951	12648	6616	15809	17244	2618	13892	17007	7072	8706	10898	19780	18455	18625	13563	2618	5718	4700	17888	4617	6057	2555	9377	8583	12598
19517	2210	8792	13177	1680	10616	15731	15809	10389	7245	19195	7340	15784	16130	12078	882	11011	6537	16986	10389	15018	2555	15809	12698	12565	11726	15809	12698	4891	7728	12565	10672	975	4741	11560	1320	17888	5477	15018	13573	5785	2819	18107	17557	15766	12471	18625	10898	10298	7529	15731	2996	19435	2555	11137	5847	15784	15773	7250	7250	18799	1926	3074	1129	2996	17888	17244	8583	1320	12648	15766	5486	7072	19378	5785	11901	7728	11521	18981	15784	15795	11137	12921	12821	3687	13177	19378	4587	17244	19378	7072	2842	19780	18460	882	15766	1168	15795	11901	11560
6710	2555	12078	10298	5486	19780	1926	10462	1320	12921	4048	17390	4225	4741	2996	11901	5784	975	10856	17390	10298	2819	15795	8129	6710	6701	1336	4700	19378	9255	17293	19991	4596	3340	14360	4741	5784	6537	18997	4891	15766	1168	17280	18997	6710	18799	15246	10672	2996	8129	11011	2555	18069	2961	12565	1731	13563	2809	6701	975	17007	3340	17557	5477	2961	10856	19842	19700	10616	17280	17293	17951	2618	15026	15773	182	6057	1926	15795	8129	19991	942	10856	11011	19195	15731	12471	15022	1336	18544	17244	17557	13573	7245	17951	8583	6057	13892	11137	17888
12921	12648	10856	15795	4134	13177	15491	1680	12471	18625	14226	1320	6701	10898	17280	4048	11726	11521	7245	18460	13563	5205	4617	4596	18625	18092	12840	15701	4225	3202	15701	12840	15701	17709	19991	5785	15108	9756	4096	19700	13862	9377	11901	15026	17888	17007	11137	18938	8100	4587	18981	9877	17120	18938	10672	8583	7529	8792	5204	1129	15766	5784	3340	18069	13892	13177	12921	7529	8252	7728	9255	18308	975	9159	4700	6701	15022	2809	12698	1336	9877	17888	2618	7250	3720	2961	2842	19780	2555	14072	15773	13573	12471	14226	2819	4587	17120	18107	2555	942
19991	16986	17557	2996	19842	19143	2618	18069	2842	13818	15491	3074	10856	7728	3720	15731	13818	12078	12648	4587	18069	10080	18981	19842	2996	15022	13862	12521	5486	12598	2996	15766	9756	11560	12840	5847	13892	6701	17888	15784	5477	12471	10462	18092	19700	15018	12168	11137	9378	10442	5847	19195	12598	15246	12078	5204	17142	10298	5847	15108	19435	16986	5785	18290	5784	18460	13818	14360	8706	9756	7250	1129	19991	9255	3221	6616	10856	4596	5847	11728	11726	17269	15809	13892	18290	12521	12698	4096	9255	14360	8252	17843	12168	10672	18455	942	2618	2961	17244	18938
16624	4891	2842	19195	15246	7529	18938	7407	19991	2842	19700	8706	9377	12078	11011	19517	18290	17557	13573	14072	10856	19780	8792	942	12821	13563	5477	14072	5477	19991	10856	6537	10080	7870	2996	15809	9159	10898	3687	11011	9756	3074	19143	18343	17293	18069	4225	5785	7407	4048	6701	12471	6701	3871	11728	17007	7072	7250	18625	18308	19842	3687	16624	8252	12598	17120	13177	3221	3687	18799	3871	18625	16130	4048	7340	4225	4596	7870	2809	19517	17280	10898	7529	10898	9877	11728	2618	18460	12078	18997	17280	2819	15766	13862	13892	15795	17293	17269	15026	7529
17269	18997	7072	18069	17293	4096	8100	9159	3221	13563	17951	4596	13563	18544	19780	975	17142	6710	7250	2996	17269	1744	4225	12840	7245	17557	12471	10672	4134	12565	9756	942	19435	6701	10298	616	16130	19378	2819	8129	1926	975	17951	4096	8252	5486	18799	4048	12521	9756	4700	2809	19780	14360	5718	11726	975	15246	12168	19842	18981	15246	11560	3720	7728	18938	1731	5784	18460	17269	15246	3720	4048	17557	12698	15731	5785	13177	14360	17557	3340	7340	8100	19700	15701	19842	13892	15026	10465	16986	7407	10442	10442	2996	942	14360	10616	16624	2961	5718
15246	17280	11560	19991	13892	15491	17709	12598	16986	6701	2210	4700	2555	2961	6701	15018	17007	5205	4617	10080	4741	12698	12078	13892	7529	1680	18997	13892	13573	3871	2555	12168	15795	9255	2555	12521	16986	3202	13177	9159	11728	19517	15246	9756	3871	17390	12471	1680	18981	8792	12565	4700	18997	1336	4134	10616	12840	3202	8583	17390	16130	8706	2555	10298	2618	6537	15491	1744	4617	15246	13177	10389	4596	9378	14360	4891	17951	7407	2996	12565	17269	15809	11901	6537	6710	6616	11137	15246	5477	15701	15809	4700	14072	2809	15784	5784	19378	15018	19991	12840
8100	9255	17293	14072	4096	19435	1336	19143	18343	11560	8583	14360	6057	2842	17709	3720	17293	18088	12521	14360	16130	8100	5486	8100	5784	14226	942	10389	13177	9877	17843	3202	2555	12565	4587	7870	2555	17007	4891	15773	6616	4741	12078	8129	4741	19991	19195	11726	15491	7407	2210	17843	7728	18799	2809	4596	12565	11726	12921	5785	2996	18290	17007	17269	7250	19700	17709	4741	3202	6701	19700	8706	18455	15809	3871	15701	2842	3720	5785	15731	18625	2961	19780	8252	12565	18308	12921	1129	5205	1168	8706	3202	9255	12565	19780	2555	7245	5718	882	18092
12821	19780	4134	4096	19780	1926	19780	4741	18088	16986	17843	12698	942	15731	10080	1320	182	16964	1680	18343	7245	8129	18343	3074	12168	18107	10488	1168	15246	10298	1731	19517	14072	17293	13573	10462	17007	7870	11137	942	8252	18455	6710	2842	15246	17293	7245	13563	12168	1926	8706	16130	4596	12565	4891	5486	12598	18625	15491	6616	7250	17280	9159	15026	10080	18107	7870	17244	2809	12840	616	7870	1336	19143	8129	10616	15246	2210	11011	7529	1680	15784	14072	17888	2618	7728	12168	13892	1320	6616	17843	8100	7870	18625	13818	18544	9756	10616	12648	12698
5204	616	6616	11521	3074	8583	10616	14226	17951	19991	9877	1926	12598	18938	15795	2996	10080	18625	8706	3687	11901	15018	975	14226	17557	4096	11728	17390	15795	7072	4700	18343	3720	18799	18092	2618	10672	975	6701	17269	17888	12821	10616	10672	12921	11560	4096	2809	4048	5204	5477	10298	975	6057	5205	5205	5205	13892	17120	1731	9877	2555	15491	11587	19143	17951	15018	3340	3221	3871	11728	19195	11726	16130	19517	3687	5486	3687	12921	9159	10389	18460	18092	7529	11011	15766	5718	1926	11726	4587	2809	15246	8792	7250	17888	3074	19700	16130	1680	19517
19195	5718	10442	17142	10488	3687	18308	18107	4587	4700	12821	12168	19842	3720	3687	17120	3687	15731	5718	17888	8100	14226	17142	11560	616	1336	5784	12840	6701	18308	10389	17951	18069	8100	7728	12168	18544	5785	10465	17709	10616	17280	17888	3871	5204	11137	15784	17269	3871	2618	8792	18069	18799	18088	2961	1926	10856	942	15018	7870	3871	19435	17120	616	4134	616	18069	15795	17244	18290	11901	5847	882	12821	18938	9877	7407	18107	2819	19195	15022	19195	11011	11587	4596	9756	12078	17269	13573	4134	2819	13177	15701	8706	10488	18088	17390	18460	17293	12078
18799	15026	1336	17244	13177	2961	4617	6057	182	15701	1336	17120	12840	18092	6057	18069	9255	7340	1129	11587	15766	6710	7407	15026	13563	7340	6057	12565	5785	7250	13573	182	19780	2210	18455	15491	13573	2842	4741	18799	975	10616	15108	5204	882	7728	17120	2996	18107	18625	2819	17557	12168	18544	1168	10080	13892	4617	12698	2210	12565	2961	17244	5718	13862	13563	3871	12821	1680	11901	10465	1926	19842	18625	3720	10462	16964	4134	16624	10465	13892	5477	1129	1926	1129	17269	17007	19143	18938	19780	16964	15701	1320	3340	11726	10856	5847	10898	8100	12821
18460	17951	9159	9255	9377	16130	13177	5784	8792	17142	16130	6616	6710	17888	17951	8706	9756	11587	7529	3720	19700	18290	13177	19143	10462	3720	8706	7072	8583	12648	19517	8792	10442	10389	3074	10672	13862	10080	3340	8100	16624	1320	10465	18625	10298	10442	1336	15766	17951	18981	4225	15766	5204	14226	2819	15108	18799	17557	9377	13177	7407	6057	12598	7407	6057	7529	12521	15773	15773	15809	4225	19378	7340	15018	8252	17293	3202	1336	12471	12598	10856	15773	7072	12521	2961	19991	4891	8583	4048	11521	3871	1926	7340	15809	7728	16624	12521	9756	13818	616
16986	3221	2555	8129	4891	17557	8129	5205	9378	12821	15784	17142	12078	11011	19991	9877	12921	15491	2996	2842	12698	19842	12168	7072	2555	10672	17888	4048	12698	11011	882	14072	17244	17843	15701	8792	13092	17390	12648	5205	13563	10856	18092	18290	13892	9877	7340	15026	6537	5718	16986	942	8252	182	19780	616	12168	18069	18455	11901	18092	17709	15022	15795	16964	5204	18455	17142	3871	4596	17244	13818	4741	6616	18069	13573	3221	18544	7529	8100	2961	10298	17142	4587	7870	616	12598	975	7072	9377	9159	3340	6537	17142	11901	19378	13563	12648	12521	5205
11521	8252	13862	3074	5205	4891	18997	8129	4617	18455	2842	9255	12565	17244	12840	10488	7072	3074	7340	5477	13177	11137	12565	15022	4048	19195	1129	10616	14226	17293	13563	18092	13573	8706	17293	18069	5204	15731	5784	13862	5205	6710	12648	10898	6057	18625	7407	7340	17269	17951	3871	19143	7870	17390	18997	2819	16964	18997	17244	3687	19143	10488	7340	12598	3074	1680	9877	13177	4587	10465	13092	4096	5204	3720	9377	2961	4096	19517	17888	4587	15773	8100	14226	5718	15246	16964	18997	12648	19378	9159	12698	18460	18799	17280	16986	17951	4741	3687	15491	18460
18981	17888	18981	7340	11137	17269	10488	18460	4596	8129	2819	15773	975	1129	19378	5784	18107	17280	19700	8129	16624	13573	5204	4225	17951	15246	4225	5477	17888	16624	4225	12598	16130	2555	15018	15018	14226	17709	1168	17888	7072	13573	3871	19780	18799	19780	14072	11560	5205	2842	19780	11587	18290	10080	19517	17293	5486	4134	2996	17142	8252	8583	13177	16964	13092	12078	6701	12078	11726	5847	4741	975	8129	12565	12840	10080	4617	5204	4700	8706	19842	3202	19842	1680	616	882	19700	19435	10856	16964	17269	5204	9756	975	1320	18343	3221	13177	12821	10462
