13369	14486	4181	9370	17867	4128	18697	9869	6569	10492	18546	1797	1745	9649	9140	11375	10880	2753	4760	8888	5558	10102	19633	12884	14098	5249	10546	14829	268	7005	1919	6193	10321	18941	5370	13666	17539	10629	6694	660	2622	14854	9622	2460	16214	17772	5122	3858	581	3037	12761	268	16875	8413	6170	7695	5918	11613	6396	11621	13196	18843	8133	5130	7252	7477	14570	16928	1123	13551	9783	14304	10213	18247	8163	2219	13378	4799	9977	14851	4145	10690	15993	551	9343	12307	15801	12675	18233	2454	1148	9866	14361	13338	2113	17987	18247	5198	11964	13787
15617	9311	14361	19277	8568	7132	611	6655	10476	8888	6813	651	272	220	12656	9053	1539	11966	18083	2348	15868	11152	11848	6866	3958	5281	19008	4409	16520	6724	7558	18566	4416	7773	15345	6797	8960	12949	10095	7132	16573	15888	8640	17571	2084	17874	16650	14657	3688	4366	11756	10379	10021	13665	14627	4995	11658	7112	3266	1674	13992	7829	2789	9715	9439	2359	19406	15190	12208	1335	20106	8424	8333	13549	13133	2585	10346	3083	14259	10095	12248	4543	19512	12700	8175	16994	8139	17331	11086	3282	9866	8037	12398	13965	2074	14098	9349	11523	220	1795
8283	9205	7688	11176	3823	11099	7578	13736	12289	19727	10083	10213	2308	6409	17837	3259	10863	5780	1871	9076	2822	16745	7224	14222	5548	13469	8718	1106	15095	4318	12770	9668	7591	19027	7047	1791	17210	18138	2015	9264	9100	19940	10404	11131	6670	1369	16520	13378	5149	14860	4008	2840	4215	115	10262	15956	14943	1647	15342	1483	14851	20059	12348	19248	8568	8507	337	1464	19659	18546	15458	5471	15751	6660	9770	7554	11658	11651	2825	1693	12799	9311	8301	19460	4788	681	16606	275	4909	2886	17647	1312	3364	14473	12508	2623	12200	15	10974	17899
402	2716	5875	14147	7785	6167	16233	15782	12437	20085	1899	14984	9540	2513	1156	16905	5226	6070	18983	9133	12714	8568	19090	11354	15190	16076	9162	3550	6368	14361	5332	15382	19191	17235	15972	14657	12348	19052	8969	10083	2981	16831	2944	12995	3321	3317	4895	13117	14736	13875	3245	530	9930	14163	1369	19633	291	9781	16834	11384	13095	17765	15972	12480	12880	17574	2170	6492	13934	6965	16179	5522	18279	4076	14314	1203	2265	19328	6886	5258	568	8487	8333	3419	11080	18771	9913	16370	6526	8684	638	19416	8927	5366	16809	12911	15868	7688	4922	5904
10787	14924	17571	13338	1884	9876	19235	6062	2454	11099	5565	13752	12032	2606	780	15180	17967	6635	2918	5820	18596	1053	19008	1451	18055	5362	2319	6282	14931	10056	12348	16503	10787	14759	15782	17444	12756	16969	20135	18967	7825	444	10178	5841	18281	13363	10186	5403	9540	1053	11253	6255	6002	5904	5631	7279	16632	4094	9622	8908	6416	19315	10261	10346	8498	18551	13619	4320	5236	11868	14436	6062	2479	11478	12756	9745	5029	3923	6368	8518	15044	15967	949	10083	5179	97	4605	8054	14835	13414	5218	10186	1335	10857	3457	8245	18905	9546	1068	7657
20112	6526	11066	11261	14081	9910	3476	3284	3688	18670	16141	337	2511	14438	9563	2918	15095	7129	3091	9980	3266	3795	8037	7011	17657	3666	10571	2219	3550	4976	2869	12799	3292	16745	2169	18393	7126	19291	3338	6151	11998	3236	8865	5674	8376	2479	14188	2065	2074	4895	1373	10134	847	18847	2623	16233	4409	4164	18452	7940	9733	10660	11621	3438	20030	2326	10220	6396	4874	18551	4429	15789	20163	15535	660	3598	17666	11258	13414	11868	14759	10861	14361	8670	7036	615	3613	19828	747	1123	9439	1176	4164	18927	18941	14924	4799	13499	13600	3520
14063	8608	6779	4560	18655	7471	14759	8868	12771	9482	14081	1539	278	4346	2791	2784	1148	7684	7409	18196	6534	18452	1745	13221	7232	13643	12564	520	14983	15081	18912	17990	220	16272	3347	2290	17797	12096	7005	7108	6010	20112	12033	16179	14577	10399	13666	2869	2584	4978	11354	1351	16141	16418	17147	1244	12920	5106	7108	10795	2944	10787	19157	13337	15557	14806	3666	3376	18546	16822	10255	2076	10262	15575	2930	1936	16196	15342	6526	1745	13643	7131	12179	7201	11951	4164	15172	12917	19328	4506	13707	7009	19512	5203	8920	15538	2926	8927	1569	10446
13551	18508	6167	3371	2037	672	13249	17725	6002	7210	4740	9323	3239	4895	14325	16250	13830	4164	5203	9004	18983	19966	11803	8518	7996	18984	8139	12179	14486	1440	20059	4451	3266	12948	11510	7558	4317	1177	5911	2201	6062	1174	2126	18342	12282	5875	13372	6951	1605	988	15658	3239	9715	2084	15970	581	13240	5287	1464	18349	1366	7001	8937	14923	12554	11742	2308	5965	3695	9220	8817	11380	17826	13086	7283	9869	6564	12987	17965	18258	1604	6569	634	6002	2971	13124	12398	20012	12678	4652	2204	7933	1884	6059	19828	15967	17916	6173	17226	3233
9781	8888	8787	988	11886	6062	6068	8640	4318	12093	14931	9490	2319	12046	2889	1699	16988	11169	19036	1078	2469	479	15617	3896	4728	11146	9866	11103	2169	14851	12778	5400	19546	6569	7036	19406	16437	9170	9773	5276	18380	9647	2665	15343	3457	12966	17698	19008	2690	3282	18688	18551	14836	16319	9029	14200	9684	1761	5931	9100	7786	6966	15789	10659	17899	6152	9642	8457	10135	10479	19546	3321	833	16272	14432	10005	12675	16652	3256	16559	14683	11208	7047	10966	10106	10965	8505	8743	874	3236	11375	988	14759	13233	16353	15747	14760	3408	11803	5360
2581	11658	8175	12622	4669	16680	6491	10866	1855	2084	11752	709	17903	4985	4181	503	12256	220	2743	11523	6526	14576	11742	782	949	2373	12911	593	2471	3301	15827	3091	2825	6901	4105	14296	10255	4417	7153	7024	14009	13048	17797	14278	19584	19897	14438	18697	14270	16394	9625	599	1919	8601	4366	19849	115	3598	16451	16581	9167	8216	12972	12150	13493	5875	18342	19096	8787	9343	824	7411	19512	12161	11134	17200	11947	9132	15337	3551	16928	213	9025	9910	8424	2933	18253	4346	10844	10346	16559	4494	16863	2712	15417	14063	13919	14480	10056	12266
17722	885	5218	7232	593	19328	9540	9715	5875	6635	3810	2389	20135	15827	1244	11103	13083	1494	11380	10629	2302	566	2933	4404	7458	18648	19379	11613	2460	2791	13619	8817	3527	6515	1140	15884	6494	15295	19355	444	20112	10825	607	20008	2290	1053	4691	2968	16370	19659	18356	8622	7688	1140	10095	1464	702	9008	853	15681	12282	7579	2084	3037	18281	9085	7008	18554	16581	1471	772	14480	7558	18120	15861	18670	14968	8529	5146	12437	8455	13531	4431	11612	20106	13932	16714	16179	18083	1791	10178	12046	4467	12709	5558	14432	6010	15723	18153	7578
12033	551	2037	20163	7683	12614	13842	16250	5464	8168	3850	2188	6610	18906	19983	5241	2716	4346	288	18688	16227	119	8580	14163	2476	3236	14736	17357	389	3303	19409	8705	6569	4779	13707	13253	6506	18463	12322	5666	8996	4666	17987	18258	1618	7283	10776	11752	7915	14432	11429	5130	13752	17834	13240	16250	16000	5352	13083	10355	11169	18048	9225	18920	5366	3815	8684	10863	8595	15907	14853	2290	3359	12406	11034	520	2018	10102	18626	3408	7108	11803	17515	9235	19157	17539	5113	14298	13934	11380	3303	13921	13439	11250	12996	16394	5130	19155	18247	2705
11973	8923	15588	17402	15144	18862	19411	10532	17656	1760	13106	3123	16711	14380	19131	14846	17723	20175	6819	16797	14035	9475	684	5363	3070	8872	9333	9134	13441	13406	5388	13396	5141	316	11089	5307	6750	5172	9095	8541	16694	20161	18982	306	7264	1765	3533	9181	12353	5813	4103	16374	15066	17138	18739	3070	14745	10642	3565	2867	11481	6205	3105	6181	9510	788	6920	6895	8771	15164	12538	6677	5879	16937	10237	16032	8554	2733	9359	9931	3497	13521	14743	3029	3726	12742	8592	13606	16694	5200	7368	4301	17915	187	4219	2969	11626	527	19741	9119
1082	15423	14961	19542	13773	12603	3496	4667	6928	11983	28	10834	16118	13320	473	15321	9681	13093	20192	9411	17919	12079	6536	15964	6704	13336	15851	18736	8778	13105	3030	7926	2270	11763	8447	6076	11498	14492	14479	18949	5356	8172	6859	5429	19317	18682	10665	3793	9179	12819	19980	11389	4875	1390	10353	9383	19883	15340	19350	8719	3391	16193	7601	16847	13669	13041	16411	18179	11135	4480	9889	14044	6392	17981	9103	7885	13005	3196	294	6568	6810	6550	2897	6382	18404	16956	18633	7795	20095	14101	5608	19917	7893	2744	2649	6713	17802	5759	8657	17305
1840	17723	4979	211	5507	13710	17618	6231	9510	13228	16273	17902	17782	1353	1528	3954	4727	1171	10769	7576	19243	11763	4979	5174	13058	12159	15873	14941	8166	2342	9204	16193	1118	3172	6304	3289	4464	17039	1415	19687	7022	2882	3051	4667	7125	9164	14083	15093	13557	5949	3929	20042	4111	18336	319	8036	6214	3940	14353	7790	19656	12297	12001	9593	13347	2526	14260	10457	5367	4973	9576	19907	18	9861	12892	19994	17994	19932	625	12154	3776	10615	16360	17476	85	12321	370	16383	6153	13888	515	7676	10698	16996	10007	19205	1198	17851	5916	3222
16461	19620	17661	17654	2751	12592	11012	18462	11784	553	790	3235	2417	9406	15901	17958	4823	12433	3348	7998	9074	17190	10179	3648	784	1947	7366	6905	8729	16346	9169	2028	1076	17035	17484	15791	15655	9464	11777	2580	19688	18890	3435	1598	1577	7299	15120	15872	17588	15084	14654	4107	6676	644	11209	5326	8140	14419	19283	4143	2107	1571	12155	13362	7454	5496	16676	5090	11786	17748	19453	18272	14401	286	15655	14833	9450	16282	11091	19172	4130	16248	11551	10943	11596	15442	11482	3932	5673	13455	5750	4392	1535	5535	2839	13873	15479	5123	967	2459
15684	3005	4447	8806	15781	8159	16932	14250	5845	9589	15293	9188	7573	18292	19534	758	3250	13427	8698	8975	4817	9832	19447	5838	15118	1610	1508	14811	620	3133	15628	2190	18535	8917	15331	14816	12287	13900	10396	5500	7842	8771	4427	12166	19715	9183	5426	18012	15336	5849	9425	1517	13368	14907	1787	4190	11815	13111	4586	9904	10567	6121	9441	4856	5133	9142	3193	3787	9366	2064	7809	810	14519	13929	1578	15282	14878	5611	13042	925	10765	3922	14280	10818	10016	13948	7742	14363	11352	8621	5961	1025	4397	17380	7322	13047	1329	19117	2810	19615
3004	2613	13575	3181	2458	423	10804	443	16663	12369	15450	19370	350	12512	9123	10532	5512	16896	8096	8172	19852	6816	1865	3637	5021	3571	11691	10511	9747	17335	5637	8890	8806	19586	9437	987	6128	1660	1982	16910	20050	15661	19508	10413	15412	7559	11055	15138	8578	1157	19767	16954	15815	18610	4002	11645	12207	8893	9772	4551	8863	4419	13673	7702	5676	18699	14890	16320	964	2268	10520	2929	3003	1169	3501	8299	2883	18838	13513	7338	261	8389	14531	2225	3567	12688	2171	19598	15374	13590	6629	13211	15981	17564	11780	991	18669	4694	3350	9154
10938	15740	17438	17150	15146	6489	633	2175	15076	17125	6998	4453	17169	18084	17070	7586	1185	6179	19139	10519	15203	9493	14268	3932	7304	19465	14406	252	12346	15431	888	8453	8851	7402	13930	73	10016	14174	13946	11566	14102	12544	2252	3582	1751	11539	670	10396	6478	13250	17300	1727	10541	15643	15070	18825	4480	16336	15768	2270	19369	16216	4797	9547	8831	19724	17552	18255	18607	2803	19421	13166	11092	15764	4182	9604	18845	19950	3719	10007	12634	19843	12305	13973	20164	7309	16124	8363	16953	14630	3257	13275	5657	18961	13950	13009	15214	9096	15488	2696
17137	5711	18890	1652	11373	4016	2841	11495	5441	15269	4292	20203	4903	1275	7144	199	7100	11800	2195	1948	3833	10412	5138	15988	13773	15693	1005	19209	9137	18750	15317	2905	7526	19469	6622	12235	5290	2278	8554	13159	302	16496	13561	485	19221	5475	4772	11596	1227	10077	4350	18735	4641	14221	15472	7012	6809	18701	9242	19230	5159	16491	4110	12682	17742	18313	19867	14378	13963	13090	13	11202	6673	16114	2722	1780	11302	9065	7861	6239	14615	12252	9269	15278	11987	12925	10084	6295	127	11113	9655	5155	147	6723	17912	6991	12953	9416	7809	15432
9915	1722	13214	1013	2284	19503	17353	6281	5942	9112	3217	15429	17323	576	2111	17949	10323	11576	2591	4028	18192	12757	17621	13914	249	399	11267	10874	12276	4434	14988	7358	1673	1347	17126	17246	5705	16075	17824	2850	9932	19877	19902	17928	589	3709	751	15258	17440	15735	18960	5640	18033	16067	15586	11376	19813	1189	16267	694	14524	16505	20203	4452	5163	17621	17852	18500	12144	19445	18709	3575	4649	16042	14664	729	5545	14351	6239	3334	976	12478	19717	10043	9383	14518	15187	984	7756	17662	6775	12270	4378	2271	11531	17940	13812	7064	10243	14220
12610	11177	789	13217	1852	7431	14074	19329	4204	1971	4778	3943	19427	15936	8998	14049	11342	9436	5594	17885	5986	14772	4592	7781	39	2353	17754	17656	2853	3534	11907	20166	4067	3334	10964	12401	11856	560	14173	400	14107	14123	9800	5025	11296	3382	19670	9396	8707	1545	7420	18200	4173	13213	13843	13905	2254	8863	12608	6019	14378	13701	6622	17486	5575	18261	15514	448	9618	18650	12593	5886	9428	5906	15347	20140	5989	16407	17921	8059	7265	14347	18161	11153	10707	5922	3469	8352	17954	11780	2244	13050	5494	7124	19634	18459	15129	7875	11891	16267
940	7907	5540	15512	15409	9521	11614	18396	16273	10219	15102	7193	1497	18433	5019	16799	1666	9924	987	14772	10179	8331	18412	5111	13027	13005	16676	16912	7902	11932	10729	17150	4277	9918	8453	6463	14401	3057	19489	19188	9300	924	15957	6099	10882	563	7954	13365	9269	19702	8350	1481	6144	11985	6288	5792	19047	9233	16965	18914	5374	17070	11640	9967	1182	12946	5155	12425	7257	18054	7877	1054	11670	9456	9894	8760	8407	12890	20206	4885	4148	11370	19886	10085	13524	2605	4699	4797	14343	13348	17284	5136	4209	5499	3729	7391	13146	3661	758	7356
12687	12930	19072	5081	18802	8205	15488	17649	9005	1641	3536	3992	12559	18346	10586	5496	4281	16447	6141	2492	2133	4264	20024	114	13029	10161	17220	19469	11815	7168	17273	4835	14961	5419	12340	5787	17943	888	19404	5858	19184	1276	3839	19188	2390	15045	16016	14699	14176	20069	13438	4772	19844	18338	67	16037	8571	3781	8944	15245	17064	14276	1246	7833	15185	3370	4702	12591	7295	6910	10592	4902	6709	4486	20054	11589	13646	18117	15928	2138	2500	16582	11298	6774	8486	17569	14047	17373	11769	11662	4344	3866	11368	2366	13559	9626	313	2767	9861	4623
20070	14269	6673	9442	19169	15459	13432	16352	868	15647	17352	1564	4083	7021	11877	13163	14773	8857	7957	9131	2077	7624	1830	18929	1334	370	3382	2689	14183	8454	3951	17295	6673	1564	1906	16199	5944	1562	5529	8141	8598	9362	16715	8746	1173	2431	16442	19483	18297	9178	15178	9952	13163	11627	17586	13204	15506	19767	6518	1518	12056	9390	19367	13656	14411	17220	1862	14672	13209	10460	19759	12657	11230	4585	12783	18503	16382	9807	10699	11362	10598	14981	18701	7629	6278	16320	6511	10183	8516	7371	17744	1445	18524	14985	3485	3653	7924	1231	12853	15494
603	15650	14979	11601	264	14297	20073	7049	8443	18652	6940	6565	5633	2779	7415	8266	19511	3548	19628	10830	4186	5888	18890	7612	6463	6955	11583	18021	12643	14903	102	13154	14166	14220	17041	9749	5112	9544	877	9628	15070	7290	13685	9518	2582	2897	13055	14966	18995	14075	18798	8461	17432	9621	18589	10748	8549	4681	13675	19571	7282	1809	4613	596	2783	13236	4261	6141	5858	4263	2734	18767	10188	6530	18657	1438	6234	10779	6328	15047	19520	14110	11882	13191	8910	7556	19566	8889	14053	16050	3067	11397	6285	7444	9837	20074	15117	5222	18189	1718
11531	7971	3462	2347	12571	4588	15054	13554	16853	16279	11952	280	9687	19321	11436	13624	1888	7844	12862	9503	3643	19611	3866	9486	2182	2005	12006	12240	7668	6651	4672	7493	14794	14701	14351	8326	19358	20057	3305	7253	2778	4158	19529	7357	17776	13118	19743	19290	13984	14572	17737	6356	17310	16663	11337	18367	13298	1864	7465	7478	2965	15101	18409	10469	945	10687	15269	14782	12999	17144	6102	2915	11762	9746	11424	16643	7876	2646	15207	6989	5109	11061	6215	10614	15284	18012	8089	15732	13132	19957	16169	11975	10416	1876	17208	15845	19870	19006	5461	12807
16136	6237	4442	19342	15745	6121	11416	10156	17758	17458	4509	15976	12768	6859	7925	5821	12443	18244	6751	11785	15361	18302	18051	10339	18556	16133	10890	9808	3498	2920	15161	10756	4461	698	10514	3180	17906	3582	913	16640	4791	6928	2664	48	10008	15041	10231	12736	19772	5488	5387	12803	18940	11533	18216	14692	2408	9021	15201	15260	12064	14869	8923	12632	2332	15030	208	4088	5387	18914	11813	17975	4566	7772	4643	9719	11603	7719	4207	11863	7741	8112	12991	5079	5225	12690	4173	10832	10549	17411	1232	968	6179	1137	16133	15855	10694	2078	2086	14268
1665	15111	4021	5621	7341	518	5338	13102	4867	11136	8889	17653	5612	15296	1722	5966	8460	12166	7328	11400	306	11504	6740	11122	18652	4521	2829	11511	8041	8447	1655	8514	8123	3510	1436	15677	19775	5068	11710	3285	13500	17992	5499	6570	15794	3582	16267	7345	208	5701	18457	18388	7249	18637	9503	9645	14186	3008	16617	4686	11820	2254	945	3122	17902	1571	19973	9589	18837	14440	3677	5916	20028	17464	12465	410	7967	16074	15377	16670	4137	2972	6905	2216	3168	10250	4217	8671	1415	9579	17180	3633	16565	3786	17856	5347	8851	15045	12014	12010
17384	14874	5304	17208	17486	15515	14659	16531	958	918	12417	10598	7601	6850	3193	14258	17425	10557	8720	6444	10100	14135	17570	17481	2495	13915	1907	13684	15415	8585	4554	15063	5781	13109	15392	10837	14560	14858	12567	3623	11459	18744	10697	2955	6887	17531	10105	17228	14580	16746	10890	12064	9445	15644	9925	10029	19597	15843	15939	12164	11863	4478	5155	15875	1054	10725	13671	8571	17216	3768	3900	17894	12427	13581	1748	17730	18519	7438	5439	2298	17728	17204	10556	14791	19557	11414	1987	19219	19620	8699	11709	2659	18747	12991	18834	14892	13482	8750	18659	2710
448	15352	7182	8225	5503	223	17922	19200	368	7124	10101	11346	20104	1799	12608	14233	4137	9569	18800	7955	19084	6231	15423	14019	10961	18916	17759	5951	463	18182	15392	20149	17683	4255	86	7716	17626	16833	13418	4142	5454	13509	11920	5050	4190	10730	17920	9857	5462	1052	1920	13040	12544	9035	12087	12504	5134	10259	5134	7195	14988	17801	6278	18968	4154	9679	13626	11233	9659	19618	5166	4879	10458	384	15158	4370	16192	7236	13306	16249	4280	15878	11795	16938	9687	5779	19474	6056	19835	12530	13463	13518	4945	9251	10774	17174	11722	12455	12321	12951
19115	12410	19617	16260	9274	12047	11467	13049	18061	2998	9396	14861	13168	3494	8241	188	8463	6306	13957	13465	15041	18519	2967	17342	1187	18171	10968	19876	7517	5030	6301	226	57	17674	9510	15194	4702	19920	19773	16314	16295	3018	4533	123	6936	680	18182	541	15948	13547	9253	1826	6933	6040	11197	13947	2710	18087	9969	3483	4275	8733	1518	8396	19525	2896	10715	12479	19742	1636	11853	18517	2932	13927	4301	12389	17333	18391	5434	4408	2255	14652	13898	14609	17168	6000	10732	2750	3458	3621	1840	11636	3382	15314	15484	704	7310	20031	9959	8512
8109	19785	5390	12580	11645	16165	3724	11535	20082	9499	10670	2410	17729	18572	10756	3649	19743	4290	4123	12626	8913	15692	2158	518	15388	3776	7274	9858	490	16528	9327	10350	11087	6358	15895	6517	12945	16466	20142	4271	19189	20057	17308	14426	13147	715	19576	7032	3744	5546	3817	908	2751	11130	18899	6962	6365	714	14622	4379	3341	3668	11589	1355	17648	4274	8777	16595	1589	16505	253	14614	16835	7781	5125	9630	9096	12392	5682	18558	12751	5526	7743	4660	17721	5234	12755	8717	888	3543	11331	17552	7767	8438	3342	1809	11246	16357	16082	12435
18646	18574	19041	19217	9925	2710	5654	4306	7925	15826	3342	6530	9050	13538	4892	11292	3305	10674	15236	18001	3337	7637	11177	4558	4719	327	4811	16143	17565	12938	20188	3437	12535	6444	11532	2598	6943	2287	12741	13806	5759	17488	18563	20140	1492	15816	13883	18225	9435	19478	13024	2799	4142	2323	1111	862	16589	4027	2070	4832	2768	12384	6243	1412	12337	16516	16142	13927	19474	14258	10761	14033	2433	19224	5245	17561	6436	9901	1453	12501	10324	11319	1877	15544	2867	16119	14488	18645	16071	12430	7489	19307	17128	3398	15550	16919	7830	1645	13347	12030
2540	411	1407	17753	19240	7690	17723	6414	1169	3869	2352	2652	9362	5349	8773	6756	16587	5317	5326	14406	10233	5131	13187	3766	4235	8089	19194	15700	13144	11522	7612	2383	2979	3908	14764	7556	12464	4781	18304	16840	3869	7509	2550	18592	14460	17295	9880	15065	6188	18266	3067	7000	13167	2458	6905	14539	14668	14841	15721	3653	4217	200	8548	9721	16869	18985	18706	9782	4314	8087	2896	19890	7701	7452	114	3602	5849	6747	7120	14299	17305	15969	11362	910	9247	8534	5617	15583	1918	6733	13364	17126	11157	13017	9433	6687	15336	11353	9021	15101
15911	3955	7906	14852	13933	908	4808	10159	15153	15568	3193	13214	968	3674	13587	18422	19757	14634	13768	4550	16342	18604	10770	17221	17546	3875	1584	7762	15819	10983	7081	11488	17260	18102	3868	20182	16185	14435	14959	19076	5858	9396	5244	3875	12136	18323	15899	17768	10589	14054	1894	17947	1001	3174	19941	12409	595	13212	14461	3668	2780	5158	1488	19671	17872	9491	5632	17894	7570	16562	13701	11404	8443	12207	8745	17929	16562	13146	7200	16117	13649	10247	17550	1854	12849	17890	1084	18188	19939	6759	18690	11856	3363	15421	3193	13585	16032	18220	6623	13532
5661	9109	13380	9719	14863	7125	13004	5937	11247	17922	1804	8909	9316	8835	8671	2850	3798	14550	6919	10917	4772	10407	4902	9049	13685	9636	16922	732	11200	9359	19497	8770	13538	10470	16529	8994	18556	18361	12776	3885	12105	14519	1189	6307	12892	13110	20066	12990	10770	423	18837	11445	7177	12695	13371	16436	15922	684	5655	19620	5104	1910	18619	13950	156	4099	18591	2672	9418	16344	12319	16802	16709	19030	3616	8316	16515	925	2370	875	9261	9027	5533	13248	7816	10418	5371	11771	5701	3855	14955	19673	6859	8585	18201	16264	7916	4503	13870	5384
19716	1381	15212	4086	11635	16314	17097	6405	4961	4243	16505	18101	6027	290	16725	6207	19503	8554	9074	2613	18144	16050	6659	13976	17019	8446	14906	7493	13984	1041	13279	10565	11645	1152	8291	19632	16195	8962	7560	12244	8939	9077	4110	8273	8574	15258	7738	14532	12015	19276	17782	12120	18228	14734	4238	13606	64	6058	17591	15324	17629	5805	9908	18590	12688	2295	17104	6689	12841	18404	18432	4359	8193	11398	12281	15406	5525	1266	6436	7842	2221	9431	8193	18237	2335	9757	13001	19516	15515	18070	6465	18094	9612	14495	10890	16923	10759	8823	8318	18101
10427	4184	11750	2964	18039	2652	10600	9621	7022	7308	6098	6544	9444	2836	3201	12026	5935	15505	7803	11511	17531	12491	6401	8433	11163	10634	8469	2692	11254	5519	6065	1009	19540	6187	18898	10759	13144	4205	5919	20133	5208	12475	7434	14890	1508	135	18407	7276	3947	10585	15473	10735	13905	868	19057	10196	1776	8099	394	15479	13553	9534	9933	10887	11603	2612	2208	19901	9407	18314	19920	13120	20109	18421	16746	18691	10142	12318	7853	11784	12537	16748	13812	19174	15642	19022	15312	10916	16254	16894	7536	5024	18730	1004	7466	3594	7014	2362	1264	18030
11609	13901	3463	5152	11246	2364	680	12030	7962	3163	16363	15655	5233	5697	226	12898	13990	4520	14767	15555	4335	9329	15009	17638	19513	3086	7713	10730	4907	9661	6477	17902	14444	7501	19427	1630	9822	1067	11438	8162	1781	6715	18025	9463	5869	10915	13465	8896	3714	4236	12626	1445	6283	2088	4804	7990	5472	16125	7756	4459	2892	20010	15988	2688	8443	3677	4532	1002	16666	10018	5537	4113	5726	10638	7312	14957	17882	13502	12869	16070	17030	19832	13265	12126	2844	16870	3067	14861	13237	11504	8982	13315	6080	11772	16491	12359	15456	13330	8872	16074
1418	13547	1682	3940	8791	17345	13604	576	2686	17479	1492	10533	14757	9416	2286	12532	16484	15327	2174	14719	1215	18934	4965	2919	14279	8011	11549	16779	15709	4564	18392	5514	11583	1992	11531	13722	25	18946	15602	7874	8519	18998	5437	4870	10320	11433	16609	19117	10251	14370	2844	8017	20013	7840	2212	19871	344	3525	12031	1258	11337	10945	13171	16248	12673	19564	17970	15656	7546	6145	19514	4137	6346	20164	10523	10473	9746	5013	6934	3293	613	16982	17745	14492	10154	19093	16903	14578	20205	6180	3219	16841	7328	3497	16659	11657	123	16603	4477	10279
19876	1597	3172	13852	12252	1275	5111	17859	13282	5392	20067	9169	19030	16716	5243	7182	541	15703	19021	282	2595	5772	19107	15474	7413	181	8081	8858	14864	218	1669	11840	13705	7570	11279	7071	19917	3683	19610	4272	6163	7006	6498	19673	10222	2002	11984	8158	4138	20162	19360	14107	10997	15902	17212	15047	5217	9832	216	13745	968	12655	1757	10967	16692	7269	10756	6328	1540	7323	12586	9447	1482	3464	12876	16071	9520	19051	2121	2748	14005	13968	12786	18764	13380	19274	4530	4570	8836	9137	15592	7307	1517	1559	7394	52	4457	8748	17073	14938
11594	7717	478	19257	10268	1535	3113	1185	9291	19069	10639	5350	13517	13088	6892	5141	18608	1771	17911	1383	1649	305	12968	8813	13070	19454	16610	1839	13049	9147	6733	7957	12483	5125	17100	18902	14119	9403	10475	2737	4069	13543	890	4918	2709	13377	16343	1524	11483	18817	18062	11811	19856	5799	1416	6530	20057	2570	15249	2914	17876	7702	20066	4520	2892	16409	698	17876	19028	14153	8339	15005	19149	195	20119	7055	15173	1918	14013	13106	13178	8239	6952	7095	8265	18725	18681	4558	11822	14719	12050	19628	5210	8563	18850	12643	10764	8922	15559	3891
242	6219	13900	911	3679	207	5325	10223	5746	7665	18291	10339	9934	4774	20054	6116	2075	1534	1190	406	3653	15484	2436	6596	16874	16337	3986	10196	10911	13548	13104	17126	3273	9254	11743	460	19389	15702	8798	10457	16283	18432	13193	10278	5966	16941	19497	3768	18629	10540	16177	8341	15154	14823	1778	19338	12178	1882	18323	17607	232	17920	10395	3891	12492	10391	1067	10716	10300	2196	8879	5608	17824	3803	15187	18040	4398	10873	4228	11473	17383	12449	12618	18013	17971	18360	8872	18528	8692	2598	15543	470	7039	4144	14540	423	17587	14632	11387	3714
14816	12119	15895	12896	9329	3546	18282	15673	15567	16190	11093	9779	13621	10396	19673	10595	13326	4487	11418	1586	12584	14193	10685	7235	11777	5210	3464	18005	491	12507	10813	3203	14668	10968	6941	19102	12760	5575	18835	20061	10204	6899	19927	7428	6355	3291	2777	19658	15554	5617	19238	15485	3732	13008	6000	7175	16428	16265	9441	10625	1726	4270	2484	10840	19263	7921	10490	15665	39	2929	1537	9578	1506	12337	210	13187	17547	10870	17395	3355	5520	9560	8266	8103	10559	2291	11161	15485	16045	11226	14858	8882	16175	6294	8810	5901	3832	14082	11222	2470
11987	8264	755	15650	5043	7935	1837	16078	3530	19636	12188	16006	18486	3084	372	5224	5367	9551	439	13304	17239	13546	15880	17922	602	8254	11168	11414	1275	17330	8108	18985	195	17798	14371	1946	13796	2788	6371	12444	17408	15996	9242	953	11303	16322	12871	16794	4192	12384	12047	16702	11229	15686	4393	2334	10878	2742	4031	1564	1132	17748	10970	2565	4160	8264	1869	5201	9055	2955	13841	10651	6323	6411	1685	2134	1474	4573	5235	14608	3172	6609	12992	19710	15637	8724	810	14470	15153	9991	2174	2183	974	19568	6986	3954	698	8870	3785	2335
5771	14258	9070	17091	4586	6559	12827	3269	9933	2774	14216	17128	16916	13889	10511	4489	17962	11474	6690	11301	10008	11526	1971	14795	16857	1988	3644	16397	4601	15944	18483	15070	10781	5580	7196	6470	15569	11545	9920	10391	12998	7622	16375	3684	16350	17555	15892	18412	3071	17954	13068	10870	15767	2733	9639	6207	4254	15712	6916	5673	2384	12740	895	6967	10923	20022	11267	11933	5839	20096	18837	5646	13584	5550	2092	18039	12504	16123	18992	68	16589	18220	7162	9033	12400	14773	10194	12420	7629	14709	147	5709	3343	1809	5114	7844	3051	14973	4815	7216
18129	10726	8232	13883	47	10736	15438	7391	12560	16243	17241	18216	5960	973	7702	11008	1105	1001	13539	6988	11990	15854	17662	6981	11317	16078	16170	5018	17141	1282	4002	1466	10438	9748	19030	14527	294	3217	1545	9559	9757	7734	954	4649	15567	5392	8720	6708	162	8824	5976	11604	15031	15117	4165	5513	15690	253	9411	8671	3678	5513	15047	10157	15384	12467	2534	13148	411	13084	13025	6923	10320	3525	1271	7374	5956	18727	392	13267	11732	14877	16564	840	14808	16866	10381	14764	8850	13907	16320	692	19853	9081	6970	16848	12841	18848	3656	1976
1843	11135	1708	10677	913	20105	19164	5913	15675	16983	3940	18302	19411	9048	16858	18528	3530	6425	19594	17091	8896	2612	2458	1891	14655	3766	7526	15421	17972	7665	14626	10315	8736	5354	19995	5268	20087	7273	14327	3487	2045	11807	5870	5253	7897	2959	17930	6027	12158	15326	14917	11786	3329	13062	3228	7809	18507	16084	20073	18632	15326	20023	19570	16459	6253	4468	11796	1147	5043	14986	10223	8716	7713	8162	3910	3591	4841	17159	18209	4911	1485	6214	2477	2064	1631	6684	18980	1762	4263	19750	8899	12642	16773	18854	6128	17626	7935	15161	6844	17272
11288	1365	18298	8021	15036	12655	9050	17045	8824	14626	11156	773	7083	64	10142	15957	4016	284	13100	13455	19938	11482	10555	17115	17148	4766	15489	19699	14876	11509	7062	1517	14674	10782	10710	15073	3797	12646	12199	3421	203	9316	14050	9458	19368	7484	13547	13276	9054	9416	1876	19139	8419	17353	265	7338	3649	6220	17749	5704	526	17604	12727	4801	4983	16628	13790	12197	7499	113	18377	1593	7102	9570	16145	10468	15982	16575	11691	1496	6910	4312	11308	6603	16246	17638	2251	5648	13374	9404	18581	16777	5706	15054	1372	13542	19816	2286	15887	5656
17346	19452	3344	16731	4458	12199	2116	9971	5706	15687	9485	17393	253	3184	5941	3444	10829	7560	10910	13464	8269	9328	2435	3361	19366	11464	11695	4166	7677	3144	19973	1959	10104	405	15846	11433	12674	18768	2514	17783	341	299	11922	15381	18573	6552	16575	3080	1781	2003	20031	12189	7564	19217	9760	1640	6011	16411	13427	10782	4489	19029	474	6939	9846	675	7357	15169	11198	7360	4973	16627	8750	15293	7037	7109	7282	4080	18458	6076	19598	15009	6185	12123	8606	5696	20147	9201	18006	991	10539	8896	6967	12049	10223	2994	12938	9151	9564	16442
1353	1090	18127	2284	9101	6946	17371	13850	375	6588	11837	13123	9848	2322	2883	924	8698	6855	1974	302	4004	11686	14618	7307	14047	8130	10003	15329	14159	8995	11355	15996	7345	35	15797	463	12381	14003	18592	12341	4335	8948	5050	18310	17352	19611	12246	13090	12871	7022	913	12801	15794	14540	798	3594	9038	13339	3639	763	471	15416	6849	6518	6203	14552	16496	13494	10905	17769	3580	8899	19617	10881	8806	13364	9694	3254	3496	13016	19374	13371	20048	17552	18706	11512	9242	14549	18000	3062	8835	9656	12964	2480	12492	4593	12079	11884	4705	5308
14707	17804	900	2478	7415	20038	2044	13526	1152	11813	4408	6050	16840	15765	11312	721	7526	8824	11602	8550	19092	6496	18823	13191	19710	7713	9106	4854	6887	13476	10011	4969	9348	16794	15819	13456	9926	5436	14985	12559	19514	4899	2457	12426	1734	8831	8484	136	18222	2417	2626	2536	17789	12149	14846	3915	15722	16640	13144	14668	17075	17164	18745	11705	9999	13505	5118	13864	20108	13418	5755	9538	15421	11069	8041	3778	18366	13228	15716	4808	19652	1198	5825	2480	3113	20087	15866	13662	18313	10159	15719	17682	10828	11279	3579	9562	15292	14529	18611	114
16457	16251	2599	5983	603	894	19375	13774	8742	11173	12523	6446	12871	16415	15792	10852	2762	12230	838	15515	3602	1921	12641	10332	13601	8559	10425	126	5503	13779	16228	3809	4341	14730	16493	12747	14374	9924	11695	5940	13781	9760	1362	7849	12777	17890	1528	8007	41	13396	12487	6645	18916	9298	17262	1437	723	12219	3220	2611	10024	7900	17991	113	11014	4192	849	56	17830	16579	18144	15187	8671	1502	18028	6181	5097	11129	18242	3076	4205	13852	11472	8260	9415	13395	3416	12999	2974	4919	14762	7017	5107	19369	8339	1843	16889	11899	2594	12112
17055	18158	3771	16842	10247	9829	10454	7065	18535	8381	12310	11410	1378	18302	8827	2316	15988	8889	5963	1105	11385	9222	16461	3575	1678	13237	19068	4093	2708	6657	14384	8813	6995	2964	2306	7505	12815	12512	17639	2561	12333	4786	13476	14630	18224	4098	20187	964	2612	13413	16427	7665	12578	20031	18725	11189	2287	395	18357	4718	14099	4466	950	14235	1828	15368	147	18035	11288	12661	11536	19086	17335	913	7526	10803	1585	5308	14973	19241	6969	6199	18880	5442	16148	14589	2805	1955	12010	19695	2440	18985	10623	13969	13311	8226	11143	11399	3204	19369
3393	3373	6937	9499	18679	19463	10020	6574	414	7179	12470	5346	3307	12267	10285	10122	19856	6219	3716	2132	10	8488	4299	14183	207	19800	4369	6306	1691	1227	12084	2610	19908	1371	15448	12661	5003	6058	8372	9052	1452	12988	14429	40	2506	3026	18030	12606	16426	15034	13111	12944	6920	10395	2483	17472	6376	7893	11097	10260	11444	4277	3849	582	18239	7394	4802	7239	8609	6520	13708	5782	6197	8954	8683	11393	9737	10784	2923	17893	7901	10786	9583	4672	15811	17096	18507	14206	8753	781	3223	3324	7042	2334	5942	7546	17851	5015	5594	17092
15340	6288	19541	19858	9710	7358	8809	5063	5960	18237	11732	1535	15572	11826	17386	7218	7547	16499	5879	2830	677	9967	19232	1104	16267	18868	3797	7840	2121	3072	5336	2965	16908	3314	8704	7274	16478	582	18035	2787	4554	9780	16608	1115	19222	12782	5341	6833	4970	12697	7506	20146	13404	19083	16692	17811	13171	2890	15242	7668	5270	8456	19471	210	17943	4747	16760	1585	15745	18250	10707	10615	18569	12720	1586	7524	16862	19029	5577	1017	16774	130	7876	3255	1957	8365	7175	854	18731	1880	8464	12492	15214	10263	4023	15192	15798	16274	4590	57
17257	19076	4957	8302	63	495	16427	6190	13019	12584	1394	17457	2158	2917	171	9093	8010	2026	15905	14379	15579	7667	13564	689	13141	2064	18506	12277	4316	8379	3169	1142	14173	15389	7705	5935	11376	218	16878	1907	16747	13526	553	4084	15719	3967	509	10566	9271	16186	1422	4073	19564	17183	17028	11448	19312	6990	19459	17781	8890	15527	5357	10900	19744	5202	6548	9498	16593	1972	20191	9581	19822	6067	2715	668	13711	16471	18922	9561	2387	12036	3818	17362	12853	4301	218	4209	9710	1858	19636	494	13306	2656	10915	16427	9656	1586	18680	3667
10221	17141	11181	10070	8172	2058	17811	15711	59	13089	6559	3787	4407	5134	5085	3942	3309	12871	11748	15405	16516	10832	442	8827	16224	11542	15593	2850	8523	4500	8569	623	15527	14213	9580	1405	3765	10437	17570	8701	8348	279	12615	4123	10042	14240	4030	1416	14654	15150	2807	9958	11581	11491	12898	4080	5028	11385	15759	7744	14235	6638	14418	14751	9997	11511	3808	2070	11665	6003	16016	18728	11060	9751	15282	19251	7807	5461	12051	1215	9117	5112	2300	10042	1708	1688	14906	6203	10986	4855	15517	9097	19859	16385	5732	11451	18890	15032	17757	2354
17922	17811	17560	18163	3970	16587	5046	17981	17022	15271	3417	801	12847	15686	6850	5170	18163	12980	11691	2152	555	9028	15781	11608	14730	14955	18533	2714	6622	2782	800	2733	7555	1056	674	15962	147	14191	8023	445	11153	19850	16784	17811	18372	9734	12827	1907	11549	3482	16814	8277	6490	12309	11	10475	10517	16645	16151	9151	7310	15353	17267	8326	1765	12800	11581	9814	1195	9316	11292	11090	2251	17249	5107	15002	4667	5086	5392	13948	8654	7655	1695	18528	4871	19759	8983	445	19141	16106	19461	10385	18035	14411	19454	1405	15647	3051	15117	14372
0	17578	4027	12919	9441	14386	19414	19006	10586	17037	7254	19765	12344	10373	4450	1021	3515	4447	18236	19628	16963	1656	18209	19859	5772	3567	4434	5513	18421	9757	14340	6000	9055	12959	18074	5769	9603	786	14434	3938	15450	4228	879	2	2334	13485	4067	15597	15409	1703	7623	1355	10282	5389	918	2073	11110	12617	14695	18371	14000	11609	172	11638	8331	11735	18590	297	4680	19759	6644	15876	11913	4110	215	16375	5513	16784	11975	6197	14099	3769	3087	5271	261	13231	11041	3267	19318	18158	18	341	8317	18034	19216	6415	12850	14488	4706	10008
8250	20162	13393	11418	8861	668	13685	10665	13413	2694	4848	9914	1837	10632	9515	1921	12492	13605	10845	2621	11853	553	12901	15512	8809	13658	19114	9152	2535	8682	184	12662	6053	12961	3437	13732	19364	17416	13055	12036	17004	15507	19083	8872	15495	383	17516	11581	4370	11526	7402	10165	17656	7422	9081	2803	13639	1996	14659	940	872	10423	868	15690	3400	13849	5500	5746	755	1640	18283	12160	16074	17319	5499	8075	17151	19312	10637	9131	493	19344	6126	17414	14173	7934	8566	1131	15903	9457	2496	6311	4023	15983	10381	11225	14068	3273	9962	12857
3366	20082	13333	7045	3199	2242	18462	9331	4040	14974	6989	14419	13049	11156	19921	12562	13681	3683	19801	6332	19074	11473	7730	5803	9791	2682	18371	164	9911	9232	6307	18486	798	18632	5296	6287	1418	7064	4530	7908	6649	18701	5798	12692	2259	224	9050	15955	14921	16133	4755	12451	2626	4423	14068	11635	2124	4818	10004	2927	6431	15684	19624	6390	13187	4188	6099	442	285	17779	3547	12095	12650	4672	9556	14893	19934	2817	8958	10370	3335	14295	9078	8810	19866	15961	5260	8019	4643	19620	12060	4611	11203	4334	19063	17851	6357	19866	11933	12897
15892	17907	15735	1042	13672	20142	8625	16018	6420	13782	15862	14418	2735	10628	1650	9688	15758	6490	19760	15078	18283	16460	18039	16570	10166	3866	19308	8693	9717	17858	6430	16598	10007	13980	11199	16216	17719	15370	12157	7976	15957	11558	9503	8272	16472	4561	2691	8992	7388	12626	4190	17189	16050	3652	8566	9018	7066	7633	11047	1938	18091	6533	10507	12620	14458	11663	11533	11969	4271	15141	1915	16344	3910	7137	10035	19142	3110	502	14612	17861	17141	3170	162	2924	10463	11083	17066	11230	13874	18639	1902	8195	10403	11718	4113	19851	16505	13538	13430	14273
15503	20134	16217	18396	5821	12535	10428	12827	2911	19415	6657	9947	7877	11472	10100	8035	5620	1153	15175	6542	232	9947	7314	13152	1018	147	5432	18276	17335	7781	5514	3348	19142	3243	16048	14015	12166	14935	16324	19800	3878	5081	6239	8156	2788	10744	2730	17129	10181	7394	18426	1688	6435	5610	14626	18868	14500	17156	2156	6577	5678	17865	4017	6085	13841	5145	14022	4224	19542	10020	5496	5216	1389	16699	11438	643	9300	4158	16852	15866	3682	5177	10065	8847	2236	4437	6031	5381	19078	17607	5487	14516	14618	3041	5207	17327	18584	15839	17020	19149
14023	7943	1720	9881	4143	3756	5724	16754	7453	16802	19615	2478	8827	13433	6080	8444	4017	11031	16224	13513	6793	14957	353	18098	19125	9721	16025	6249	10490	5680	5494	9589	6003	16910	18818	5535	7842	16903	5990	4561	8319	6058	1337	15023	13049	2376	6285	6463	10540	9619	4670	14261	10459	15249	6366	8702	11843	9118	10798	1640	20102	8427	14960	17604	7062	10592	18872	14654	3484	7098	1558	12793	13756	5642	447	12571	13939	1999	16061	12568	18808	9539	12393	494	1894	2561	17400	15293	13628	16440	19904	18152	8869	3656	17695	9077	1488	3222	10459	297
643	12197	9202	20024	14279	3028	19600	8914	3882	5517	11687	19176	11457	19324	2657	1212	19732	15816	1852	1868	13043	2379	15084	14363	19158	10157	8291	5041	13779	9433	2534	10964	9679	8186	6410	3425	7032	5907	2709	11811	13325	5177	18163	17038	16996	7754	17879	2252	3818	15700	19085	6552	6611	12654	3159	11203	5056	2595	10365	5374	16516	625	7948	4720	7536	12396	4778	3534	9396	14419	5494	5052	14288	1466	10137	497	15887	12026	12347	4970	8592	18947	1137	1983	19758	15263	2451	18339	5317	10396	123	5324	1378	12151	3044	12682	18500	15352	10033	5055
8465	14673	12356	15064	5790	5286	8869	19012	18727	16499	19603	19338	18922	5929	18035	6283	9499	14767	17009	1041	16380	8352	3409	14321	17658	16154	7443	258	17014	12817	8471	15424	98	17472	6163	10805	13902	19886	208	11590	10087	3580	4784	18368	700	9686	5977	19091	12324	9307	5933	13500	14631	16502	2355	3945	11306	16461	11968	4998	9158	2706	20041	14680	20167	18738	14887	10885	18556	5369	8480	3732	14841	8665	8682	5894	311	3674	5787	4139	19321	8657	3005	1677	3337	3114	14807	16649	5254	8474	10004	17079	190	4289	6367	15365	2538	1264	10076	6347
2899	558	5757	2660	17358	13716	11924	1860	715	2853	11705	16889	16273	11098	3778	5111	2327	16156	8006	16517	2058	15156	14719	4785	16260	10716	449	1283	8295	12447	877	16644	19081	19873	14644	2289	4257	3443	18922	3635	12862	2417	343	2072	2046	13846	14856	14946	10035	11929	16858	8417	14289	646	6131	6765	15990	8433	10482	2190	16360	2347	19264	9308	17906	11555	987	8832	9040	6753	5839	4091	1751	1019	5342	17472	11870	269	20099	1000	5044	6371	12924	3574	6892	11095	6758	19107	10994	7540	16923	18533	5952	18896	8326	15085	14251	13030	4818	9973
4627	3404	16540	7308	10801	19810	8760	6641	18334	8652	17662	9985	7576	10181	8069	2641	19208	11806	18284	9176	1454	17789	1206	9335	4715	17354	10674	15722	20125	1730	16800	17637	1982	4321	244	10315	6338	15084	6988	18425	9513	18647	8400	17489	2909	1804	5462	14208	8351	9294	18248	16156	1894	3951	4916	7238	16958	18006	11644	16752	19913	10112	11860	10964	12516	18572	13016	19823	12647	5586	884	4551	7274	9628	17464	6106	12514	17991	2528	13073	3783	5594	7795	5534	574	16679	10152	5074	19373	14461	10376	18483	2155	16869	9095	20152	174	10428	3895	17858
6550	18479	18720	1251	11192	12297	7391	4059	10411	3601	1398	13713	8863	3087	755	19494	13061	20205	17391	7676	2948	11085	18776	9530	12712	8655	2164	17876	17664	4049	19216	7877	10049	17481	12556	11153	19611	11200	2002	15585	8062	16527	6130	18338	15284	1766	4520	5641	10019	6736	3960	15959	5286	6039	10916	6061	13539	7644	16916	18189	3135	8433	14971	3945	13061	3521	2702	3042	7067	6035	5085	5356	2710	15448	19132	4086	10253	14416	12538	7611	17432	6365	5797	12601	3425	5543	1893	9714	1386	17694	9005	14391	5308	17491	16729	19457	15136	3264	387	17536
5675	10554	11566	8217	5429	12167	10329	2181	1643	6106	5305	11472	1803	14245	470	3761	10259	2853	3214	19141	15328	8857	9465	7531	8657	9831	12377	18082	319	5882	17330	16515	6552	580	12776	11	8615	1726	6483	18201	19431	14593	6163	4533	4436	14863	6637	4291	1412	16325	12265	18622	13022	16692	19362	13687	564	10559	1090	14874	5342	2087	4948	7560	14711	15293	18974	4341	5232	18479	8125	4006	177	10699	16422	7659	19529	16667	14726	10276	19941	16245	10453	13504	5025	6053	8332	7041	12457	12429	6328	675	1382	3502	70	15009	20158	2837	8250	13722
1792	13817	433	20057	15353	11141	8588	8379	13043	7360	8018	11232	5009	12271	2686	18241	2159	13604	19387	4674	17260	14966	3710	18266	20050	6555	19465	2088	14516	207	8281	11445	12629	1717	16551	10982	10534	20069	15030	1852	14206	1481	8099	5935	6488	5414	16216	18750	17199	15119	19843	14379	4006	8965	7671	18012	13450	10193	17051	13424	5313	14306	19107	18962	14185	4176	5829	4152	10018	459	15269	3994	18201	19119	5003	596	17373	14933	15712	5901	8268	3144	18408	1862	16121	4522	9116	15864	17727	9270	428	1682	15311	10268	15296	12952	10610	5284	1977	17459
7968	1237	4923	4480	9621	15687	5849	13679	15938	15875	11112	8878	1606	13976	10243	13447	4920	15001	16789	12212	9002	8694	15392	12313	1541	10642	8812	15876	15563	14588	620	17737	4906	14960	1733	19117	10163	2687	4904	12913	17986	6904	14609	19731	11292	5290	10791	16898	7764	1344	4391	16923	18112	14379	10230	7511	12036	2883	6252	2422	2475	887	7177	404	16448	9965	1389	5025	10562	618	15958	1603	5678	1454	10695	19023	1859	18014	9589	3763	5701	16218	8647	9543	11616	12233	1955	16120	725	10357	763	5768	16746	16999	17844	10228	5189	11874	16720	5583
20182	923	5673	4292	14945	17567	18985	3018	9924	1734	14890	18911	4650	12892	1093	19720	14961	14518	16517	8967	2371	3329	18766	4781	18735	4625	7265	1983	11676	9467	8019	12077	5126	19068	3153	514	18647	8151	872	10628	11531	19072	5779	2626	4592	5500	8944	1993	64	7906	10541	13365	15314	4348	12915	4722	12929	20017	16314	13857	4627	16249	2077	16694	9485	5432	17415	7790	9541	11124	13118	15368	4255	8305	361	17782	15459	2833	7756	4711	10254	9046	17945	18309	15923	765	18679	18986	16590	18433	13914	1530	10169	1695	5119	13348	11158	12534	14485	14812
483	13042	16001	1481	17165	5723	9172	17637	16366	3762	19200	19835	13986	18115	7318	13010	7387	14531	4290	8857	2541	18036	18494	12190	16794	14564	16357	13166	2103	9169	19851	13064	12667	12982	5776	15722	12060	6270	15415	10865	10447	19504	16461	3977	1684	945	778	13796	4029	11997	5017	19330	2120	360	16263	4524	2159	12287	9184	15573	19803	17409	16776	8297	13193	18736	17227	11812	13114	12916	4054	14413	19300	12542	14451	4884	16254	10011	9581	19567	19715	19482	5147	5516	2721	19330	16379	6487	12529	14449	967	282	4406	19281	5808	18722	4572	11306	14991	9379
132	6406	4190	16585	10601	8130	6216	13634	16291	18041	14095	6363	5357	10483	19858	18323	5178	6332	7764	12275	19923	13583	12561	17064	6382	2311	11997	14767	7177	14953	17353	4397	11396	15885	15735	2762	1251	3411	410	9444	15768	1294	16216	9761	11074	1204	17335	8336	5457	19264	20010	1971	19356	2643	7359	15280	3071	8207	13397	363	17800	16653	3332	12430	18661	11097	745	130	15193	18841	19062	3507	15845	10304	16284	19598	17779	2669	1986	19111	623	3881	11695	2374	15979	4661	14165	7017	12699	3304	11352	6875	4897	2446	1869	14548	11794	2021	2222	16721
15233	4379	1458	412	7945	18315	11573	1773	6457	19187	8870	20018	12170	4158	16493	12321	5371	7071	1051	17943	5514	10941	14539	1597	9253	1827	3482	18474	3554	2506	8329	16657	2091	122	5425	7902	17456	19677	100	2537	12241	17164	16406	17873	10839	5488	19767	12594	13282	7444	13389	6594	834	4720	17203	17272	7977	8959	16118	668	10443	18354	5910	9035	11625	16192	15824	11518	9435	16746	4854	12265	13481	16747	14060	17961	4287	13943	16407	7221	1042	2490	19750	1950	7927	9325	4125	15253	14268	18874	5063	9645	5349	16847	4705	8864	9661	8716	16796	16201
945	13891	8910	3135	18316	16321	16114	8854	7189	19184	12425	12450	8265	19866	2	15120	2899	19757	4836	19169	12210	17878	19609	4163	15891	10471	991	4200	7507	17962	2575	6363	14767	10538	552	4424	10147	18324	1007	4951	15821	10986	13322	843	6859	18064	6077	3813	6295	1658	7748	8389	15872	15700	10753	9027	14492	7507	9130	3546	1777	20020	10373	20047	9725	493	2570	5055	14948	18097	4439	13432	16386	19357	16908	3779	9305	17428	17313	954	9731	15297	8403	11370	3805	8171	18427	2856	6683	6746	7564	3754	11143	128	2371	14321	13578	6595	5355	9431
18113	4443	3320	4634	4312	3329	3619	1384	12888	7839	13507	14772	7003	7716	696	16218	13397	14726	17261	9894	18526	10565	15960	7334	3633	944	14643	15821	8158	7431	13118	6067	19263	7437	1597	13569	10950	12728	341	13710	11187	18829	5611	4936	18535	3460	2748	1726	14485	1656	1663	15851	75	19870	16938	11922	14747	19081	5174	17443	7206	5580	11961	146	9688	11487	14162	18866	19597	399	12103	14426	17757	6005	368	505	12692	3642	10491	10738	4686	1324	5676	8173	16840	14630	5575	11003	1166	3486	316	4296	7837	17626	7621	11809	13159	10777	10984	13193
7187	15898	12278	3988	965	16330	15938	2121	16173	8132	9366	12297	7783	890	5676	15583	9562	3201	9832	9603	7743	2745	249	5283	930	4856	14306	4933	13226	17785	17663	15642	12295	12592	9936	5828	7546	14734	13661	6228	2828	6310	8486	5764	15085	8777	15958	10243	19271	19767	18781	18093	641	12568	5056	15315	12077	13287	17876	14632	2699	3562	16063	284	16697	8737	9038	9359	11385	4089	17724	15560	8596	11180	11546	12051	20198	3626	12190	19055	935	16958	6360	16968	14470	15221	3407	9691	7247	6940	7971	18548	11247	11008	12613	6236	1031	2270	6597	4493
3677	15566	17322	14041	7095	19076	14583	12492	2676	4699	14635	17354	19928	2744	12259	7638	2102	368	9575	15959	6698	11279	14318	13105	6609	610	13616	14640	14469	19326	7319	15450	15900	15278	16954	9520	19074	14302	7540	18668	1491	18354	7114	16442	4933	5172	9245	6855	8992	14366	14506	9643	4766	6696	7203	4611	4195	5253	7177	9551	14727	8103	3644	394	13275	7654	7603	3605	1334	1628	2735	11965	17046	17411	9367	10541	15205	19154	836	4244	17420	2404	17094	16185	15764	18723	2899	14681	1588	6745	2146	7133	14391	4329	15962	3162	7601	13192	14420	12288
10885	7288	7839	7478	16282	9367	13099	9551	17231	190	5566	13746	4707	17272	12514	7592	15055	17569	5015	5425	9279	19882	16904	16397	7798	732	15277	14539	14363	6911	3566	3974	1983	7798	8678	11810	14804	347	7048	14271	451	13950	18112	9418	7075	15021	12478	6096	2045	1090	11615	3814	1585	13068	12514	5120	11980	1752	10581	2620	7369	11222	4875	18793	5034	4287	16220	15592	2178	8942	3485	18645	15096	9843	9158	323	13406	19092	15929	390	9307	3075	8156	16816	7452	10890	9906	9457	12848	11389	4718	19194	9768	7703	11251	2236	8861	2548	2823	13282
11907	3663	19716	9327	14365	17659	4126	2477	16133	7196	828	2920	2548	19724	18693	11911	3531	15688	13027	18362	1438	478	10961	6704	6928	15702	9402	4121	14927	19066	1988	1362	4505	3726	20162	9699	13265	12664	4932	2062	19368	4812	4859	6109	11606	11390	4099	11707	7102	10738	1482	2674	13946	10585	7833	8637	5900	13851	15109	13132	2293	7528	4894	11393	2501	5581	3341	14845	11049	15848	11537	15276	19067	16764	15764	5016	12172	12271	4880	1677	8839	7391	18298	4915	9090	9316	11681	5540	2672	16316	16953	4681	18114	16048	5234	2687	12204	16615	4678	19656
6005	18866	17548	3293	5926	18249	4153	2877	13815	5526	1977	6431	10285	6596	3752	19164	728	2856	16087	15131	1436	7366	14330	20118	15735	11616	7891	13885	3494	8179	6969	12237	12311	20176	19735	1014	9833	7531	423	8721	7357	6473	17401	17818	5795	9772	9353	4619	1150	7484	7124	8065	9211	18945	127	4519	7177	11830	3047	10177	15273	15855	3017	5085	13135	2352	18718	14991	13088	7897	18433	13976	3184	14823	17065	18934	3337	3778	10498	13511	13101	6540	18315	395	5441	2920	16429	11609	10296	16851	4812	13163	19642	13582	7532	9434	1278	10827	3343	7346
18211	18398	8730	12219	8027	10980	11771	7982	3304	14574	3696	17167	16774	14655	531	9345	9966	15876	18432	16156	2524	15235	17389	43	10402	3880	798	12712	1407	16871	2759	19237	3586	2293	3254	19898	8002	3796	16764	3932	9457	4990	7265	9716	12364	9193	15502	18896	4326	2087	17907	3500	9967	2223	10472	716	11105	17384	8791	17913	10183	19795	2447	8240	789	3463	18701	18524	14443	17895	4772	18344	18360	19454	17673	6003	1428	13265	12825	19687	8232	5288	16330	11561	940	20065	11215	6496	5033	12837	2430	12004	373	6998	14488	4059	11585	10272	4552	7367
14827	11956	7892	11326	2820	18472	11664	16890	6197	17748	14563	9271	15137	16107	5487	3045	5271	14840	15479	12960	5336	4923	14608	760	18620	15675	8386	19813	9616	17266	17312	689	9268	15645	4637	13041	13803	20028	10472	15276	6986	18951	15830	16407	16346	16568	4315	11979	3972	18291	11453	9200	18872	6457	4829	3691	305	11986	154	19941	924	14362	4001	3344	4581	2993	2951	3361	7763	3942	10669	9808	16220	5019	2042	13159	19670	7891	5799	11792	2546	6132	721	5962	8501	15242	17161	14119	6224	8824	13252	15646	13507	15175	16583	2331	17165	16043	3913	11557
17613	4850	14227	15639	3789	10165	5323	10673	20069	13376	3771	14216	4136	2799	12049	8954	20161	620	5298	19814	7493	801	12684	15725	11618	17469	3043	19344	11812	16963	11725	12468	13678	15632	2763	2850	8798	19758	7460	4163	14056	16574	15076	471	1644	14761	8523	6972	9862	8857	6359	7848	8299	5462	950	7644	6390	2058	12787	17981	10784	14355	19592	10601	14287	15639	13167	6789	2167	5274	8410	6793	11971	9473	20199	17785	11020	14434	18586	7346	5656	801	13103	13840	17730	5963	7345	1894	1058	8351	14508	5193	14343	11444	8357	4668	1428	17643	20098	17295
1819	18134	8701	8318	9605	12875	1630	13084	9834	10632	14469	8021	3450	9728	5525	14515	15887	14762	2837	9911	3895	5588	15109	9779	2835	16362	17814	16927	18427	2983	15156	12976	18638	14794	15932	5211	7292	6811	19153	14588	3732	19369	12919	13178	12309	10919	15505	18226	15567	19350	16489	11819	15135	4319	905	18190	18384	13901	6811	11596	15236	12136	976	2283	14905	17643	3308	2006	194	9192	2745	10166	1556	11575	5711	12935	14592	1906	9590	11805	5219	12606	265	14780	3223	16502	1643	13668	3131	378	2158	1334	392	4279	14870	13631	3067	3298	2988	10494
3817	13123	17480	7254	7257	10999	3114	17479	17759	19755	18033	13831	9258	1460	18235	19358	9276	5507	19469	12986	2549	6481	8982	5329	3448	13961	15518	10921	5767	12434	6412	15682	3947	14031	8121	16901	18995	15249	13790	2376	16975	7359	6614	16422	19656	15628	1408	12313	1842	19944	6464	10598	12304	9753	9648	14060	10984	15138	8742	7853	2719	5491	11444	2070	17270	19095	13853	18192	534	7313	19782	6466	12793	9523	14410	14380	13340	5283	14005	2883	8130	6040	1353	19541	1115	4044	12609	13425	857	11581	12132	10084	11913	18147	715	20114	19834	13525	3763	2673
104	6353	6747	11041	20023	19796	16595	2300	7619	13225	15563	14213	19613	5869	13097	6022	18406	4709	3188	3052	19256	13132	11334	16766	8256	11317	19552	19803	5901	4069	10932	859	13852	4880	1281	1227	20147	15137	19973	19012	137	15942	8824	1718	13161	1819	15655	12320	10237	17101	5599	13692	590	2713	5941	7885	19718	4897	5675	13291	13399	2234	19520	16409	18979	7031	17802	14276	15585	11527	3994	17811	7137	4778	11536	15568	11087	10730	14406	4903	13435	2793	20032	6390	5119	4192	1799	2702	81	9875	17673	12853	253	12088	16517	11597	6215	43	14668	3549
9412	11362	13509	526	471	20102	3407	12872	5702	19568	18202	15320	5368	15728	4533	1009	321	14652	18745	6207	8425	7159	4747	6644	17932	15041	9973	2625	8141	19139	10675	12729	5867	15839	15293	16183	6248	8722	6180	6850	9087	4832	17913	15364	3769	11601	15076	8902	18396	16055	4997	17646	9895	2196	19437	9604	18813	8889	9262	13907	9403	6484	17783	17087	12617	11917	17744	18934	16645	8948	10459	8310	12829	2646	19264	8183	18881	8341	13947	19483	2637	19617	675	13589	8637	15292	16688	11994	1743	6903	3638	10071	10141	6235	8041	14381	10291	4907	16152	13596
5679	15847	19367	6035	12320	7141	6081	4591	17928	2306	13024	3366	18882	11065	858	6360	2750	12694	11327	4668	473	16447	1579	7912	7790	6967	9160	19305	8575	9933	4720	8541	5222	7597	12296	15735	2475	7083	8077	15936	7901	2379	7165	14130	18985	11319	111	19693	2367	16833	10396	10742	8907	1452	4911	5588	774	10584	15714	10982	9558	16775	7264	8480	1319	13100	18158	9181	2349	4503	8355	2598	7722	4028	15957	5288	8965	19908	10254	3937	3076	16101	2768	9423	1127	14327	9340	6338	5779	17355	5457	4989	17552	15374	2695	15830	17371	6180	12136	14756
13753	2443	9373	10552	7658	3554	6276	4916	7447	152	17740	11764	10921	19209	52	9838	19081	12420	16125	15192	483	12968	14056	430	16814	13185	15209	13220	1916	4479	3691	6941	2811	1799	13090	2542	19899	5292	10500	14524	17403	15068	8302	12475	18918	2075	14887	14023	15361	14900	7717	16295	3839	10483	17816	4660	11808	6309	16651	18232	5082	18976	4738	1637	1384	1231	3993	11929	4588	16628	7891	1379	10103	18397	4348	3145	2730	6484	6426	16816	11110	4137	134	14934	10480	8343	3344	6272	10967	5046	3194	6690	10011	1643	4549	6065	17711	16835	15990	1691
17104	13724	7980	3145	17083	12006	15260	12258	2468	9203	12375	14630	15780	427	872	6697	13268	6576	4787	7934	1874	12449	960	9479	2621	10632	5898	190	18328	13030	17430	19318	18584	3463	7560	19324	5696	16074	13536	8733	12929	19883	19222	928	11452	6030	8736	980	12178	6672	6829	3822	3961	11090	3972	5899	7754	16439	13987	6020	16842	16737	4531	9607	9136	16241	18687	15675	8862	2651	8556	8369	19558	14495	7241	17682	2717	11749	9009	6020	7781	16607	14151	16570	5137	16135	1195	11777	6205	2935	9424	2765	1508	15047	14630	6541	13706	20000	8761	10869
387	13498	14380	2432	17411	9612	2466	13538	6704	14770	3591	13511	7197	4086	5074	9387	16575	122	6105	11418	18127	1283	1839	7282	4272	9575	19634	4542	12144	19209	15076	19872	1011	9631	15983	19048	9554	13525	1193	18113	13525	11710	8384	13490	10204	10447	17220	17385	2457	13593	16754	4474	6106	17608	4625	2717	4259	19816	3299	19675	20054	644	323	5986	7934	13432	19935	3232	17475	7100	2667	1332	4956	668	319	18445	2528	12180	8968	4217	3629	17009	1601	16299	14887	6983	5354	16467	2331	8394	11799	19211	7151	983	8627	9889	1081	5968	18664	5538
10891	10853	19823	19567	17599	11464	15779	19867	6846	3079	491	4011	13746	14815	9373	5350	809	1000	8847	16975	8566	8631	17181	19167	8036	2284	11968	668	15063	10427	5940	6347	17352	15840	19854	10274	8331	14459	16299	1099	11492	16078	5681	54	8621	17338	9166	17905	18703	7080	14718	5306	19232	677	14656	11368	14488	11349	17900	463	4755	12138	12301	7046	17919	14742	11074	1660	2662	653	68	69	7762	6964	5613	4546	6902	8273	1271	13638	1749	18698	5380	8249	6316	14461	2761	1206	19646	17475	10347	16195	17975	18284	12914	6890	223	9310	12667	11899
7356	5627	11062	11798	6338	13756	384	2398	1332	4074	14182	15554	6514	1316	8890	358	8805	19848	7511	19744	4457	5442	11182	6895	2358	17389	5235	13674	18103	8639	10243	12944	7611	13005	5323	19041	5682	7372	2680	17694	5696	12152	4436	1991	11703	3417	14881	14097	5916	16013	11387	6759	6363	7544	16799	6347	18809	12665	17365	972	11401	11586	1953	8565	11390	19784	16528	18408	8407	6937	13883	1297	12136	19600	20194	7710	15334	6972	13543	16554	17407	9616	2392	17193	18222	8438	17165	20181	19368	4746	15724	714	2250	18500	14734	8098	11766	19228	9933	19802
8481	14370	15192	19800	17009	9103	17183	6287	6597	17001	19270	10639	8934	7788	6350	1524	19434	19554	1949	8654	4230	18239	16374	2550	7664	16232	3907	6961	1976	4983	3960	17662	13003	1975	7307	9838	19473	14768	16075	10167	3779	7142	14988	15988	13340	13191	7553	9429	19913	4938	338	17143	4084	5066	512	19223	9179	8251	15194	15160	8180	12512	6873	17770	3431	858	13901	10804	574	2598	7832	14384	19944	15136	9154	8128	7472	2346	14370	2236	6374	490	16429	7057	17129	8023	19005	19051	2181	4842	20102	5069	18486	3549	1553	1206	17556	8692	15984	13945
11410	2011	17606	5900	13705	9979	7696	5186	646	1243	14987	14060	14590	13748	9979	5600	16291	17119	4002	6704	16947	4870	7628	3471	6980	4388	10635	15757	9645	19865	3052	4243	4725	3335	3506	341	16080	2000	8858	12815	13027	4418	13744	15636	658	2962	18844	6276	5242	1815	9214	17373	14268	17724	2548	2108	4436	6458	5808	1752	17129	2529	1487	13891	10653	9307	5379	6869	16910	8716	6217	17893	19329	3586	17450	4763	9158	11144	8551	13008	7853	12489	2657	16890	7955	3783	452	17174	9039	18286	459	2120	13646	19151	9974	5933	10634	6034	17315	3808
10099	10869	9924	19150	13891	13559	3366	5409	14827	12897	19557	6971	5775	1942	8038	1748	15132	18001	13924	7414	17148	16958	8365	13713	6207	4589	6733	73	5557	11039	19816	11117	6847	5164	15001	9240	16134	12163	684	13646	5588	14374	10826	4208	18236	9006	17374	8533	494	7943	2003	9276	6664	19150	3567	18813	9117	10999	6632	9723	16471	16178	8922	5385	15568	3932	14268	10950	2461	14574	12708	1352	11319	15843	5514	16858	7705	2591	2932	6362	13120	14485	17650	18707	7550	13460	17087	5028	9892	17853	15072	15173	11645	3496	5277	8745	10980	5654	11709	15439
13744	10592	2311	7772	17272	4979	2609	1043	13505	15599	9911	9467	9667	3818	15216	19237	10932	9635	16148	14721	12969	1992	361	10983	286	8522	14745	15916	11616	12245	862	12936	14644	16135	9730	466	16562	1287	2291	12976	5938	6036	6545	8109	712	9461	1598	18481	3372	7955	815	9856	491	4861	20084	4301	18228	11892	8750	2925	861	18706	8142	3363	16494	12532	11177	6913	2457	12300	18374	4607	18439	11136	9605	9334	5795	8714	19072	7836	12014	12741	15637	16176	3229	5244	9038	7638	20067	3463	4738	20013	12301	6598	11138	4312	11326	13532	1622	113
12429	9209	20072	13658	4173	2745	15661	3030	7367	19576	11334	7033	7782	12265	10740	20167	1789	15472	13615	1718	10991	11352	19156	16833	689	6420	6845	19107	15573	18090	12233	19218	19743	4322	5342	4099	19156	5257	5774	15322	653	17290	9294	13365	11040	7540	16004	580	10146	16177	8078	5153	4150	3668	3076	12790	18186	2012	10551	1636	10223	2364	5481	19333	17847	11694	11794	13584	8329	1920	14542	5426	16001	16024	7547	6444	19615	4171	3702	18486	6877	1155	7935	14827	67	6574	4475	14608	11094	16153	16267	18377	6833	1597	16047	15319	17853	9737	6186	16669
7595	7035	18121	11329	3681	17440	2526	5316	5468	1573	2793	16203	5267	9554	9362	10403	539	8994	403	19324	7292	5623	13543	10506	16407	13470	4384	15887	8358	9560	5193	15103	9301	3857	10782	6040	19160	7327	5805	10774	4844	1655	11187	10669	111	12527	9519	11112	15650	1564	17236	15163	4531	18396	16073	10525	15866	16649	2391	17989	11187	10020	16079	6752	1579	8342	10876	17604	3977	11974	19851	10127	8432	12057	2291	1847	4661	15702	16388	10836	2043	9119	3022	13435	17992	13093	9199	6101	12458	13756	10498	19118	10632	11418	19047	17491	16725	14911	15253	2338
6342	14781	14423	6536	8913	19141	12739	8211	5186	16410	20002	1880	19310	6192	3372	5812	3196	11089	9543	2339	14186	2374	10686	11544	7119	16586	2374	6356	8329	716	1831	6028	13534	13915	2855	7438	17101	17827	17889	6731	14364	1642	16152	15071	8913	18563	20005	3308	8805	6722	15314	18416	1052	1977	12523	15059	10257	17442	17814	14692	4889	11879	16644	399	465	8703	11488	17673	18701	10717	19740	11397	10474	151	7067	2993	11691	6565	17519	11531	9628	3162	12922	9850	2548	17191	14981	4198	9421	6128	7760	3660	14771	6224	18232	14643	6421	12562	1018	19015
17333	19919	9504	12872	14771	6557	12166	86	3466	14151	9856	13513	6192	5153	3922	3450	9714	243	9848	8313	9380	10139	3018	6723	17166	16502	2394	10243	7908	1159	19969	13012	12850	3659	2484	13114	3462	17290	15255	15757	16841	7676	15043	17092	6555	4845	13984	18174	17395	18379	5254	9436	6164	18832	20065	19044	11191	505	1996	13714	2713	3974	11319	17886	18861	9768	2254	10133	7582	359	7207	15700	3908	2854	1408	10507	11877	9796	5136	9915	1579	2969	463	14216	6663	18889	7539	8070	17273	10031	595	18309	7481	20199	4254	18987	11750	17156	3703	9407
16965	9090	6740	17502	17921	13045	18620	13564	13692	15885	15144	8006	16605	18456	2448	11060	5642	8010	3763	17724	4692	5783	2477	17776	17788	15981	6127	10943	9375	8606	16458	11843	11192	4660	18453	5694	18966	18934	552	306	19905	16848	11676	6039	11370	19495	8872	14320	3022	17091	8081	13218	14234	15221	9592	18070	10326	4436	1497	13746	18679	5254	4144	18619	12699	7124	19797	19867	2181	15768	6182	16101	9754	5052	8045	5441	9479	5134	5716	9106	11289	5643	17570	16523	682	1375	8012	9000	14508	3798	18478	1005	14244	10256	12092	6311	2963	8808	10840	19957
3254	5528	19574	6490	11976	4641	18687	2349	4219	4113	15199	3839	7048	19181	18911	17404	15034	16080	3026	16198	15317	18114	2299	14500	9587	5045	17076	12450	5677	9364	9612	11371	18604	828	11988	14162	13161	10502	10622	11954	541	10504	4884	4336	2931	14909	2346	854	11028	16655	15148	19051	14927	6161	3889	9461	1309	608	11784	6075	9940	5257	19683	4411	12123	15216	18095	15353	20177	8211	17943	10019	7833	14681	5821	3587	17165	7226	12705	15255	9467	8984	13868	19629	10119	4823	1486	12108	4002	9327	14659	4450	7348	5912	82	8253	6471	711	3594	16246
3926	17426	13525	2160	130	15181	8761	19205	13819	13072	1055	5701	3683	16004	14861	1111	10970	8201	17143	1958	10201	600	8055	3458	243	17609	11472	10052	15637	13917	7962	6755	16344	2774	17162	6332	9001	9821	13674	1155	11456	1459	17920	134	7778	16047	1766	3667	20192	6080	7059	13090	16840	3005	18536	17876	13438	9054	19719	15137	7744	16493	1415	4827	3262	18336	20000	14513	16898	9818	20014	8974	18286	4452	3430	5983	18903	4517	10541	6310	797	17450	16962	17893	1753	16406	13159	4681	14673	11133	4139	1581	17373	7675	16930	14756	11551	5450	604	12076
1983	7049	6037	1090	2569	13392	4750	2558	1987	9067	7050	763	18398	6713	15691	9236	16324	18350	12079	4648	8821	740	374	11511	14952	11393	1459	4520	6789	4997	4478	10	2209	8350	56	16699	1090	19459	1099	17827	11228	13214	16255	13870	6938	17496	1738	13744	20050	10497	14000	3203	3620	3853	689	2897	6870	5355	11449	18432	6847	12777	11983	6690	8551	11468	14418	9594	9628	4655	4031	8989	19745	5827	19856	7014	3295	1868	1561	17108	6909	7506	9667	6061	5242	2383	13819	8652	3026	16496	9330	14825	5208	834	7419	13604	17652	6208	5990	13235
16256	17445	3407	17871	1045	3315	8331	8835	2183	17918	9681	3059	317	4532	17856	17914	17308	3439	12357	13606	11	14352	9547	8990	6140	4977	10483	1880	262	16090	17281	8484	9479	564	5951	18953	16983	10688	1577	10500	11899	20013	13855	2316	9979	7213	5984	11394	16193	11640	19761	2965	15139	13710	19964	18823	3859	15475	15849	16687	122	16449	9261	1591	16955	13755	8026	18743	17618	16937	11017	7314	11596	986	14730	6104	2124	20130	81	6968	11833	5086	5033	9629	7094	15908	5809	4474	14898	7145	19676	7925	3110	15691	7585	14380	7400	14000	4983	14927
14615	18581	16306	5155	534	11369	7368	3312	3370	9046	12145	11155	18294	16391	3895	1902	15805	466	4423	6875	608	4987	12835	19463	9752	16583	9080	4590	2203	9473	9168	13375	6827	8268	19452	6533	2299	11010	7633	7777	15073	8760	17148	8657	2298	4163	8642	3342	12210	4016	9221	12825	997	11561	1769	18569	11301	16708	17223	5952	12425	14618	9515	8249	5608	10559	5324	18680	981	732	11650	8231	7755	11155	15479	9696	18336	16783	15116	9628	8562	11462	8923	13116	17114	1579	7150	19320	11121	1770	3379	2222	18202	5261	12173	18035	6653	2701	15872	3581
3045	1862	3080	9016	19022	13870	5981	11676	524	1479	5289	3652	8871	16124	15905	16882	14483	13946	16760	6103	2301	13943	3742	3044	12694	17396	20011	3623	10145	17748	4898	17261	15780	13045	1087	13340	495	18892	10407	7957	8028	14933	8018	9564	6961	14019	16548	19030	17940	2553	8137	12538	6896	14451	6205	6484	591	2868	2229	1246	19358	1031	1416	12053	19219	9623	4636	4198	10824	18538	16038	14168	18222	18685	13741	3532	18515	383	4024	12520	740	11417	12804	8827	15725	5541	7764	11650	7917	4692	17900	18507	517	4844	13692	9894	11324	14449	14914	14640
13812	9273	1718	5039	11177	8268	11047	19487	1794	15101	13729	15097	14662	19917	3316	9503	7086	18242	16305	3965	9621	15797	787	210	1625	1171	9035	18072	19496	4578	5260	8562	3913	15052	14372	13396	1049	12185	13237	19664	6855	12914	3363	3135	5858	8625	1044	4566	5767	849	1121	16235	6663	4933	10457	6185	1099	18097	15065	5663	4223	5769	11251	2644	6104	9843	7787	11190	12905	7546	10737	13316	7846	1441	10714	875	8538	8717	11329	17353	8432	11332	3764	2749	3126	10834	18858	13471	8223	4593	17579	448	17432	17053	11584	1055	10320	12313	16610	9409
1147	5598	10166	10201	16432	14841	15564	1714	7264	16408	4016	18642	3365	8508	2457	4072	18756	9177	1469	5610	9886	14758	7986	850	4152	5229	17720	8403	12170	10187	20066	11438	17219	1918	15347	15203	8797	12036	7563	2652	4461	2322	16341	17816	7213	409	16341	17613	18106	5227	5212	13396	2160	12236	8502	14887	17485	12664	725	11189	9183	19163	16018	15792	8055	1403	974	9570	11546	14430	733	18440	8407	15608	8077	16352	19638	9601	9030	5813	12102	3462	16386	5027	9753	15239	3616	13030	11566	7414	10260	12139	5984	10774	15567	4018	210	5225	17719	5536
14573	12421	2014	5271	19228	16784	1010	3072	17397	10547	15568	6934	16350	3373	15381	4719	12085	3381	3287	1669	19902	12498	3275	13387	13262	8993	7403	7776	4578	5015	3007	16860	12194	1752	18849	10905	7466	18727	529	15121	17732	10726	10588	14697	3660	6036	1828	5138	15356	3710	15841	4003	17474	7586	10615	7353	15505	3062	5225	10001	6239	14960	8050	14196	9251	7945	4316	13256	1808	5234	4146	5899	4516	13040	15440	9731	1710	12960	17871	10333	1021	11615	4137	16097	14936	134	16099	218	3724	12862	1819	11520	4030	20050	13147	10517	11552	15746	16653	19830
2538	14934	4503	12095	17043	18776	11150	8707	19748	12718	11555	13728	12613	19372	5557	17610	16248	18362	12392	14191	5039	5350	4925	13968	904	18542	18837	12390	18970	14989	17885	15957	3500	355	15052	7741	10251	7311	7031	6463	1213	14549	5300	15192	11775	10512	9655	3786	6426	9433	1035	19900	18778	558	2111	10562	9164	16551	5893	13598	18406	2664	14316	3156	6397	16169	14525	16350	7385	13001	10843	8049	12953	17712	4052	6161	16088	5511	2727	4154	10950	13586	5732	18333	17735	13060	6423	12829	8249	905	15768	9273	7605	7070	2190	2526	19381	7038	7901	17831
10761	17102	17973	2334	12316	4337	2593	17989	8900	5250	19452	6810	18222	6791	18402	17373	902	295	4137	2306	2251	17221	16463	1523	17028	17407	19749	9984	7333	14527	8062	19795	19853	4879	8545	10151	17381	4448	4348	13753	3948	9646	8311	3779	5621	2641	5285	11871	14592	9065	5959	19676	14157	5637	15131	11362	11496	2850	13623	5429	18866	14630	11796	5070	8225	14457	17166	305	19820	11821	5284	9595	12924	6350	3955	6425	19989	18765	7509	3872	3694	445	8354	13777	9041	19588	5451	3486	17254	19224	17565	17651	14470	3875	12257	10204	7313	103	20148	8400
7849	19211	2828	13817	6014	16407	1916	17259	13211	1224	5017	18462	854	16087	6682	3626	13438	17485	8102	6536	1358	1714	2730	18764	4022	16712	5425	2233	10561	15711	9240	480	20162	2404	2700	945	17889	12225	2070	20098	14531	17358	14135	7419	3017	3099	11574	6112	6704	16004	13348	8919	19766	4644	7902	11526	4855	1559	1661	3744	2229	13027	16152	15835	15643	16812	721	16868	2640	9607	14008	8241	633	17868	12072	15118	14589	19133	17383	14580	18026	5481	861	10800	16400	10675	16239	3600	10822	12739	1137	15405	16529	3145	12167	4585	13863	2312	19861	1798
16858	3332	5011	19911	6647	4781	4263	15192	4004	9106	11433	7985	12095	10823	19564	16575	5433	15574	18040	10416	12610	11816	15405	16118	8432	14651	9821	3928	7686	16156	13880	4212	13865	1383	6207	16105	16673	9052	10813	3507	5528	16255	14417	1793	800	1652	16467	11785	15070	978	16896	12599	15900	17272	19133	5214	3312	12712	6099	16841	17719	11248	19673	383	5429	16410	6063	859	11758	15586	19929	1110	13671	15233	8260	18470	3010	9554	13073	14747	2532	3547	10809	15099	4674	2146	5337	9480	12369	16582	15518	15169	10652	13910	15547	17263	9928	913	18054	7643
8263	1466	18032	3708	15534	683	9562	15845	16344	7057	1866	5349	5289	3260	645	16953	8275	18976	16342	16188	17549	13267	19556	13013	14165	11165	17246	17949	12333	15537	25	9908	9517	16762	7109	15746	4130	18246	5219	5331	7489	6540	6252	749	5916	19959	2864	20109	6104	15740	18809	4731	2489	15656	4524	5044	4307	10470	6201	3814	12578	7452	6751	19169	4001	3575	9928	10563	10384	17782	17101	12957	2078	8099	5410	18214	13807	6353	9865	17662	17992	13587	4030	17583	10288	14231	761	13821	14232	2596	6463	14900	178	10995	17416	11233	18439	18462	9123	18885
8857	8750	12483	9050	10685	19714	17597	14941	13800	10353	19312	5567	257	19907	13679	12797	17228	8835	2149	12522	18844	13116	10942	12645	17586	19091	15207	19628	11385	417	10430	15904	15078	19815	8331	4319	12629	14352	976	18189	2073	9731	10525	5570	4348	3195	4901	3086	16	8295	16898	14938	14599	10748	216	8843	17553	2844	7790	4948	15520	7858	12924	16375	14633	4611	19281	16231	7784	18350	19225	17675	14284	2640	9464	15403	15373	16375	18177	14716	8419	9335	18033	12160	12389	10223	12241	666	4816	12441	11145	14574	4660	13570	5742	11635	14773	563	6600	16274
11143	2734	1814	11625	1317	4619	17317	8548	15832	7527	2090	19148	13106	18611	11260	16923	18457	19030	18360	399	1437	11839	6561	8180	9677	1902	13058	17004	4785	19551	5078	19915	17769	18592	7309	9388	18841	17930	6842	14615	6461	12589	16049	4250	20107	4902	14625	4925	20000	1540	3366	2338	15890	6937	15072	13448	10765	17261	10916	1438	19766	15138	49	5369	6875	15238	19622	15787	9748	17288	10113	17051	8497	12249	1258	4894	13074	4546	269	6435	8838	17679	9617	621	19263	10853	5439	19483	15945	1202	11410	6448	17396	2220	2475	8851	12251	11041	4352	1977
3176	20060	12955	14235	10169	3638	13889	4842	9081	18427	17547	2714	7789	14656	12375	14666	11098	11952	4119	10995	19154	3458	14770	4520	8233	2994	10655	9290	17100	6855	13564	545	3218	5082	19021	14578	19750	8824	4999	15364	6358	3219	15866	18135	6467	459	13851	4032	1052	3159	18314	1779	5643	4599	4254	547	12747	8324	2087	18800	13178	4065	13540	19864	11474	3944	14214	9409	4500	16162	15560	1769	14833	8566	7144	5711	3510	18850	1804	4243	15142	16354	20066	7628	20091	11981	16201	1074	16362	3403	3145	8890	10854	5037	9200	11961	15394	12699	714	7292
8609	17935	5524	15249	15830	13950	10212	12784	9683	9074	16391	18679	13817	16528	6594	9846	210	2979	19522	12173	15428	6520	3441	17912	2641	10649	16383	12848	1482	12809	16857	3007	15508	6128	17608	9862	19741	18505	3693	7453	4983	10728	4143	15840	11511	14701	3515	11292	2829	15990	15986	10828	252	17656	8480	17858	18988	7764	7304	447	18729	34	9805	15450	14668	13500	5483	4104	4455	20026	18162	16163	9422	11722	3290	8509	12687	5627	11404	7977	12047	11674	17138	7802	18890	2269	6732	2196	20162	13406	13664	1826	12728	7753	495	12869	10868	1858	582	3487
316	8511	13074	16515	1974	7945	7264	1997	10917	17501	3601	1978	19998	15273	12751	14980	8461	3647	16933	15540	19959	17096	10434	9014	14057	9441	1103	1966	17065	3035	1344	12297	756	325	20050	13030	2582	17707	7122	3775	7121	13819	9863	8778	2118	8662	1160	16708	4921	12117	15249	10564	14682	7014	7633	1143	6611	3643	14090	987	6697	8069	15260	5394	6948	733	16377	14827	10454	2111	5877	8678	4573	8315	17184	883	16757	11670	7790	5933	4855	19570	3678	11324	2229	5286	2093	6969	19744	15063	590	8765	13122	360	3557	14315	11711	11829	5389	17556
10651	7057	765	14380	7276	9743	12807	11684	19478	8206	11781	13430	16460	11308	18371	10099	15354	5598	6376	5049	13153	15798	15739	17659	17535	2233	19095	16460	10273	15811	3250	18992	2165	8819	11699	10275	10734	14556	6594	13524	8726	18893	15654	869	18531	18294	6946	11954	12617	13722	7532	4102	7796	1779	5319	19187	6621	7807	17472	10543	8771	2062	14552	3990	654	6674	15277	1043	19614	19627	9521	18334	1804	7355	2905	2500	15976	10871	20065	10409	10477	19864	18266	10233	13974	17840	15440	1026	13209	19890	5587	3972	13239	10183	5569	2383	14000	4196	12927	3207
8417	5519	7422	3463	15872	14573	12176	5383	8419	6603	4398	11406	2234	11394	6101	9655	5296	15371	4240	8503	11659	8187	16631	8247	5569	14264	14980	9131	10112	6402	1511	12974	4022	11430	7929	10991	9096	11932	17437	4396	18964	11394	943	6207	8902	17735	3456	14231	15703	1822	11187	7329	12254	6056	177	6410	6007	8825	13187	8251	1642	9364	2181	2293	9107	8453	1316	5124	1005	7951	9197	1986	7192	5211	3966	12872	17583	15481	4653	16582	2844	18860	1515	13167	14701	18513	15432	394	8315	15866	14820	14772	17035	889	8099	7633	7921	4087	5998	1822
3240	17872	8835	6347	19663	12077	3521	17926	426	18391	8894	1396	17918	8234	9118	13023	3471	14469	6975	2598	17864	17329	11581	15144	2906	6615	1019	1371	10037	18483	3533	8686	16006	14044	8698	14529	16694	7710	2694	13930	13560	404	5189	1450	6862	12558	9016	6738	13597	1394	6366	2094	6762	17075	3199	6058	7253	7414	16025	16283	17383	19126	3389	13144	5081	16391	13153	12143	16982	2312	8415	14742	4796	9000	11787	4590	7553	250	10204	18313	6740	6022	18892	13853	9718	11058	15750	9796	5725	2701	1193	12787	4122	16872	14120	18931	325	15842	11583	6307
12468	2222	1012	5899	5706	10437	13998	10395	15568	9645	15149	18220	10928	2502	2873	3973	17689	1344	10034	14820	12227	16732	10099	17448	5786	3817	14748	478	1375	7760	16004	1206	14373	10653	779	6307	13275	3237	5323	19785	10210	15050	10475	14289	2044	16515	11519	18607	14049	14771	1679	14542	10243	3337	327	12143	14925	4800	12739	4246	5773	11394	13790	160	1198	17352	19142	15964	19176	9932	13460	13046	13247	8417	6971	2646	17140	3682	17973	10294	17525	13235	18904	5019	9593	18354	17433	14097	11497	1164	2406	1969	9001	1051	3389	12807	11053	5342	13554	11997
10829	19239	1652	12644	8268	5902	19029	20150	16647	4020	4742	5616	8182	9359	8010	14501	9273	8186	5119	15673	16882	15079	18483	3490	13119	5497	1153	19192	18366	17012	3605	10494	11650	10317	3674	760	9562	13613	19495	18653	7100	15404	12954	6113	4827	18558	4220	10221	451	1353	16939	13865	3859	4392	11466	12475	545	10042	14097	19750	8761	9000	14979	9398	2632	16779	12924	2773	16224	3043	19347	12646	16968	16236	3610	14558	9335	7450	1300	18776	2248	9354	11186	15513	11941	15328	4123	17377	7064	10992	14267	5201	11994	4129	1685	451	13118	19566	17054	4593
1992	13647	9858	14646	4461	7443	265	11141	11087	7848	18794	5927	1901	13843	5849	7836	16376	6360	1959	6659	6621	4977	16676	10582	8633	19564	17714	1727	16217	13782	17771	4695	18397	4334	16203	7885	9479	3309	12050	9069	17063	1215	19106	7285	20050	19618	10905	16673	13406	15144	1658	5663	10603	972	18747	7483	14675	19150	540	17091	8956	5907	20050	12791	11900	3103	6550	17376	15030	17424	7437	5516	8992	12346	5257	926	20167	7314	654	5669	15482	8247	11659	15384	4393	12645	774	13679	1971	18130	12741	85	19122	12324	2967	447	14550	1717	13441	19063
9443	17905	10295	11321	6444	17441	15873	18426	14589	4861	15328	19823	17461	1707	16163	1663	11474	17401	3365	997	6887	8592	5951	5481	15480	15184	11182	16862	14368	1042	2251	2086	19257	6414	7881	7500	5450	1099	2001	6221	15144	4767	19838	8200	17375	11200	5038	9131	1757	2538	7448	3248	5135	4264	15875	10303	16675	16198	20108	16366	2370	5431	7019	224	3189	3761	8548	7081	7753	3462	2134	17421	12727	16302	20177	3352	14323	7481	9412	3786	10967	12233	19759	15684	14196	10251	7240	483	18075	2166	5223	16642	12933	8714	10604	19411	19243	12989	18698	9142
4219	3361	1777	1026	18808	15792	5640	10257	12568	7450	18926	19632	12014	5163	11829	2092	9407	2515	18850	16311	13626	12721	17404	5009	10320	11732	14763	777	14761	15260	13093	7612	3110	8277	19497	11611	16055	7400	15772	10429	4589	6112	14182	15146	18429	10591	4401	3216	5042	17730	8239	8776	9028	17816	18062	2306	8256	11168	5818	17346	11575	2613	15962	16953	13307	8326	10333	4835	4511	1743	4477	18028	13850	9097	9369	8925	2850	5767	7651	17484	12240	3308	4546	4054	16858	3647	15703	7	12617	7041	5609	17748	19618	12573	3793	7526	20092	20166	5746	19187
3705	15880	8218	19996	1796	14452	2020	7623	10353	9435	14667	15864	2997	5952	11302	166	5535	5310	822	19683	1777	428	14410	18945	2580	4884	2203	10538	5897	3193	2376	7736	4833	13413	10534	7277	10715	11222	11003	9328	5214	12270	2094	6974	4897	3496	17138	13849	9030	8998	9427	11810	18948	3821	576	11069	14961	813	12746	7305	1686	9959	17735	11882	5227	1414	10500	2673	14674	16794	7845	20005	1064	16190	13068	10694	18816	18438	13093	11128	1291	11368	10204	11168	13268	791	4002	11090	13524	13193	1064	2413	19745	7081	15293	19898	19927	473	16584	5405
18520	2655	3028	17163	3285	6008	451	17629	12245	13635	15217	19913	10291	3498	7406	10655	15710	17490	14957	4495	13168	11028	13435	9950	19622	10423	3816	15046	14491	12544	9661	4613	18735	3679	8173	4750	11637	15281	12692	6363	9338	3169	539	16018	3540	20061	8797	1051	2632	18679	10921	17183	15263	16121	6376	14392	18825	3993	11711	10687	6221	2851	12401	19994	15957	8965	10427	16192	18892	1092	19778	16290	9807	2152	7351	18334	6144	16790	12421	6774	12326	19172	3029	15756	15597	1692	20166	8761	8774	4198	19145	608	6404	10295	5488	2278	9779	13782	11624	602
6575	7701	11287	17376	81	7507	6758	587	433	3597	19375	6747	17894	1813	18115	16087	19241	15269	17097	16263	5025	16459	779	20098	7118	871	19864	2688	6270	7582	840	19243	13719	18936	9815	6746	13663	14658	257	10147	4321	8713	15401	7535	14612	18833	4102	1603	19124	9797	18862	7159	16823	4109	2917	10425	1534	9839	19976	19238	11157	14548	2358	6580	19017	7707	14590	16386	14913	6153	13957	9752	5986	3418	13226	10223	483	17973	13170	7555	5680	6827	14954	895	16154	4398	15225	819	8962	5483	13100	941	3355	1958	15199	12897	14714	1445	17334	4391
15637	6835	7754	6738	11795	12015	7707	5709	18242	16109	15514	10250	10595	14368	6772	10110	1301	13078	6052	2854	11628	7536	14208	1358	15438	8808	16914	18212	18273	10764	12212	15148	3177	3329	19941	19557	17114	8073	2599	8533	6570	16937	12634	19844	9271	12070	15652	7686	8154	9923	12845	5886	13974	8102	10112	19881	4295	19882	64	18844	1443	11990	15319	12680	12811	15074	6184	18923	3196	8458	17736	19503	250	2112	17126	1900	16458	3751	2537	17425	5439	14578	7679	15647	14796	17528	9822	7511	13073	16651	17336	3726	8717	6157	9388	3719	3485	4718	6709	12305
5682	13111	3530	6986	14273	8962	14156	8006	5133	6294	7020	10438	20082	8587	6005	3319	15142	19281	4611	261	14776	456	19065	3404	3803	8389	14186	13852	3004	10992	19421	18679	9290	967	13744	10821	3539	370	17621	10569	3533	16910	683	12235	1412	19205	11625	4139	11704	3437	18186	18632	8260	12533	12227	13015	13319	11695	5330	3594	4144	574	2782	12102	11457	19577	13494	9767	8575	7079	18016	16085	16508	15429	10162	8068	3540	3714	5612	5746	13757	541	174	9753	18860	12848	6782	4729	15922	2774	8396	10001	5348	19693	12647	17070	11684	13061	4774	6394
16968	10855	18849	5066	8753	3362	2752	19335	17391	14578	6197	3201	7193	19570	19307	1456	16428	7624	18679	1039	16860	1016	5327	20051	3608	12005	2195	16919	13764	11918	6847	1786	1506	16663	4326	18160	1765	26	11500	13758	8909	5761	15852	12287	6346	1649	10201	18299	13792	16799	17161	17180	5520	6872	4023	15621	13781	15839	2260	15404	10562	680	16183	18931	15277	5336	6919	8939	9646	16843	12055	5005	7323	1645	4065	13452	18536	12520	18291	7382	17760	7003	1065	11205	15781	15792	1811	1534	11598	10994	10517	13072	3441	19412	19588	16007	3529	18280	3957	10713
10434	2575	771	8627	314	11687	16962	3805	18446	3510	17650	13906	7696	4902	14272	13617	11288	7975	6777	8206	15832	17682	17360	9624	1001	7658	7764	9731	47	1719	4102	16823	13012	1328	12533	5909	4240	17866	12557	11031	11628	3466	17677	12190	16070	14883	11462	24	16385	10066	14721	14135	1467	297	13078	18447	12152	4625	8774	5711	2070	17827	12287	3908	1083	12438	7594	3764	8058	2156	16246	5774	5207	1816	11150	2978	2852	20203	17303	10515	8262	9444	14698	2917	17474	6651	8974	16579	16991	2843	6190	9157	14701	7417	9832	17521	9800	1688	9924	11807
5481	11475	14967	8134	12304	6600	15778	1391	4386	14619	1802	333	12680	19429	14729	11594	11336	14351	11574	9522	8828	4889	14234	7080	15673	13243	17438	4406	19967	14773	14977	17485	18842	1506	17127	808	6127	8409	5546	14940	529	10604	16457	12644	7836	9340	534	19250	17409	12814	18286	6484	5910	6014	7307	5240	668	1568	12067	18710	1593	3220	4303	813	2069	318	6677	6423	6199	826	6548	11361	7075	9061	16723	1383	7963	8806	3618	3518	19878	2570	17839	20099	17156	10256	12197	414	750	11	8291	10826	2441	8726	18103	13027	13294	4435	14799	13738
5050	12438	3039	10938	1291	16013	8854	2405	16135	2813	8370	1814	11531	19251	8727	7434	15231	13513	9659	6946	12749	15094	7550	1616	16188	15518	19044	9240	10610	14335	13275	16070	981	3705	20041	14417	12443	4295	2501	7886	3352	6629	5850	17094	13294	13450	15754	9862	16783	11058	5337	5169	6470	9749	4195	1651	5728	5237	11217	11618	2313	4380	16356	12811	1481	18255	15677	15508	19084	16330	17959	19166	10742	7845	19279	7450	18875	7345	1460	6185	3462	20003	19278	6649	16679	13534	5797	20194	293	17304	15129	17663	12685	2263	16043	9009	7630	4267	5554	17333
9486	3283	7597	2118	12646	13159	509	3558	7294	1703	16995	18095	8388	10275	9088	122	1948	82	16715	318	12155	15636	12267	1474	18534	17205	10636	18188	13729	8647	11133	466	18192	2379	11585	12589	16881	7359	20129	16205	3427	14656	5296	3315	7402	19856	14353	13024	15394	1503	5749	17648	8818	10631	872	10674	3703	13042	12419	1204	17532	16908	7402	4212	15043	3232	4111	18731	8544	14424	3767	4146	7864	4791	4188	16135	2465	5399	8823	14064	13622	146	18992	11474	19689	7214	5441	1236	16747	7885	13775	18014	1023	7668	14548	17979	15381	1815	9900	14266
6624	13889	3237	10068	10047	18359	10104	239	4365	14052	2810	16717	2349	15236	15988	20192	18201	3689	6882	20056	5790	19878	19012	1281	15722	15119	8259	6750	9474	16735	8796	940	17961	5038	9325	13505	6596	13202	15199	85	13881	12219	1194	10260	6618	19726	1768	13422	950	5189	16902	4144	14128	7920	13081	19344	1588	15314	3868	6909	8198	12784	9664	15171	15765	6565	9582	12458	7837	17730	14757	10258	8104	5434	10694	5331	3534	4706	15202	10784	8345	11296	2984	16094	6423	2751	7358	5536	15969	20190	15408	18992	447	1967	5244	9453	2839	18030	12861	14401
12947	19255	12637	7848	16036	18344	5823	2105	9895	11972	4137	18531	9176	1973	15727	13540	12847	15616	19160	981	6331	8988	19319	910	13343	2269	12400	15266	1104	18228	17876	10226	18286	18736	295	3894	4193	4292	15964	11165	3541	17110	5186	18513	3096	9101	16587	11162	12369	19451	13147	13689	13417	17975	9619	7874	17812	3539	12470	1577	6338	19281	13713	9754	1660	15579	9330	17548	8158	4715	18779	9999	4969	103	18615	14556	1870	8181	8522	16320	6977	15750	18338	4024	6034	16695	144	11725	19084	12655	8410	17070	16836	15403	7365	10374	7677	13463	19743	18273
19660	9157	11581	17613	2960	13191	9474	16716	10374	13050	11604	12992	18741	17556	6328	17928	11448	12173	1563	12146	590	20044	13731	8912	17486	11366	16133	7312	19237	12084	5155	10697	470	2962	6809	9560	8236	280	11371	7423	6297	5214	100	8859	6258	8268	16098	367	11316	17041	207	13217	9304	8980	786	15984	11874	9986	15050	2120	17400	15381	16725	9851	6300	1564	7956	13003	2932	10045	5222	16912	19551	1663	15448	17073	12060	994	11798	15597	1703	7575	5922	7844	160	6155	19992	12586	4139	1432	17909	15805	16877	13781	5656	19443	13821	6483	18837	13357
16957	838	4087	7037	5124	18201	1545	13406	11273	9578	20182	2637	10746	1422	7964	4126	2066	2524	15410	9635	1896	17913	17417	17334	13486	14295	5041	18039	6786	18844	16047	13448	18382	1662	10447	4136	14648	16782	19594	20015	9820	10876	4287	552	17451	2504	7500	14548	674	10588	794	396	14515	14457	5415	19164	19070	12154	1843	11439	3357	1480	3466	13616	6313	16077	17680	11597	654	8153	840	18371	5265	18610	19415	13237	10696	14681	14647	11615	2593	3827	2692	14378	9708	15247	10418	19202	6414	11770	7223	5765	13561	1910	12555	8965	12567	11917	6725	16655
2809	10462	15018	942	11137	17888	5718	5486	18343	10578	17390	17390	1926	14360	15773	17007	16104	5486	2638	15018	17843	11728	8792	1680	17843	12821	2819	6057	15809	9378	16289	16986	2809	5718	182	17120	15773	15784	10002	13862	7340	16986	17269	13563	3340	1129	13862	18997	15123	5486	14072	9877	17142	18981	18544	12648	11901	8583	10080	15108	6057	19644	18938	18343	17269	12078	10465	19842	616	8252	3687	975	17293	1191	17843	17843	15766	13573	19143	11265	12821	3221	16624	4587	9377	17293	12565	16130	7072	19143	1680	13092	1129	19143	1129	17077	4891	9378	19378	15026
10616	3871	11726	1731	10898	5204	7340	13573	18069	2819	5477	14072	7870	17280	2555	14360	10298	4323	3871	15766	18088	9377	10462	9255	13563	10442	1336	19991	13092	18997	8583	10856	17557	15246	16986	12598	5486	15123	5205	9377	1444	17888	942	882	10389	12840	13563	14226	17280	6537	10672	5486	17843	18460	11137	3074	3340	11560	11587	10462	4134	10298	8583	12698	15795	5477	5847	942	15018	16986	1926	2210	10462	2809	18308	17269	15809	17120	17280	10389	17142	3720	2996	15026	17077	19143	8583	1191	1129	7870	1336	5486	11265	16624	18455	13573	5847	17269	14072	11728
10080	12565	14072	13563	19700	17120	6701	10462	13818	14072	17293	10578	15123	1744	7529	12471	16964	17007	13573	18460	17120	616	18981	13892	15108	11587	3871	8792	4096	19991	5785	4134	15246	18343	6710	10298	17293	18799	5204	3221	19195	1744	19143	17951	12840	10856	12078	19517	5785	9877	15809	19435	1731	5847	6057	17269	19195	4225	882	1168	2618	17244	8706	13177	8855	1744	10442	2618	6537	4323	7870	18938	882	4587	10080	18290	8129	4134	15701	19644	4134	18997	6710	11011	19763	10442	4225	12821	12698	11350	13573	17843	11587	1744	17390	9159	16130	7250	10856	17269
5847	12648	7728	3687	10462	4596	14072	7250	8252	18799	1731	2638	10442	8706	7870	8706	4225	11350	5477	4596	3074	19143	7728	15491	18343	18544	12521	1444	9877	10442	15026	15491	17843	5205	4617	8252	616	4225	5785	19378	11560	2842	975	2961	1320	17390	942	7407	1168	12698	12821	16986	11560	7072	3720	1168	15701	11587	4096	19763	10298	16104	11560	2638	8706	2961	8252	15809	182	4225	4700	13092	19195	18308	1129	18544	18343	12078	15795	9756	11011	15766	17007	7407	6537	12521	19143	10080	18343	11137	10080	7870	11137	6646	17293	7245	8706	18290	17142	2210
17557	4262	17293	10465	3221	4262	3720	18938	7870	1129	6537	9377	18544	17120	6616	4587	10442	17951	7072	7250	1680	18107	13818	1336	13892	15026	1191	16130	1926	7407	13818	17077	5204	10578	18938	13563	8706	18308	3871	4662	2210	9496	19763	17007	12168	942	2961	11726	4262	19517	19780	12921	2618	7870	13818	18460	6537	11265	942	10898	15026	13892	19700	12078	1731	9159	15123	2555	12565	1191	5718	17843	17888	18981	1336	9159	9255	5205	3064	17951	882	8252	4134	882	7072	1336	7728	8855	19517	11587	19143	18308	16104	2819	17387	19195	182	13563	5205	18938
18981	4891	17709	6710	12698	17951	12078	10856	3074	14360	10578	15701	17280	12698	18308	7407	2555	11265	15123	13862	1320	5486	8252	4700	1731	4225	13892	1744	8129	12921	11726	18290	15773	1731	11587	19435	15795	10298	10616	4587	882	4134	11137	10298	7728	17142	15491	4741	16624	17709	12840	8706	7529	1129	10080	10462	15026	11350	15022	7072	5784	12565	4134	19143	13563	11726	10616	7072	2809	6057	9159	4741	7529	19644	7340	18981	1926	1129	13563	975	6616	15246	15773	19143	10462	17120	10002	15123	182	8583	17077	10462	17280	11560	12648	18981	1444	17387	16964	13573
19517	18343	13563	9159	15246	11560	2618	18107	975	1191	7407	6701	8252	13862	17390	182	8100	18938	7728	8583	10465	12565	6701	2819	17269	3074	6057	11011	9496	18308	17120	5204	4225	5785	18981	9159	15022	4134	18981	17280	3202	16104	18088	17709	10080	18997	19991	19143	15773	17387	11265	7728	9877	18455	19435	17951	2809	1191	4048	4323	7407	4587	5477	9159	6701	18290	4596	10616	17007	5205	16104	1731	16289	1731	16289	15795	5477	13563	19435	18308	11726	4617	2819	16624	12821	7870	16624	18997	12648	18455	18455	616	10856	8792	4891	17120	1731	17843	7245	13862
7407	18107	19763	18455	11726	8100	10672	2996	6537	4741	11728	16624	14072	13892	4596	9496	5718	18107	17557	17888	4587	16964	4048	18625	7728	13563	7728	19435	17557	8706	11350	5847	19991	19435	15026	5204	7340	182	1744	19644	4048	14226	11901	18343	15809	6616	10616	5784	8792	15766	18938	16624	7072	3720	1731	13892	10389	17387	18107	4596	17951	5204	13818	11726	10898	18997	18069	16130	3074	9496	4596	4617	18343	15809	7250	12565	4323	17888	1320	182	7340	19991	9377	3202	2842	4891	19195	10488	19763	17280	19780	3074	7072	2996	3871	5785	7407	7529	4096	12840
1680	4741	2996	9756	16104	15108	8252	16624	6710	13563	19991	12821	1744	15795	12471	2961	8855	10002	18343	182	14360	19991	14360	6057	12821	18069	11726	15022	9377	19378	6701	10578	19644	10465	12521	15018	2961	14072	7250	8855	12921	10442	13563	1744	19763	10298	9496	12840	8129	1731	5718	17280	18455	8855	17280	1129	2996	10616	11901	4741	17244	9496	9378	975	4225	12821	14360	9378	19435	15795	2618	13862	2210	18092	6701	18092	10898	15701	18343	15123	2638	10465	4225	4323	3871	10616	9877	11901	19780	11521	8855	16986	17142	7340	11350	12565	15795	18107	975	2842
14360	7870	12840	8706	7072	5718	16130	3074	18455	17709	4617	8583	18997	15108	4891	11011	12821	4587	18092	11011	12598	4134	5847	11521	18290	16104	17843	15108	11560	3221	15123	17951	4741	19378	18107	1320	4596	18455	5784	12168	6646	11587	16964	10488	16289	9756	17888	10389	19517	15018	16104	4741	12921	13563	10462	7072	882	10462	7072	15026	13862	7340	2819	15784	12921	6701	11560	4662	17077	18981	5847	17709	5785	5204	17387	16289	17557	17007	15809	5718	17007	16624	18997	18290	11521	8252	13092	19763	10898	13177	18460	1444	2819	15701	2961	3720	17280	1191	1168	13092
2842	10856	4587	7529	1320	15026	3064	1168	5784	5204	1444	12921	3064	6537	15022	8252	16624	10898	1744	7870	17557	1744	10080	7529	19644	12565	4048	19195	1168	19517	15809	17557	11587	15701	8855	7529	15731	6646	11587	5477	14072	12168	9756	19195	17557	3871	10298	182	5205	5784	18455	17557	5785	3687	3687	9159	13177	4262	15773	18455	15491	975	15022	13573	12840	4225	4662	14360	4587	10002	11901	11011	16104	2961	10898	10616	17280	8252	10298	15784	6057	8100	11265	13177	19435	3064	17120	6646	10616	3221	19435	10898	7870	15731	2842	1731	19378	12521	13563	10578
1444	16986	10616	3064	11011	3720	13177	17142	14226	12921	12840	19517	16130	15491	9496	10080	3720	17709	10578	11521	18107	17007	9496	1731	17142	10578	3720	7245	9159	16104	4891	2996	11521	1336	8706	10389	18290	17269	6701	1129	16104	1168	18997	12565	2996	15491	17120	9756	7250	9496	17387	19763	7407	16289	15022	12168	11560	4891	10898	10488	15018	2618	12521	2996	10578	18938	6537	18308	12078	6616	19517	2555	15784	15731	4617	18455	18290	17843	18069	8129	14226	18625	17293	182	4587	6057	4700	182	4617	1129	11011	16130	17007	8583	15795	12521	4700	3871	9756	9496
19780	4700	19143	17951	10488	19435	10389	3202	19842	13892	4662	7250	5204	11726	15784	15766	11011	4134	3687	10389	15018	10616	8855	4596	8129	17280	5477	7870	2555	15026	9496	616	13862	12521	8129	4891	13818	10462	4134	9877	16130	17142	12648	19700	13563	17387	4700	882	8583	5785	942	12840	5784	7340	616	15491	4741	10856	11726	17387	19143	1320	13862	9377	10080	12168	11587	17843	18460	3720	17387	16964	11587	16289	5486	5204	15795	12921	3221	12521	8792	17142	13177	10465	18799	19644	15795	11265	13563	4700	4262	7407	12521	5477	17077	182	15731	13862	19780	4891
16964	11265	17280	2809	18997	19517	4323	942	1129	10462	18455	8100	3221	10488	1744	1744	11137	2819	19517	10462	18343	14072	182	12168	10616	8252	4617	14360	616	4323	17888	7072	19763	16130	12598	5718	17120	942	16104	11011	15773	2210	7407	15491	10616	14072	19644	8100	882	7728	18544	17007	6646	15766	6616	10578	17293	6616	3064	11265	17120	10389	17120	4596	11726	13573	2618	2210	9255	15701	10442	11350	5486	18088	19842	17244	18308	10465	12840	12698	9756	17120	19991	18997	11728	2819	15784	18981	19143	17077	17293	19435	4741	13177	12471	3687	1744	9159	18069	16130
18799	8129	882	13818	6646	18308	882	18092	9378	19780	975	1744	17269	5847	17951	12078	1444	11011	17120	5204	15731	5785	6616	3720	616	17387	17390	10465	6710	9159	18308	15108	6616	17280	16964	17077	16986	15018	11350	13092	15123	19763	12168	17888	15784	12821	5205	6710	4617	3074	13818	10578	18088	6057	19763	4741	11726	942	18088	942	7870	10616	8252	17293	7870	1336	12598	9255	16964	18544	3720	2618	16130	11137	15701	6710	12840	4262	11350	15026	182	19517	4596	2618	13573	17888	14226	3871	10578	15795	2638	12698	2961	19991	7340	17843	5486	3720	7529	10672
17077	9496	19517	5784	882	4225	4741	16964	11560	19435	16986	12078	12821	10856	17280	2996	5847	12168	11726	6701	4096	9496	1444	19763	16624	2555	4741	4262	11587	17007	16104	10465	4323	1191	11265	19517	7072	10898	7529	17709	3074	5785	2842	15018	18308	19143	11728	17077	6646	15123	16130	18981	10616	8252	942	6710	11137	15731	9378	4048	16986	4617	9496	1444	4741	9377	15784	2996	1191	17280	16624	6537	3340	2210	1731	6537	19991	2961	15773	10856	4262	4700	9756	18088	7529	16986	1320	942	16104	882	16964	882	1168	3064	13862	882	4617	8855	19842	2819
3340	1336	3074	3074	1336	6616	3340	17557	1168	16130	17142	11728	6616	8855	942	13092	8252	7407	2618	5486	182	3871	7072	5784	2996	10462	19991	7072	11011	16624	19517	13818	882	4617	882	11560	8100	2638	1336	15108	8129	17557	4596	13092	9255	17888	4662	19842	9377	17293	12565	5718	10856	5204	9255	17557	19780	975	18799	3687	4262	9159	7870	17709	17120	2210	17244	1744	8100	10898	17244	10080	9378	17951	3064	19991	15784	942	2809	1320	2842	17557	4662	15018	18997	10856	9496	2809	15123	18107	18069	11726	18343	16964	10298	19842	15246	15491	2819	10442
15246	1926	18088	19195	7250	10465	12840	15809	18088	19991	17269	15108	7529	17007	17843	7529	4891	7340	18455	12598	11728	8583	6646	4587	6701	9496	3340	18460	7529	13892	12471	16624	18799	12921	13092	18308	18460	13573	10389	7340	19644	19143	13573	5847	6616	4096	19435	9255	8100	4700	12598	8583	12078	17293	18938	18290	18308	17077	1191	1744	4741	14226	13573	13563	2618	1731	19435	15784	5784	5784	10616	12168	17120	1926	6646	3720	12565	19842	17951	5784	12840	2555	16986	10002	10002	14226	12521	10442	17557	2961	15731	18455	13862	7072	2819	15701	11726	10616	11137	4096
18290	13092	8583	9877	15784	10856	182	18455	4134	12698	3074	4891	11560	9496	18938	10672	5477	10578	942	18981	18938	18092	2638	11560	9496	12471	882	15018	19517	16289	17280	2638	616	3064	11901	18343	12565	1168	12565	10080	3687	2809	15701	4096	12648	19517	882	3074	7407	15701	18460	975	7340	7250	5785	16624	11521	19143	3720	7245	9159	15766	14226	5785	17390	4617	3064	975	9159	15022	15246	17951	3202	17120	15108	10389	7250	13092	16289	10488	1129	975	182	18460	3074	18290	17951	13818	3720	18544	10672	17077	11901	10578	10616	7407	15022	7245	3074	12648
11726	5847	11011	5477	8706	10442	15491	16130	5204	16624	12648	18107	19991	15123	13573	2638	15809	4891	19435	6710	17387	17557	5486	2996	5785	15491	11728	4048	7407	8583	4225	9877	10389	4134	19143	17142	18997	8855	7870	1680	15731	16130	4225	9378	10488	8706	15809	10465	1744	7529	18092	17269	4323	616	14072	13092	616	17280	17280	12565	8706	4096	2210	7407	12821	1444	15773	17142	12168	17557	3202	12078	8583	1168	18981	14226	19644	6701	3202	10462	17557	17280	18938	1320	7407	3871	5477	13092	12840	13818	6646	16104	19517	6616	11560	11726	12821	12598	17843	1168
18625	10002	1129	15809	19780	5847	18455	8792	15018	12821	9496	16289	4323	12821	13177	10578	6701	12821	15766	15731	5486	10672	11587	4741	16104	1926	19780	2618	19644	3202	17709	2842	11137	9255	5477	9756	15018	7870	18455	2555	12168	4662	15766	12821	4225	13177	12168	18981	4096	17269	12168	5847	13092	18290	18069	11728	3871	17142	18938	8252	7529	18107	9756	12821	182	1191	2809	13092	10002	19378	2996	10389	15491	4225	8583	1320	11726	11726	13177	3064	616	4587	11521	2842	17293	10465	7250	19143	10442	19842	7250	10465	14072	9159	4596	4741	10898	10898	5784	18107
16104	18455	18460	13177	6710	10616	10578	9159	3064	3221	5785	6710	5847	9756	10002	17843	1680	8583	11587	14072	616	11587	12521	12565	12921	17120	15026	10578	19780	9496	13092	6537	18938	10856	10578	8100	15491	4617	17077	18938	19700	17007	10898	6057	4134	4662	18938	15026	5718	13892	5205	8252	10578	4700	6701	1336	15784	18799	5477	18092	15022	3720	6710	17387	9255	5718	2210	12648	7728	19991	17557	17142	15766	4700	13563	6616	3871	18092	13573	8100	19700	8706	1680	12565	6701	882	3202	15809	2819	4587	11350	14226	3871	942	15701	19780	12521	13177	5486	9377
13092	2819	18092	17387	1744	13563	18938	17007	2819	7340	12698	10298	2819	16986	6701	19378	11587	3871	17142	13892	4700	15022	16624	19435	18092	5718	16289	15809	13862	19763	17244	2210	12078	12648	15701	7072	12598	7072	17387	18343	2842	18088	17843	7870	17120	8855	8855	4587	13862	16104	17951	6710	4225	9496	18107	8792	13892	1168	17269	1731	19517	11521	15491	19435	3221	10465	942	4596	13177	17269	17120	942	19842	2996	8706	9378	5205	5785	9756	8792	18981	16130	17269	2996	19143	5205	14360	3340	12078	9159	15773	10672	9377	14072	11728	12078	18290	10080	11726	18997
17120	11011	12565	10898	9378	2618	4587	10898	18997	17387	4048	17557	2210	8252	5785	17390	17142	17077	17077	17390	15022	10488	18799	15731	5847	9756	15246	16986	15026	17280	12565	9255	1191	975	2555	2618	18069	9877	12168	5785	19143	12565	14226	19435	3074	12168	10002	2638	18625	1168	18997	19378	5477	8792	17709	13177	7529	1680	1320	19517	11728	4891	17843	18455	8792	19378	182	19644	2555	18799	18938	10462	1744	4262	7245	17142	7407	9756	8792	2819	2996	616	11726	8100	15773	14360	17888	12840	5847	12921	5718	12168	17293	2809	12840	3064	19763	10389	4262	11726
17951	2809	4096	4048	616	2638	13892	1191	15108	15246	882	2961	17244	10389	9877	10462	4323	5784	11560	15784	2842	10080	2555	17280	5784	1168	2809	18625	1320	13862	15766	13862	18343	4225	17293	17557	1336	11265	11521	13177	16289	9877	13862	11137	13892	10462	13092	3064	3074	11011	11350	13862	17077	15018	4617	18625	3064	12598	1744	3064	3074	15018	2996	1680	5204	19991	4617	11728	11560	882	7728	3687	15701	16964	4048	12698	6616	10080	8855	11560	17077	9159	5784	12648	8583	5718	12840	17709	15022	4891	15026	1731	4662	11901	7407	15246	4134	10462	15766	11521
11560	18799	10442	11137	13573	11137	10080	11560	3340	17888	16964	19842	11265	3064	3340	10002	19195	13092	9378	2210	14072	2819	7407	19991	16289	15784	5204	11521	10616	5204	9255	8100	12840	2809	15108	12648	9756	18343	4048	15491	17557	12521	16986	4134	8583	1168	13892	1320	12921	1744	8100	1926	9255	3340	5718	4700	1336	10465	12078	182	15766	17709	12821	10672	15491	4323	6701	8706	8583	12821	9378	18460	3221	7529	8252	3871	18981	5204	5785	18092	1191	15022	4891	13862	9496	14072	19644	5477	11137	15018	7340	19842	19435	9255	15123	18308	18544	11137	19517	1680
1926	14072	11265	12648	10442	19991	18290	17387	17077	13092	19143	7407	13092	19991	12565	13177	19780	16289	16986	15773	9255	11560	1336	17293	17951	10389	19378	18343	17280	19143	12698	11350	19435	15766	16624	182	4587	4741	7728	18290	4700	10002	12698	4048	17077	12648	12521	12471	2996	5205	1926	10465	15018	6646	17387	5784	18625	15766	17293	7250	6616	18088	4225	5718	17244	18069	17120	15766	19143	2961	3871	10898	18308	975	19780	13573	15731	7529	17269	10616	19195	18981	1731	16986	17244	17390	7407	2555	13892	10442	882	5784	9378	3340	2809	18290	11728	16104	15026	9756
18088	18088	8100	16104	13092	3064	1320	12821	1926	17244	1320	11137	11726	15022	9756	17557	11728	10389	19378	975	1731	11350	9159	8100	10856	12698	3064	17142	4596	15108	18938	3202	9255	4262	9378	9255	15246	17244	15784	15795	18069	5486	12521	14226	7245	6710	182	10488	13573	18107	5847	2809	11350	11728	4323	18088	5784	15022	2819	10856	9255	7728	12648	14360	18069	14072	16130	17951	1129	15018	18069	7072	9377	19143	1680	5486	2210	10002	11901	2555	4617	3340	5785	11350	4700	182	8855	10578	18938	12598	15123	19763	18544	12565	5486	19763	17387	2555	16624	18799
3871	11901	3340	19143	2996	6537	15809	17843	12821	10465	1744	13892	11137	1680	12821	5205	17280	13573	7529	3720	17390	17843	19842	2638	2618	19517	18088	15246	2638	15246	18290	19517	7250	18938	4225	12471	4662	16104	9255	15123	12471	17390	1444	5204	3221	10080	18799	13573	1444	3064	16964	18997	19700	17843	182	11011	18460	9378	18544	13177	8129	9255	12565	2819	5477	15491	616	9159	9377	7250	1336	15018	18460	18343	18069	4225	3221	2996	8252	12598	13092	12521	15766	9378	2961	8792	17293	1444	4048	1191	18092	7072	7250	1320	10442	11587	10578	4323	1744	1320
15766	15784	11901	18460	4096	1336	4596	11265	6057	17280	15701	15018	19378	15784	7250	16130	13862	1191	12648	18997	15795	4700	18069	9377	2819	18088	9496	13177	11728	18460	6710	15246	16986	17077	15809	1444	17557	8100	19991	5718	10462	13563	3720	6537	18938	2618	11350	4096	14360	16130	4741	19195	4891	1168	19780	1444	12698	10672	10465	616	4891	4741	2618	10616	3720	2618	16289	8129	975	10856	6701	5486	9877	13573	16964	18343	9756	5784	11265	6710	7407	2996	11901	19517	10856	4596	11726	11137	882	6057	17244	17390	18981	7870	9377	18092	13092	19517	6710	11587
4323	17244	17244	13573	5486	13573	3074	10080	12078	8583	2638	3720	10465	18460	10672	4617	19763	6616	9877	12521	6616	17387	7340	10616	5718	16624	13818	13818	882	4596	1336	11901	2555	15026	19763	17843	17390	19378	6646	12521	11728	12840	15108	17843	17280	3340	1926	8855	10488	18938	2842	1191	18625	7728	16289	4587	19435	17293	11011	19780	6710	15246	17390	18069	11521	18625	13092	11350	17557	1129	15022	12821	18625	10898	12565	17077	13573	1680	18107	4596	6701	10080	10578	18544	17843	17077	17390	18343	17387	10856	6710	18088	1444	3720	11726	15026	10465	10488	15491	15766
5486	8100	8855	19378	14226	18455	9877	12471	7728	12521	10080	11521	12598	3340	5847	13862	15491	4617	11350	19763	15701	1731	4096	17557	18107	18997	19435	13862	10002	1926	19991	3064	17120	10002	4891	9377	12471	4048	13573	15809	17390	5847	12471	5477	2819	11901	18107	17142	5784	12821	4700	4617	13573	882	3871	1320	2210	7529	18981	4225	9877	2555	4262	18938	2638	17077	18460	18290	17142	3074	4741	15026	975	18107	4134	4262	1336	975	10672	17390	19842	19780	13573	18799	17387	10298	19991	15108	16624	2638	9159	18460	18107	182	1191	1191	4662	11726	10465	8855
2819	9255	8252	11350	18092	14072	17120	17120	17390	19763	12565	19195	17387	10002	19195	15018	4134	12521	616	19842	4596	8129	3064	6710	1191	882	2996	3064	17951	8100	2638	1168	12565	18107	18088	4096	7245	17120	13563	17390	5847	15731	17077	11011	10898	15246	2842	14072	7245	4048	8792	19700	13177	4262	7340	12840	10856	18460	16624	12598	4225	182	942	9877	13177	17244	1444	8855	10465	17387	4662	15123	12840	15784	15795	16624	17951	19700	182	18799	18625	11521	15701	10389	17390	12565	7072	18308	2638	18799	11560	6701	12821	8252	8583	19378	3340	9756	12471	10488
