1420	11612	12820	12987	17725	4128	5558	18247	17551	1797	16351	4563	11855	4940	20036	9104	2030	8708	9029	6509	9654	4908	10612	6766	3438	9770	9339	1464	14931	20004	8457	660	7996	14657	11409	10399	105	6636	4366	9930	4761	2981	9284	6494	9553	9745	4164	1919	4978	3292	14190	16652	18602	16353	9349	10056	2030	20012	9647	10920	15027	792	11021	1174	13223	17089	5674	12349	1483	14081	10106	5996	17965	16863	10476	6679	12731	2071	3101	8865	17899	18623	3356	11176	17837	6506	5362	570	551	13763	9684	6509	19384	17799	19960	14207	14968	8743	4308	16900
5001	7797	1369	19054	13292	9133	15486	4565	4494	8245	20106	10134	3037	15751	11261	19046	13859	259	12266	16926	9585	17965	10213	15382	14190	4624	14854	16935	15934	20160	7271	5649	2942	8580	7036	5466	2412	6151	15934	5548	5362	5004	5778	13048	3446	13221	4094	9794	15222	15907	10369	15309	15256	6170	18769	2971	2292	12279	2665	18137	12996	5866	6726	15251	8306	11995	19379	19727	9133	567	15742	11534	14759	11470	3550	17023	18830	3753	11869	13363	3360	17200	14042	18048	13378	13383	2218	6543	4724	4624	3016	14765	4669	17835	5931	4187	11367	6494	11568	13600
1133	3861	11947	13318	12614	8582	7161	2775	3301	4874	18247	18626	19654	12115	15993	3376	13249	11523	9265	5149	12385	7847	9471	3282	10844	12995	8608	17965	11253	6178	1156	14962	14473	19052	4826	6779	1473	7502	1741	5565	13859	18169	1233	16558	8873	17036	15337	17934	1172	13975	8670	11086	13369	4908	7823	16599	3259	12307	13383	14144	8037	18602	1583	13249	11461	14014	638	16650	10393	11995	20012	2201	20008	11719	14660	4560	15382	3266	11855	20197	6079	8033	12289	1117	2277	2204	20145	17985	12322	13878	13067	6880	5058	20201	12150	15024	8712	8787	18169	18207
12437	10844	9957	11756	5106	1889	10135	19020	18410	9350	16076	17278	11375	11029	2344	567	8867	4553	12635	15924	19409	2554	18566	19432	3401	3360	18083	5129	4187	18207	13083	14769	53	5735	10861	19460	2557	6761	7804	11738	17059	13965	1078	5558	7617	16935	7841	13549	11478	4494	6032	4317	2359	4638	3815	5196	4978	8216	16227	2137	1047	4232	9983	9311	2930	4169	11683	5576	4917	7051	8029	6881	17765	4258	9293	15867	19587	19336	19849	9983	5484	13338	13158	847	13034	16000	16000	10489	17090	18099	9745	8168	17600	627	16353	1985	18020	2981	18540	16141
8152	10857	8905	11034	300	9029	11184	14278	16573	5370	5832	14361	1513	2615	10920	6429	4286	10624	14759	19361	8580	6635	16994	16658	19849	11261	8580	15575	5841	19983	14447	19739	7279	10776	5435	6424	17632	12577	8033	2460	4346	16714	19277	19897	7232	804	1489	19826	2076	4734	11169	2585	8024	607	3282	15783	8301	2074	999	5820	9263	1369	8024	9237	5029	13827	15251	17842	16680	13233	5504	14163	12649	14405	8505	13801	19776	8029	1203	18712	12675	19096	17700	615	6177	8829	2944	8580	651	2359	6069	18258	6259	16423	3292	1795	9132	8757	6866	2444
10894	5002	15886	14570	2995	3406	16921	17036	10117	5058	9100	19579	19460	7823	14570	19027	8829	19157	6226	2944	17849	9349	9741	13736	936	6133	14627	11848	17036	11066	4416	1795	18847	14736	8347	16418	9770	11593	15476	19361	5318	17059	19580	6069	18688	8684	11470	15012	852	14314	17394	2584	9622	13337	19831	3488	6779	660	13139	14947	18145	18670	7229	10608	1805	9347	10920	11966	14314	9350	18153	7996	17444	9248	1053	5179	14627	1797	13337	3923	4317	3688	10659	12564	10252	12577	7785	13369	4943	10724	9237	14736	4310	4512	5332	7950	1998	4840	8133	13869
6753	12167	16063	19613	10468	3582	19304	361	13137	19759	16508	19689	4263	15743	16092	11796	11910	18768	12402	11788	3895	11811	3582	5789	4341	18681	13906	2701	10431	14585	16950	9221	20208	7649	2325	1561	5136	1311	12224	15872	13679	146	10339	14656	5518	9841	3644	759	4148	4193	13476	2174	11796	13585	16247	4314	13389	14963	12728	11695	18173	3435	7114	16878	19255	19509	9924	644	5926	5828	12848	4817	10343	14087	5997	12784	3162	9632	3076	748	19314	19705	8686	5546	11110	14864	1419	7102	5696	5425	19745	12430	6253	14495	1387	16626	17093	7611	14978	11262
16327	1347	17779	113	10823	12458	10150	2923	14890	6039	7971	18291	4458	7656	2149	26	13979	8263	10391	636	13735	1760	14082	8246	13741	4434	18329	16182	10339	5514	12340	3760	18297	13057	15138	5654	9697	11262	20026	3298	5646	17856	12091	1920	4627	12025	17536	10326	18949	5091	16712	5668	15914	13857	8449	13084	17861	3078	16369	14811	16757	12465	14494	10796	2564	12601	2693	11535	5617	7973	7582	734	16	18750	12775	11125	10205	9484	10710	15719	15063	10842	1591	6738	12255	19795	8094	18426	2897	18300	13927	3530	2393	18271	15774	13343	18406	18302	17782	13100
18862	2456	6052	11310	13016	18397	17267	9893	3977	8335	9401	11550	8791	9362	1607	14516	18949	1365	8304	16031	16030	16687	3298	1173	12010	12316	7916	11	16499	12654	17877	1865	14061	14979	19905	3012	7713	13380	15705	3474	19445	19356	12699	4002	20174	8677	9624	12944	1518	4448	10540	3145	12393	19743	12246	20170	9411	8275	11764	11601	4287	13072	19903	4774	19368	13256	16785	905	16805	11981	741	6975	2812	13371	11370	2727	3004	7223	8454	14632	8678	17219	4520	10639	9699	9306	19132	8068	16805	14748	15120	8030	18028	8408	2839	16440	18935	592	3973	3887
13367	19901	11398	16835	6206	4783	4230	5133	15654	5520	2884	11539	5535	20038	18632	20200	3940	19592	16369	2746	2366	19885	6645	9495	17728	7957	19504	14738	4182	4681	8426	64	8950	9035	2744	3594	10910	863	4883	5723	16432	4098	5253	10824	10766	19276	3324	12159	4854	15487	17553	2353	18372	7403	1615	9688	7963	13472	16429	3062	1952	18701	19317	18397	2498	3847	3694	8008	14306	9694	6024	1383	10964	18424	14748	4014	1300	6920	14601	9852	14631	10806	2291	19072	11289	19904	1353	15009	16027	8682	708	1398	3372	9974	16429	2410	13104	17070	9629	10820
8145	7846	7586	13361	3125	16932	7651	9941	14149	14110	14374	8484	15209	5635	16277	13615	20021	9247	6185	7675	16697	5772	1530	16947	1660	9725	12004	2457	19048	8336	16256	15512	18868	14949	12056	5765	6839	18866	12333	8058	14812	12838	15749	14213	19752	4444	7472	15158	13335	5685	12167	1528	13966	12674	9459	16341	13244	4533	2752	473	8092	2089	17461	16016	4875	5673	10910	9704	13397	4348	17830	9015	6238	10280	12999	12938	4233	528	17203	8211	4426	16709	3174	14479	3742	9509	14315	5047	20118	3070	2339	17674	9827	6837	1287	12851	863	6313	9971	12853
6390	18800	18384	11985	2491	5124	13639	1533	9447	15549	3558	7247	6645	1458	17954	14513	14054	13856	9510	4236	5209	6150	7631	11695	13719	3525	15626	11870	3723	3285	8637	61	17770	7159	7720	13237	18121	104	17464	15358	8805	10826	9251	6179	19658	1840	4274	3188	5650	4561	19920	3100	15686	16585	14154	8254	3875	10096	17438	245	17636	15203	10507	20133	17639	7703	13500	9308	1021	16063	19820	3530	5518	20174	8889	19563	14019	650	2787	2064	8159	2069	17093	887	19522	13155	9463	19461	7967	8429	11051	11835	6428	933	17531	16948	19237	11923	13538	8861
19997	15703	18341	15156	12190	66	6467	13968	14812	17510	7802	11735	7448	9556	15280	1328	12862	2356	3510	3275	1645	6517	11301	10314	18866	15845	15377	7299	8339	19823	11925	442	16669	20110	5592	18914	5371	7111	11467	12545	11625	4530	8724	4419	20018	4083	17110	15373	14462	674	3697	10676	15498	15686	18545	17046	6586	7401	17156	5405	1084	4063	5673	412	15258	8485	10601	3566	4446	9644	5567	7838	6452	4782	20048	4778	17493	15258	13159	2799	7556	5521	11601	15855	7357	17346	14312	17588	7927	9587	8237	4686	11067	3355	19574	5990	8839	5075	12267	11670
1716	265	5638	311	2535	15432	3924	11324	18896	1121	14940	19618	5704	15991	16165	618	13140	14959	6374	7396	5013	14959	1204	5567	9572	12229	3915	18669	4709	4827	4611	16671	7603	8890	14936	18718	11614	15073	10714	6334	242	19688	4861	5359	9508	678	19664	6403	16568	10293	15488	14393	16067	8094	12170	14168	19934	19179	8637	712	16258	10156	7802	5296	16308	10494	7141	8748	2812	19015	15175	3690	18404	2225	3189	7584	10655	15035	15815	12999	14186	8948	12757	12467	5039	16201	10112	899	18002	8839	688	1356	8425	19535	12230	19321	3495	15947	6935	5940
15544	12077	14379	18425	12010	16378	14861	4282	18587	20098	12468	12545	14792	16308	8533	224	17961	8538	11334	9534	12054	12255	12797	6082	11614	17445	1509	9202	9815	11496	17395	1988	9919	7295	1831	918	17046	12246	12791	1834	15217	602	1221	7907	16206	2224	14426	4446	12056	16216	3735	8467	2152	17378	13764	148	8639	9252	11800	9197	9560	2489	8993	7235	12324	12102	14770	1026	13168	5500	12593	14157	14118	2244	13894	11982	9912	16881	3288	15348	9731	17416	3478	10950	13088	264	17986	11314	7583	17313	13617	7790	724	70	13396	10694	13624	12814	2299	5169
8891	8603	11882	6952	16267	18810	528	2748	12014	1769	11987	6185	9797	1256	13631	14743	2929	13857	1488	2064	11177	11956	2078	8456	155	17740	338	10854	2410	1857	252	8012	15352	4148	19427	19188	11735	4842	8824	894	17472	14743	4316	7086	17788	18849	7893	11079	6639	181	19606	12085	1258	15489	5969	7351	2105	16341	12117	3679	3285	5417	5599	16376	15479	20060	20091	17824	15459	7556	16145	16411	14491	14015	16637	16217	12534	18355	14400	6674	15066	945	1815	8404	20185	18232	15423	5136	1141	2979	19055	18959	13072	10325	12304	10903	2667	19927	15076	7832
10146	4074	18212	8962	375	18683	1946	16400	9722	727	981	19908	10086	3534	19675	18322	19675	19686	12433	1654	9747	18161	9881	7536	13658	1596	19126	19325	13022	16409	9889	13922	11089	14156	9328	14429	2799	8304	16229	12498	16368	20167	12915	16255	3954	6351	7809	11327	15116	16220	15158	5940	10013	14356	13741	12608	16123	8286	3043	14166	14391	7114	14614	11200	2929	2195	19132	13906	320	18624	15066	9376	284	15716	6970	17543	13986	15858	1971	19330	11913	11749	7444	19114	14932	2327	322	5260	5580	3990	10590	11093	11410	2669	2702	17920	5056	20176	7452	17548
18112	12084	4446	15676	9299	8935	7768	4932	7597	8702	5341	6715	1295	17004	3219	11952	19871	4847	14459	11090	5265	17404	17604	20125	18271	13210	7807	19167	14013	19859	13168	11045	17398	316	1701	19609	5368	9404	122	3145	6870	13243	2595	14087	8265	16956	14634	19705	10984	9359	2914	19104	4292	16087	16020	12005	15781	9719	12688	15066	18971	10549	17490	6653	15270	15043	1184	18299	19151	16219	8122	1716	8011	12311	16013	9445	2504	18130	4920	9246	14632	8002	7876	4189	4897	9677	17137	17640	7888	11393	10103	2355	3370	4337	19116	1360	4418	20015	16881	12091
2088	146	14904	6237	19386	5155	7838	2767	3468	19250	9653	2374	9475	5680	13606	7696	3910	18216	7582	19927	9366	16073	19554	19141	19950	1324	15055	6231	6835	5705	9849	10855	8409	10441	4711	11358	6991	6046	624	17635	12356	1404	8662	3170	16167	8643	19957	3922	3478	2016	12861	16725	604	11053	4151	16122	6687	17430	16007	16100	2644	12400	11681	10932	3825	12905	5917	20094	2927	13948	9985	187	17640	3931	18725	11397	2133	5767	8994	11293	7760	117	14107	8194	11952	2679	4960	6258	12578	9737	3536	11313	7583	7842	19950	4202	4613	17866	234	8012
9279	13689	3100	6249	2974	8587	12283	7474	20041	8243	4804	2913	4644	16944	10137	7662	6519	5949	19286	14165	14058	11351	6197	7285	19544	1506	10429	4391	8270	18222	15844	14988	2005	4520	18947	1492	18096	16325	1384	1584	12469	4195	17322	6473	16948	8988	1202	10692	17556	3818	3059	2569	2128	10029	10201	1834	1454	3445	17424	8993	19877	4065	19166	13073	4348	919	19028	7387	7020	5056	19552	7307	9436	2855	1563	19797	8147	9950	19773	19310	12174	18212	16270	18242	6910	10839	18438	14949	16948	17304	1763	3450	11650	9687	1621	14312	14055	15336	10096	16567
4661	14368	8644	16856	10366	13586	19005	423	5867	9971	14752	17075	19577	3786	1972	13215	8993	10753	12479	10964	16004	13622	8280	11156	19634	15495	6955	9564	6497	6572	9749	2745	16889	10438	1765	82	11187	972	17751	18304	4376	5711	11617	4818	6288	7881	19113	10240	7237	16716	10901	14159	5462	16054	10403	14731	16275	8096	19308	16279	17845	3756	2525	2742	5673	18501	6365	20147	16012	1085	3350	9966	11167	9479	6108	4024	4500	3008	11095	9307	15315	348	15628	4050	12129	4999	5580	4392	7431	8166	16276	9747	3036	13413	3508	4344	894	3643	19622	9139
10874	321	2044	20137	10395	3366	7667	12498	13005	2394	4020	11397	15477	14762	550	15687	15173	11353	8520	8967	7217	11708	2642	7985	17548	16169	12417	17827	14610	15540	5704	3755	8894	8389	19885	14075	6557	17265	17931	17437	2338	3768	12347	6027	3329	14456	4314	16176	3621	3693	9463	12204	14366	12590	5042	3184	4659	17618	6802	18472	11477	7787	11289	5570	8922	4303	8189	14326	11136	958	4773	3207	8027	2133	12417	16341	17277	6873	15293	8138	1840	6113	2354	15902	12695	8612	786	1278	7314	14513	6019	10684	5655	1278	7240	8068	12351	18483	17432	16797
14960	7079	18899	5572	3028	7137	18192	18334	8719	2107	6697	9943	3875	15980	871	19085	6346	560	19494	12492	15826	11340	13116	5728	2714	12823	17983	491	1116	18703	19967	8523	15151	16916	12626	7297	7056	1967	3635	3044	5483	4435	7228	10901	9073	39	7644	12728	10917	9502	8444	3319	1331	9065	13070	17476	17945	8244	16052	545	14594	10107	16478	6082	10477	10639	19883	7212	20009	1557	8458	10329	12435	16572	16352	10950	18531	17063	2916	15484	9822	2783	6943	3370	9543	4478	10177	14560	16723	6756	6036	10941	19614	19306	6644	17181	19114	406	14573	4581
6903	18884	13186	19649	1037	7100	19405	14401	13291	12199	4261	14108	2864	15881	2821	18785	8856	12900	6470	11003	321	15710	16981	15161	9075	8140	470	8008	4339	863	3341	9432	13744	8486	474	7197	13732	15247	16762	15363	11586	2850	17520	4242	7247	16125	3913	359	16120	14139	11663	12733	11453	19224	10179	5733	7241	2718	8409	19808	7753	11531	19091	4201	11659	446	11877	10954	5956	5499	16805	457	18901	9075	6359	15255	8791	3384	11721	15848	9243	10477	2783	13538	18202	4875	3291	5523	3976	13831	7986	10809	13159	10276	10112	3463	13982	5141	16077	9072
11586	4450	4161	9429	14776	6969	4450	11598	16489	1679	8533	19091	16890	8461	11448	14748	19172	12409	14785	3771	18309	12402	16562	4111	18803	5742	2972	6257	786	8237	3320	17932	16948	15000	16016	16276	18040	6743	4921	4819	2730	12435	5392	1663	8836	13204	14816	14773	17548	13671	3474	4793	12558	14614	293	5768	16192	17009	18872	18885	9631	17689	16330	3334	15054	2853	17416	9088	13841	13510	18409	6106	3466	15514	11826	11968	15898	20027	5686	4695	643	15593	6565	19487	16167	7347	7912	2040	12318	6991	6005	15512	11839	19634	4191	12451	653	12682	10066	6248
6603	6940	6050	18447	12197	1146	17624	10361	15076	19614	16447	2436	5882	7320	4088	16115	18770	7123	3776	11539	4766	397	12342	3691	11162	3255	14120	2805	6743	11003	7638	16983	6586	18738	14866	18297	14512	1910	800	888	11087	17889	12797	14946	1819	1711	1636	5888	14717	5081	19286	17838	16416	14762	16193	11741	13828	17599	445	4773	6381	7012	15202	14935	18359	3264	1166	5261	14035	15266	4697	12043	8554	16788	7891	3945	2767	2759	2492	15616	6896	13045	12377	9099	10108	14057	7662	20026	15947	126	18498	1165	17144	10901	10224	19665	14878	6353	14579	3399
10911	18668	13433	13518	4307	11623	14187	19932	12281	11631	10137	19944	4607	15329	9018	16401	16283	10558	8127	13834	19301	12743	11095	1565	16752	18216	17201	20189	17648	5888	18499	4313	19710	631	4139	8193	15791	2836	18933	15021	449	11322	16117	4233	14771	14411	160	16396	1597	5003	18499	4289	541	1770	9607	20166	19848	1350	13930	6856	17355	2102	12340	1691	8720	14634	18629	16472	9985	2636	111	19342	3946	5022	9896	13917	4792	12757	1654	11979	18809	177	483	10312	5586	14807	2948	4990	9924	17270	13866	6064	6357	14289	13698	13831	18467	19290	1517	341
10555	17845	16249	8417	12251	4160	693	10074	7265	5279	2621	2845	13000	17451	18837	7082	1421	625	6142	4026	19636	3574	4341	13606	15216	4327	6531	1550	5101	19120	2105	1316	6144	18737	1035	18549	1640	1510	786	2564	2787	17137	6745	16717	3275	7807	11418	2534	19906	13598	9449	13538	12275	15503	7376	17829	17156	5517	10917	13320	6124	11812	17780	8017	8018	786	15263	2155	5500	9601	20166	5253	4044	15336	3566	3435	7496	17914	12079	18953	7443	5969	776	12946	6276	12249	19703	15796	18741	18629	5225	16633	9743	3028	256	721	5697	13837	12962	10811
14811	16243	11340	1610	15550	16251	2652	11637	7109	15277	9858	16363	4535	15631	2708	4739	1141	5076	5090	17438	4707	3103	7369	14174	8478	6426	8275	9418	134	5147	16814	4854	5414	5057	4266	13533	14895	8145	13220	8354	13584	6376	34	12846	15902	1093	17918	587	2774	9450	17267	3534	3216	17193	6702	335	3121	17001	10491	2399	10007	18511	16183	9796	4552	11061	12699	15822	5635	4759	4231	5331	8731	17663	8059	2461	17877	14166	11614	3755	7784	9839	17273	5732	9139	9359	11444	12787	8519	12542	19712	1020	13802	7559	2456	4902	8444	8493	15871	2116
2193	911	7419	7059	7122	6411	17506	1481	3060	7718	11035	6289	9005	927	14925	19113	6034	6733	9950	8443	5286	10952	10871	3970	16087	12583	11853	5145	17176	17625	16219	14064	2527	3685	19733	2561	9467	6584	8859	10694	12224	15118	8403	11430	9510	6257	8925	678	211	18837	5995	19715	5529	14672	15689	13478	17501	13403	4806	20164	3783	12170	1886	13265	4906	16866	9081	8115	6347	10716	1202	13289	20000	11699	18459	11477	5328	16374	6845	1042	10947	4259	8912	14905	7414	537	19676	14858	10667	7628	13914	11449	14128	19205	9246	10026	9548	8959	277	335
15700	6036	8268	3350	927	11268	16274	695	19299	11646	15485	5389	11084	9039	17139	6765	9603	11997	17125	11414	19158	359	3431	7873	18305	19670	11306	8655	5381	8604	18796	2038	12313	14234	14095	8838	6390	18096	19150	19882	6373	14074	9387	6786	10189	5180	5184	16756	2034	17971	9843	9415	17165	9443	808	3400	17646	13422	12611	15714	3134	2215	16903	17638	9090	4579	17996	12230	19113	16	12	4684	14101	8835	108	11329	17497	9686	5162	3289	19545	943	8534	1838	12122	13711	14479	8745	12736	7849	8914	3361	1084	1765	8998	4243	2005	823	6755	1961
15913	12192	8035	2885	19473	13882	13800	16679	19881	18392	11857	5147	4868	10033	8932	10075	8071	11312	17981	12729	7391	564	12479	16324	3070	16957	9904	15076	18533	7763	17844	15616	8511	14827	17833	10301	9268	3361	20104	17326	16316	18433	10637	13065	2687	7791	9242	316	9666	1768	18265	17950	5414	1955	6843	619	1378	2390	9408	11290	18537	17636	19312	2570	650	17458	14095	2507	10374	12003	3393	19954	3502	18336	19856	6933	9294	11544	13202	449	6846	19931	1969	6644	19745	16359	9116	13046	9743	9950	6165	10253	19892	20181	2207	9117	8447	3509	4153	3398
5187	9687	19928	13022	3812	6063	4470	1535	15052	15899	19765	10581	9388	1171	7277	4667	9448	19496	18868	19141	3122	194	15992	16891	965	19274	8770	20062	3690	8179	16153	15315	8173	10437	16240	19730	17618	9839	17563	3405	8007	11798	13638	16842	4103	15911	17288	13891	3786	8110	9802	13041	8352	8122	19179	7840	6862	17458	10548	14276	14532	14204	3932	19622	19988	1421	13582	2366	20138	15749	12051	12504	9047	6488	2673	17378	16998	19618	3235	7345	20074	20077	5373	172	14723	1650	16672	2749	9407	9601	12176	14810	262	14544	10614	5636	4142	3319	14793	6063
17190	2688	11399	9500	9238	8709	9925	2461	293	1978	10480	17895	2250	12559	9644	1913	10564	11209	15448	3427	6201	3960	1720	14910	11813	10491	19693	11631	18974	13770	5421	3199	13131	18961	9177	13119	11318	3001	7807	2431	2158	18638	12688	18738	16847	3594	14617	1824	9577	5607	20102	6812	15977	15849	5152	17652	12626	1726	10967	8552	14458	5253	8530	1907	15063	18929	19729	13638	2451	7908	4305	8299	10154	8771	5988	7764	10451	14764	12486	19208	6456	13371	9449	17930	8141	7057	15187	19749	12697	4808	16143	12934	12937	14605	8549	4107	2016	4572	987	6674
20119	18143	13218	3782	18842	17097	16074	4398	2000	10045	9902	5019	7690	18276	10816	3749	645	3010	18443	11349	2614	1411	2693	5737	8959	19855	19710	18425	4020	1695	6517	7842	7605	16728	17148	12475	7496	1728	3793	14900	924	19875	15703	5295	198	7121	1355	2641	2259	2183	13881	5476	14695	11091	11631	2637	12968	10426	19759	3191	2286	15754	16944	5682	1967	1281	10517	714	13701	187	14861	8224	14191	3922	8270	12229	748	1332	11846	14276	347	18872	10952	11536	8246	10250	17954	16166	6969	12720	9464	20058	3273	11459	2295	11247	12602	11986	10689	16488
1022	18293	15923	17883	19047	17746	16773	3116	18536	16631	18779	4810	20150	15258	19959	2689	2311	18904	14012	3261	18331	10317	19074	14530	13011	5603	19494	20107	8204	11289	6431	1404	14808	14280	10890	15423	14646	8449	18614	5202	16747	5663	1749	12534	18084	16995	18283	10119	7437	3878	18662	13924	17249	1368	9671	5772	10744	8444	16188	8325	8477	290	8847	5170	6890	6900	9331	10314	10004	13900	2709	1328	6131	708	1707	4683	4189	2612	19473	16802	3012	15441	10737	15900	12916	12469	18667	13376	14015	4781	15099	18569	14852	5033	12336	2435	901	4591	1297	18699
482	16856	2841	7014	10726	12194	14463	7260	10501	6392	3758	3885	5237	5503	19635	2251	16352	7784	1796	19067	10013	13062	928	13698	8266	16474	12746	18359	17530	574	9270	18377	8312	8004	10373	10284	13542	11718	13000	19955	20104	6930	17362	4726	8501	8990	3076	19410	10549	15001	3906	5592	12497	15151	2079	5991	11493	4550	1250	15161	7403	2023	15266	9178	1748	10821	8478	10688	8296	6303	9219	6870	4335	3507	2406	6758	1558	11518	17679	15702	8742	16501	1650	16870	2565	20108	14651	1857	4725	18971	14173	15771	19394	5967	15787	8548	13545	8859	7010	14714
2610	1630	2708	8388	11279	19769	18970	15253	9073	9407	14457	6933	10342	3900	13865	13534	7569	1710	19574	14181	11829	4785	8154	6595	4871	592	7480	8895	1849	16074	2767	13532	18714	18261	16439	13024	4406	9679	4189	7214	19421	10458	14123	18475	10806	4999	1607	12058	13822	11779	19994	4307	11393	18885	16148	449	13247	13840	8218	16962	12891	18882	8223	17245	10839	10598	6214	277	1360	3778	9049	3804	6121	9494	11433	9754	8325	20140	7332	15416	19386	4935	12927	9708	16886	10450	11316	15014	8563	2	2970	152	14823	8639	18472	8237	6187	689	8719	7885
4850	378	1323	14782	5415	14007	15655	9005	7358	1567	19172	1976	345	1341	14031	15021	16870	14027	11837	1695	15985	7362	10156	15607	1541	8027	15359	15329	18292	19521	5414	7259	17992	8857	14461	17516	13307	13176	4509	12838	15618	10079	11275	7514	11285	4021	19507	13062	14279	10883	4082	8474	12247	18031	13392	5723	19539	1762	13649	541	10029	7294	6373	10559	13946	5068	11618	18584	7643	9119	13673	11055	11922	5420	10847	10999	14451	17894	5022	13304	6035	16843	953	15045	14771	13485	4196	19638	1819	19421	8253	18953	11843	6750	4450	7322	12946	5602	18320	9002
17901	10820	14563	18633	7798	3555	17896	18866	11165	10240	2796	8850	15500	5688	17423	5620	19620	17290	3743	8964	20194	1049	4479	5732	7574	9580	11113	12070	17301	2802	17495	11609	3005	13406	6376	658	1301	12812	19822	667	12561	13649	16985	6182	12905	15594	4690	19741	8108	12699	14519	19880	3932	13689	4289	19200	10765	16020	7346	1912	7734	19462	8999	5162	2591	13050	18959	2381	6199	5623	19568	8797	14812	7820	5843	8904	2040	3417	3316	18312	3267	877	15786	14417	8806	10913	14778	4818	4465	3339	13268	3526	5658	14097	2484	1907	3123	10475	9246	12634
3776	262	7625	14823	14734	104	3437	19571	7758	9130	11794	4335	13432	14411	1316	8497	18237	5359	16965	8980	7660	15796	20161	7790	12859	4495	9915	16894	17087	17821	17838	7282	6397	4479	2283	5348	1294	17552	13294	11666	16637	5599	17695	16271	5601	13575	11209	9905	13186	7555	19538	969	8825	2366	11851	6490	16567	18483	16176	5655	16112	9231	433	10997	8565	761	2667	7845	16094	20070	15278	7632	5798	3661	8771	8254	15510	19404	11202	9107	15073	4083	9889	14302	17855	17102	17570	19414	15511	18699	6145	1009	12680	9300	9817	18396	17943	6184	5157	5463
1822	8657	922	226	13403	16690	3846	5371	9086	11758	2284	2183	15511	9827	13933	413	6540	11362	3774	7789	13635	17862	5044	8048	12492	6496	12170	3080	10154	14784	5708	19850	19657	5252	12444	1518	6758	2490	16025	14791	9130	16653	12452	14791	1363	13081	15118	17065	15270	9662	13524	17504	7990	884	8464	6908	2797	1194	2220	12132	17386	11670	1734	19864	2719	6508	17231	73	10512	490	18669	11419	11083	18620	8370	18466	1707	9714	7276	16042	3818	18021	1185	18037	18226	10868	16827	17981	19696	16175	18513	9463	11135	18453	4723	1121	8102	19731	5774	13933
5943	13757	7308	6916	19875	13628	17550	19025	332	4808	12699	14084	6745	10993	14988	3072	15698	8661	11108	12858	6348	2876	941	5876	17889	2244	1657	6250	19762	18690	16760	10827	9015	19664	9892	3802	7553	3085	11200	2182	6294	8132	8995	3377	15332	10976	9388	19188	20082	9238	16080	16133	9530	10700	2203	16752	15471	13928	10259	1453	4500	7274	8119	4381	9861	10315	14449	9240	14214	18312	8330	19455	12721	17479	12530	1421	16790	6934	5986	8825	1806	5443	14373	1159	3817	15440	14047	1854	13966	19908	10284	19030	10165	18223	11551	19478	19194	4696	11248	17403
9707	3805	15672	10183	2341	10810	8049	4960	1636	17125	6517	9694	4621	8672	18645	4339	19301	15549	242	3412	7853	16190	1019	14665	10876	18605	14591	3026	10653	14469	8987	2795	15237	10553	5648	14515	7528	13335	9401	16203	6328	9928	16317	15608	19316	16946	2998	19628	10622	14327	4069	8352	1737	11397	6164	1794	5518	8079	9240	1743	8350	13891	15976	18068	13394	8254	45	20192	17902	8209	10325	16837	1657	13131	9548	12946	10746	14699	10161	8655	16894	17375	19366	918	16092	19147	15652	17712	8951	4223	9588	11575	13396	14019	9427	13953	4209	18314	9362	10921
8451	17745	16443	8932	9453	20020	4108	9722	16170	5289	11626	10105	17827	12707	15158	1615	19800	11581	555	19667	9188	12375	1750	7320	2787	12324	3558	113	18388	7114	17205	7916	17012	17713	4933	2592	1221	16345	13948	5120	11722	16607	16968	5961	945	10035	12999	18272	7528	8272	19787	4938	10509	17101	17174	18770	14861	16263	5701	8540	18314	9156	809	16777	13072	19678	16171	15160	14256	15166	19274	8894	15908	11584	19299	17146	19029	5623	11666	1147	17345	13078	16275	20118	5173	2962	9021	16470	6481	18397	6878	2220	7621	11961	4289	13957	16775	8091	14370	8678
5195	11749	15097	15821	158	12192	19478	14839	10162	12712	1831	15201	4139	15559	10799	3291	10294	15282	15788	20061	9861	6465	11198	4264	12845	16187	4476	19677	16123	4315	20114	8654	6584	14358	11458	781	16847	2121	10892	7401	8291	8109	10623	2529	12938	14221	11678	423	976	3316	1837	13868	8158	19067	10555	6895	5000	12626	7152	7857	14896	16042	12499	6190	3619	16135	15273	11956	7686	1275	15442	730	8796	13320	13454	14914	8900	363	17208	12680	5454	2737	4479	4880	1018	790	18829	18350	6843	13672	7141	11392	19026	7844	19125	18798	9671	14187	7033	8465
19367	13002	16186	9369	2643	8512	17253	15589	6207	7322	6869	603	15542	18151	15068	838	8936	8153	15507	14334	1438	20061	9841	16840	9028	8527	3693	15629	17637	5097	10971	9121	10553	8036	954	13599	3042	7478	6260	8451	15359	120	5172	16874	16246	6657	8615	10588	14954	8158	4629	17469	9445	12160	2383	3004	16182	3990	7663	16072	5838	13638	18960	11853	7394	16402	17313	18934	2828	3642	18376	2021	18368	13927	13084	14964	16968	16737	7133	12686	6412	1329	4495	13110	3255	6977	11882	417	2626	18225	19290	493	8196	13114	16729	7619	3946	14044	15960	13166
11526	3977	6113	5584	1947	13314	16290	15021	8651	2595	4012	10937	7509	1404	1043	9583	15009	5529	7114	404	17063	11986	18645	677	5834	14967	20073	18640	7736	11885	18325	2657	12568	2931	6077	12747	10738	12419	17065	6677	18175	13779	918	10257	7133	1508	2677	8044	4833	5645	6289	19911	2778	957	2327	10841	6469	12784	15661	17350	8232	3474	14216	18611	12054	2826	13583	7784	13203	15069	18212	7216	3816	6410	907	14558	19332	9449	15047	2527	3020	538	10131	1612	4326	15607	1056	17759	5906	13303	5588	15280	16692	5583	4086	13502	7869	14206	1714	4918
18096	13590	16078	19117	16148	15363	332	19471	6132	13485	2075	2654	3750	6278	7931	12767	938	2853	12657	10169	7707	1694	6795	18966	13482	3946	1276	19682	10280	7138	14921	7134	9562	19410	16013	157	5112	10343	12610	8637	12278	14560	5809	16228	12214	4192	15916	9099	3060	13392	11986	9192	16077	12214	1993	1185	5166	12593	8533	12846	9485	5840	18738	17818	1099	17485	14856	9427	13974	15471	6131	155	10942	2435	2492	13543	5045	2314	13545	18381	1802	10695	10019	6816	19041	8690	5676	18691	13997	16862	2473	13567	17804	5116	3066	8869	13326	3737	14784	13008
10045	11657	12215	12514	474	4277	17079	1977	10016	19130	2021	3535	126	8934	4266	15469	14630	5701	14321	3095	10932	7428	19368	14631	12019	11792	19022	8701	14366	8724	10673	8861	17528	17567	8987	2674	10876	19556	20188	8721	12301	2546	19832	14495	19852	12304	18840	7260	9367	15131	17438	7109	11851	3830	10339	10295	13166	6958	11795	3261	3706	5997	3629	19006	9168	8719	9644	7238	8544	8788	17383	13927	14258	10596	18026	5507	12247	11419	16756	19964	14139	7584	14664	14326	7649	335	5940	1209	4987	7235	8652	14768	13513	6061	18783	13912	18468	6206	17945	5891
3354	8007	4684	11669	13057	19589	16669	9896	17099	12378	18445	13161	8838	19329	17979	16218	9057	18948	5409	1746	10837	3361	12401	18075	10858	10643	11743	9016	19782	14716	9682	13980	1395	18367	1467	14598	13923	1593	7514	1134	20120	8086	12157	10842	14044	16983	15691	9325	17961	11201	13193	4919	17519	16256	13709	12467	11954	1800	4280	5612	12755	17970	17437	735	16341	19038	19347	9209	16125	18796	13027	2994	5317	8713	10373	8535	20101	11666	178	1074	7929	5726	12823	5323	2647	8504	14179	8348	953	11725	19184	9636	17926	931	8444	11338	12270	10677	16059	14347
15060	120	1656	1874	9288	11785	2817	3562	2271	16649	15772	19643	1436	3146	17087	5776	18391	2598	1270	4341	9033	13303	8103	16409	13483	9602	9464	1384	16059	19400	5172	3642	13146	12734	9940	20138	1391	14354	19533	4982	14186	8339	3028	13268	1558	6559	4810	458	13374	7220	15134	18945	15951	756	17784	6456	3187	12988	18972	1636	16919	10837	12945	9348	18238	9006	3341	1458	3961	14674	5316	7394	9152	18033	7145	12969	8959	15871	11392	16402	1733	2778	177	954	18013	5061	15692	5309	9653	14110	18200	12477	12922	1497	12819	4397	20172	9230	9430	3973
15878	16100	18235	2569	8523	14295	1329	5016	9893	15276	8738	3784	14139	10303	5483	11725	12797	6930	17430	19814	11318	11558	10590	279	4109	5392	1907	8785	13485	17028	11674	8122	18188	14416	6882	7496	4901	15021	16866	3604	18114	10075	9863	10357	15133	11097	10640	15929	6812	5821	16957	1695	16627	9889	19744	19606	13766	3785	3778	3779	9581	18174	1074	5534	4969	18261	650	7313	17373	17802	17140	12488	1131	3348	17912	2621	19885	1682	6986	7559	7547	5086	11688	9543	12998	16368	9465	16291	18266	5612	1229	15236	19911	4579	13796	1727	1982	4623	15854	4593
5514	8724	2709	1256	12108	13012	14871	14611	13140	16777	5982	19216	7920	13649	99	5342	17770	16239	9952	17788	12623	11434	12950	12021	11124	9410	7157	14384	14755	5173	4205	13135	8649	20111	15517	16426	6291	18683	18012	7864	4574	11232	14646	13418	16074	6484	10001	12138	6295	19713	4435	7920	12449	6102	4253	1662	4444	9274	10342	11085	14289	11110	1020	5324	4873	4075	15996	2044	7864	3501	3466	17590	2682	12095	17674	12470	1227	3899	17923	16667	8467	2574	16713	14133	1878	18909	15797	1550	19887	806	11885	1617	18061	7988	7999	7556	8044	11399	14398	1377
11270	1020	12583	9902	937	1281	6530	17426	18720	4126	7294	3967	163	17373	3945	15324	16128	4720	18216	7555	1384	19742	1025	1352	14430	2461	14793	18235	15635	2897	19370	16032	14756	20048	4186	10539	15507	14794	1876	4393	11877	10947	5317	8918	1243	13327	5916	834	2050	15969	9592	6478	12580	569	8819	4299	14083	523	14374	17300	19994	10517	17158	14416	14666	15986	8662	12950	3182	17694	19319	15652	9924	296	17128	14206	18727	10684	4896	13953	17083	6732	14071	19563	12092	17776	17827	15656	1398	12550	6742	2146	9499	12998	8899	1924	9912	13601	13418	16930
6369	10841	6684	1785	14052	20031	6231	15032	4627	13024	18101	14101	12790	18304	8965	5000	6695	15504	12891	17714	16378	5583	15514	5384	17923	6135	17401	8357	10811	14206	12206	877	1246	2660	17128	15569	17702	5410	10829	19617	8925	14802	15269	11980	15041	1089	13137	317	6243	14633	17992	1770	4759	14817	8099	19381	7289	19156	1643	5242	5544	18615	18714	14074	5375	16941	19795	17608	10891	13398	2876	4312	1834	11327	13105	17806	19070	18506	8108	2881	9198	11400	4292	8899	61	14090	12663	6270	5167	15352	6598	19459	16142	18199	317	7099	5566	16744	8889	13732
16826	16142	10189	17881	5327	13614	7142	4093	7062	14512	186	16277	15173	9485	7268	6793	524	2988	2192	11444	5884	7703	18368	13213	190	8692	9971	17695	16228	8153	13316	10109	7042	73	17927	4379	5193	3295	908	1430	11165	3222	3153	2625	13137	15757	17019	7539	10581	14380	9232	13102	3813	14095	9943	13398	15976	15787	2812	8124	14672	2473	18526	15202	8899	9204	5809	2788	13758	9033	15276	10534	9646	16025	17928	6181	10029	12583	184	2655	1198	14967	17496	7039	16806	19153	11956	8677	9125	6531	9450	18807	13438	6918	5210	1084	16271	16248	9093	7781
13013	18434	576	8154	10431	11113	13734	4590	17591	2404	15158	16505	38	13724	13492	6536	12783	14400	8818	1631	3703	7391	12988	837	5714	2362	15915	12892	19803	19838	18503	4084	12185	4578	11158	13298	8562	5648	18685	4339	12530	4552	16291	486	13072	11145	7772	15685	17249	9907	19693	18468	16417	1640	19404	6968	14932	7487	19988	8992	12690	12875	5292	4138	2773	6171	18381	14615	13990	3307	13476	13639	16101	18346	15212	1327	15072	11441	1090	17166	3501	14462	6278	11245	13104	8797	19520	8962	13110	19209	17686	3207	5834	19675	2959	5561	15326	2897	9708	16958
19955	4594	11383	11270	12537	5335	3887	6697	18572	13386	6304	17296	10148	2703	17754	2253	14151	2637	5336	8476	2691	4217	10077	6228	140	8403	6921	3629	13768	11912	9943	1610	11471	9697	19703	14815	18751	5594	7566	3805	16442	2861	919	19263	2404	7102	19908	13602	12473	17458	3012	6489	18798	12158	16213	11110	3400	9763	1615	14761	8325	15249	11753	12106	6217	1266	10792	318	11438	9407	9639	18840	5891	7662	1382	2006	14876	1424	1844	3706	7386	6009	11794	1907	1777	16117	1537	20125	816	6833	8565	6232	8478	13855	17882	16085	10065	20206	8320	11485
5960	20133	12332	16176	19169	2917	4056	9708	19673	13330	15521	16205	2248	8224	2562	5550	16273	10830	2526	13863	18591	7561	6058	19447	430	14742	446	7310	459	19855	4841	17620	5520	976	4746	8151	15198	18803	16245	9648	7671	10119	15728	4401	2381	18917	5675	6544	19617	17241	14667	7102	15947	2206	13554	16794	10458	14143	1087	3929	6050	14841	2068	6430	19498	4983	12318	3933	223	14812	17233	19955	1093	16030	12501	2101	20102	8882	4295	9333	8204	8746	19344	17905	2556	19203	11010	1788	17150	14107	1953	14922	14656	2082	11274	8750	8890	1979	4152	1238
13816	6405	19784	18152	14069	17168	2193	7045	4271	8953	10142	5901	3325	502	3765	16406	8296	12787	18534	670	19586	3756	8198	1746	7277	15647	7765	14288	4139	12685	3824	15644	19326	10809	5488	524	8403	8878	1716	5538	6935	14727	3548	836	16086	17426	841	7638	3812	11508	8002	6323	8878	19038	11031	2821	2165	16078	14181	13465	1427	15740	13325	18517	2820	16583	1311	14825	10251	1007	9246	18817	5244	20177	19950	13519	2101	7168	18433	2268	2650	7849	17983	3463	17118	5907	18840	17245	1327	9023	3878	7621	9383	226	7665	7130	3149	14120	13770	6738
8187	16835	15537	6598	3281	5027	9131	1134	4111	4099	12801	10387	1839	137	3448	4091	16631	3802	7952	3281	17736	4305	11487	11323	8456	4925	9202	17110	8596	14047	2183	16682	3061	14340	7560	11130	13851	1412	7237	2152	7744	1414	1896	15082	5224	20182	8015	2608	8895	10733	4601	8189	8467	16983	13773	15141	5189	7745	7603	20055	1843	13764	15496	15496	2752	9422	20170	5617	3612	132	14991	1752	11117	11069	4544	10156	9717	16045	10809	2194	135	1270	3612	16249	18638	8098	2609	14156	14320	1528	11292	11230	7251	4447	8325	12941	10584	15163	16449	11758
7671	16672	17563	20098	17253	14961	8761	16045	387	16540	17939	6257	650	20055	11907	1550	8373	4999	3068	18701	913	7257	17079	2042	8714	13744	334	690	3708	18494	1800	11718	7323	5620	10491	12158	1726	7465	12318	6540	10649	8217	755	3767	17973	19733	19673	11971	4627	7948	4819	13610	3587	7182	9402	2796	16617	9854	16882	13102	4520	9252	17076	5779	2148	3729	13379	19030	6986	5757	4479	19922	19663	2652	4884	13433	574	15936	13734	16079	3485	13138	2684	2439	15412	2969	2275	17674	6182	18200	8196	13344	9594	3814	14504	8707	2425	6820	5363	19770
16182	6816	16162	6176	6895	9817	20072	12999	3087	689	5926	9856	12811	19049	7164	8511	920	8654	3311	10154	17193	6444	7662	4011	15631	3349	12875	18406	17472	2506	13081	12188	13658	3293	8729	19772	14114	15316	5507	18248	19997	11234	15065	4738	506	3732	6875	11442	10210	3188	14110	15412	3918	20068	11891	1673	11390	9415	12426	18434	7443	16092	10870	4641	19998	5872	11020	2209	3172	12933	14434	15146	4024	79	14121	7402	6140	1726	14010	10386	6375	3754	14960	488	10699	2541	3378	10687	1792	5912	700	5341	2441	3290	3643	6457	4725	15771	3586	18684
17775	12848	18111	8059	16299	19598	14971	14779	12664	19391	3025	15436	14355	20175	4235	9817	11581	10791	6022	1692	11038	6794	20002	19881	11268	15071	10897	16443	17411	2347	7050	9586	20069	4731	4066	17365	19677	158	7556	17220	12776	6180	2874	18848	15264	6709	10121	11365	6063	8701	16505	6251	8810	18558	15916	8982	4968	6389	17879	7719	1250	16310	7396	12353	19508	15102	17865	4089	6480	1025	12915	11735	18945	20091	18881	15633	4627	19087	2321	16776	11993	7748	9456	15387	11498	10883	3131	10684	2536	11598	12682	9026	16055	12501	3878	17286	3747	13800	12914	7806
2680	13815	19600	3499	19838	8410	19474	8833	7166	14569	10979	13004	1516	945	777	1371	19184	5756	13575	5900	6762	3907	6732	2146	342	9298	2049	11443	838	5440	14825	11911	683	10237	17212	14424	41	15985	13996	11308	12492	1159	13851	15457	12662	11129	7055	3895	4704	10797	15153	2873	10515	14938	4326	12786	1135	16615	1126	16462	5379	12444	14378	1328	17681	16690	14258	12504	363	8404	6053	13441	20009	12812	2250	9475	2656	20171	4390	12240	4138	4534	19881	13674	4196	19734	13440	4526	9147	4123	15203	2962	18372	9494	3023	19367	10963	19917	4156	14005
5288	18454	15788	324	11598	8335	8573	17191	18212	18042	3108	1845	6552	7480	18926	3298	6243	935	7585	13586	5981	4526	9465	18889	18282	19875	12516	3485	7218	6677	1147	14659	4341	6895	19209	9608	14392	18143	11129	17979	2041	20105	15760	9495	3469	2715	20166	15889	4755	5781	13508	5087	3633	11405	18109	12019	12076	10444	3509	2691	18235	16708	591	4049	18604	10228	17182	6474	10339	11574	13486	17745	3217	1561	6835	5131	16779	6938	19675	14031	9369	8982	10438	8883	4267	19347	14068	10013	19415	16617	3465	14643	12986	4882	15938	8315	344	16788	19304	2472
8857	7268	2680	12227	7592	6316	14580	7216	18611	7376	2908	3540	6955	18988	19997	18886	14469	8343	11129	5602	5033	4148	16634	5065	7568	3471	9779	19187	8685	3189	1803	10434	5268	13001	11907	12363	10843	5055	3467	3696	7242	5105	11780	6202	5300	15153	5481	11170	2531	11089	13998	14807	8697	5417	11497	1942	5432	17968	1562	16013	5508	5638	15519	524	8511	17190	6128	19653	10997	8316	16101	12545	18499	3012	14312	13016	10567	14074	2498	17501	13966	19141	10241	15094	13750	12848	17713	8180	8680	18600	1848	11105	10755	4108	9701	18548	13905	2157	9295	19696
12336	14978	3018	6522	19632	16038	6919	7808	646	19280	17893	12969	16187	2763	13430	11012	18572	7754	9768	5024	9039	1959	2488	11	3249	16996	15485	10928	1577	13849	17947	2461	1363	14269	5094	9627	7180	1640	8110	7062	17489	2908	2415	9952	10042	13351	4277	20142	15902	1122	12389	2624	1913	9569	2896	16299	2647	16362	16258	1164	17354	17789	14507	10982	15138	4767	12562	1959	19171	17642	17457	103	2278	19230	15233	11119	1155	3755	14848	16782	11665	13171	19718	9554	17326	11054	14182	1688	14120	20182	17753	4793	18934	788	3144	1080	3657	1065	12846	15271
3290	1365	3562	19237	574	18041	6420	3986	2003	15719	12087	14688	8569	12838	1465	10734	17461	1903	17968	10800	8020	745	3182	6064	146	11333	901	13805	10028	4960	8114	14603	5112	19239	20196	18212	11725	166	13074	11383	11005	13097	15245	13559	13865	16572	15440	6211	3582	11487	18668	9602	12043	11589	19726	8379	7837	10233	4815	12024	4082	14421	17167	20152	5555	12094	18918	3134	2721	3924	5424	6140	10971	13238	2034	10413	10240	4500	12342	788	16927	16664	18730	18238	2223	8162	5995	15002	11122	3273	15938	18265	11487	10591	17939	13721	13606	1266	16221	9467
6251	8889	2540	5555	19710	3497	10910	5075	12403	1852	19021	5986	6202	7723	14261	14335	13560	15753	15207	15880	4259	3262	15686	16377	11664	16108	8489	10071	16082	14758	2298	3536	15992	545	148	7277	18592	1549	16400	13336	10689	10319	16062	14378	15187	14353	8191	8834	5555	5016	531	14658	4588	2439	6745	8222	6855	9671	11205	9572	11617	8882	1997	18995	5708	17989	13051	6533	9118	13566	18986	517	6103	6297	15175	7255	19243	3530	13756	5441	7045	5193	14161	3298	3744	12236	20190	20074	2719	18421	9653	14048	358	2176	2221	10947	2242	19012	2969	17769
17656	6572	19702	1085	5120	2948	17245	7955	9125	11963	16178	14747	20038	4379	13455	16602	15047	11405	8317	5421	8976	16346	14544	16628	869	11750	19875	9271	6216	7857	13410	2295	17276	11561	11642	2571	13507	18377	1396	11097	5610	18731	9246	14090	5867	3320	20005	1537	8834	8633	13041	13912	12981	207	4492	8011	9875	12192	8836	16784	10003	5612	6854	5849	19865	8944	5921	7571	16731	17811	3134	4948	15792	1428	3866	5056	16411	12053	13314	11980	7945	10748	15830	16236	11135	10260	10740	12178	11511	3187	6094	19067	8059	10033	3777	7971	6009	15938	13656	3988
922	14410	9484	3289	10273	19255	7674	1990	52	12667	16148	12755	18545	11638	1924	483	15898	6278	19290	15511	15243	5839	13441	12479	7583	4478	5706	3898	2965	3744	11899	12321	12102	11772	6652	1704	10561	3708	3754	17273	2868	14443	6565	15976	4742	18238	17304	5737	7807	15745	9364	9431	1217	17305	2087	7282	13399	20110	15234	19256	6787	861	12652	5030	12277	17889	12441	5599	1524	4613	20185	15231	15709	13153	1114	15797	11628	12822	2093	4339	18976	18160	16651	18368	4586	12257	10774	15136	2699	18096	11710	5572	4829	3912	11597	5516	7373	9697	9379	16018
16279	5792	7912	19481	11493	1806	11600	13700	6229	2936	16079	11331	1852	12938	18059	5588	19663	5342	17459	14153	5957	5635	7413	5891	15958	13435	1206	15238	13822	13898	1180	6921	12212	16462	16608	4005	9295	4436	7782	14372	6351	5529	8948	14977	10259	3337	6745	11574	10326	19686	6563	383	17560	4343	749	427	3421	7170	2053	4434	5808	9480	14572	10657	14121	12433	11557	13586	18231	10131	19646	11926	10759	15881	15947	9038	10994	16755	14763	4461	16874	4819	5932	14701	18182	62	5429	14792	414	4841	12382	16598	14213	6896	14071	6742	15711	19688	147	15278
1491	14452	2908	15440	7734	20166	174	11846	5681	9841	14945	17542	13610	5551	13340	7052	4277	1946	19624	4969	1396	3283	17286	18868	3933	1137	18225	10991	15204	13045	13518	6337	17808	3678	4921	7492	8682	8812	10413	1703	253	1013	17430	16203	18934	18650	11758	19025	13642	5640	13374	8828	13569	15406	13101	18333	19370	5123	12768	19076	12559	15520	3866	4004	1952	19179	4147	12481	403	3776	15363	17675	3593	1749	2828	18224	10448	788	13973	3208	8369	5609	17832	18300	6008	14452	9510	18477	14398	2021	1206	6796	19261	7724	3183	19944	4722	5696	3257	10296
1132	8253	9236	15804	1189	18135	14631	14999	19908	5708	10801	4138	78	2431	13915	18838	18313	6263	15063	16758	4109	5208	202	14208	7474	2384	3475	16291	2390	19598	8559	11473	4737	14932	18866	14463	19620	17162	18316	17715	17644	12599	17583	14934	19070	15368	20138	11155	5061	11851	7393	2951	1486	4277	19939	6311	1059	8326	8020	17590	17751	7175	16651	11705	8102	3184	12897	5473	1347	15153	15571	1686	6468	15047	8244	1027	19729	18098	10697	5327	15900	18434	2594	11999	19481	711	9965	16999	9499	13824	8078	18708	16922	5497	14302	12738	45	16027	15913	12984
15112	283	16255	17127	7357	14186	13433	13022	5599	9040	9254	11303	8278	2676	11473	17919	6244	5042	4873	19609	4579	10418	765	18600	10652	14400	14785	618	3764	19454	4034	19091	6132	18765	17441	10353	19463	2594	19531	8296	8547	20038	5694	10628	17831	8253	6904	19734	6923	5652	3668	17660	15684	5363	6649	20193	18793	5843	12155	19585	18723	11406	9648	16791	13187	13244	8358	18434	161	1682	16346	9031	5044	7528	13072	2558	20077	14723	19615	10954	12346	11448	14913	7141	3633	383	19280	8696	19454	11400	12196	15348	11215	15305	3805	14633	11085	14776	4073	2877
19322	10443	1231	17295	15053	1486	4461	13173	12687	18265	18835	10258	3153	19873	6108	8211	17675	728	1677	17939	7183	2830	4171	12301	19115	12830	10407	8112	15262	9484	8370	6316	10840	3737	18160	15740	6456	13294	6024	14022	2515	553	13262	235	14841	12151	3762	7869	1415	3746	15585	20154	12827	2608	12581	7	18171	16585	17989	9123	698	14183	11053	7415	5797	2925	16439	12280	16779	14012	5696	17085	456	6141	10829	16614	16049	7924	13724	10842	806	9615	1212	19872	1182	2112	6406	12157	18396	15717	11549	108	18034	1760	12325	20202	8351	13587	2143	11794
13073	10700	11338	17679	4862	6743	12381	14497	3766	14101	20089	6499	1955	12897	11193	19511	4592	9436	15297	7917	16396	5810	7434	1000	10450	18637	2877	17430	5608	1422	10736	1658	3953	19019	18720	5499	9294	3377	9266	20029	18129	5937	7081	9752	2527	18539	2390	15261	6793	10353	41	3060	13303	13851	7000	930	15791	10411	2718	3478	11811	19992	6910	156	3334	5277	12499	5491	3267	15615	6082	20158	14563	7918	9979	17771	9139	16204	9838	12977	17251	6541	8281	9152	3095	4983	7123	18872	18374	14522	16597	2075	423	19394	5157	19230	7815	10853	466	10035
19184	19563	18785	15173	12990	19224	9530	4561	14047	7888	5005	12729	6829	9889	6370	1315	1242	15656	4626	19748	1341	3070	15903	18708	16256	10035	12710	17104	12815	7807	8809	10328	19882	16788	4443	18866	10765	1054	5068	5201	8008	12929	4665	9997	7432	15472	19717	123	20038	10147	1663	7858	16523	16320	5955	12160	11170	6202	6999	11035	6132	19917	9572	6906	7308	5329	9936	7975	8968	6838	2549	11915	7362	11656	10256	10598	6758	11673	13782	20067	18914	10717	2060	16231	18629	5038	14757	19174	16923	8204	14288	11785	16263	13638	20014	7111	10396	14424	7778	6639
19466	716	11860	17911	20023	4348	6793	7336	15311	19025	13682	3879	17286	5821	8038	10501	724	9627	15428	2670	11400	17626	11161	12187	395	16469	17896	13495	17242	4819	4067	15239	9829	8509	18305	10814	13298	6263	10941	1021	57	8685	7304	4152	745	3047	12079	3001	12196	7338	13653	12718	5436	7360	5033	577	15319	8958	3546	4240	257	7179	4376	15373	12962	6777	4083	10226	15786	3001	10902	13284	6365	10924	5963	14993	12189	5913	9502	2103	13722	17724	15872	7988	1657	4899	17035	13088	6449	12590	4897	16796	16702	6538	8798	17931	9411	208	12457	365
11519	10170	6311	1412	7913	11924	10145	13314	2602	4633	1967	14248	18926	7355	5740	17883	5415	17662	14963	3110	18238	16484	969	2093	19415	2506	15574	18135	14501	1014	4418	16055	17016	13688	5473	10734	3587	17338	13	17083	14268	6283	4235	3539	8480	17383	5901	18494	1882	1340	14973	9624	6463	620	2442	13500	13674	2640	16731	8358	5426	6449	12	13447	19025	19283	10430	15889	17054	8059	17836	11725	5219	18446	5292	2722	8010	8015	19614	5540	5461	7310	5350	2541	4287	8085	12793	10049	3955	1163	15158	11597	2821	692	15675	1002	976	311	13284	16602
8834	16235	1696	8099	1657	12733	5174	7748	13143	3946	12412	9818	1796	9058	16192	12812	17191	10454	14069	9194	3825	3827	3324	4694	16095	11821	4393	4437	10883	9896	3496	7050	19088	243	7920	16031	9369	10919	14373	16816	13834	13268	11475	12561	5650	11957	12091	11915	15487	1011	4113	8922	12686	4292	12138	7295	5795	10941	11732	17076	16352	12835	6431	14283	14193	12650	19760	19180	7698	8467	17415	816	6702	11851	18563	13215	9746	2718	4272	7431	3257	9429	18824	9880	20021	16032	18780	15750	15527	902	5789	264	8056	3196	4838	13039	5390	18823	15069	7057
1804	211	10873	5640	2786	2447	6695	6082	7314	4885	16975	8919	19766	16827	11060	7183	2845	12212	14550	14054	5141	12883	1518	2858	9406	19888	7532	5022	12871	11666	1009	236	728	8850	14773	5409	7747	15959	18650	17991	305	9598	12957	4914	8241	6910	15685	863	8838	1526	4554	5681	10694	141	4280	858	10201	16321	9055	3824	4625	2375	14434	16080	9251	13132	5237	16182	6795	4457	14911	15897	6037	13626	2255	16868	19072	1480	16717	9369	3786	15508	19950	12864	11248	12015	7963	20032	3798	1746	8191	11768	1459	9682	3791	3293	11718	11584	1726	1843
11453	3965	7945	18333	353	17054	3989	14605	18036	4855	3935	11549	3087	18437	4702	11069	9645	4552	57	3004	5683	15640	8234	19715	18283	6578	3193	17530	12469	9101	3620	3184	15243	18657	12981	13928	18501	10747	5540	5594	396	19185	17498	14092	4946	12811	19810	19472	1743	12665	14512	178	8570	18652	8860	527	7020	13902	13386	7393	12344	19217	3232	5519	18960	1265	2691	2349	11590	6215	18013	15724	14776	1142	5087	13247	563	12058	244	3062	8195	19516	318	6145	2677	15841	17890	9616	14165	7553	16073	8183	12512	13943	11260	8009	4879	17935	6663	2038
1563	11805	19853	5608	15000	10563	4332	7254	15680	2439	1185	17354	6163	17913	5202	10868	7632	11459	15724	343	14297	18466	17996	14394	2811	6238	4359	11398	11561	16896	19003	15352	16402	10853	2107	7517	15984	8153	12803	19055	8138	263	6929	15231	10329	15247	9586	2598	4626	2897	13389	4407	7253	4303	3524	19581	5347	18457	5658	13252	19278	9093	14581	203	11929	1952	3407	15854	15656	19465	3472	6651	148	4276	5551	12310	10586	6127	1408	1126	2343	15426	17251	10000	9984	771	12845	14793	4692	11810	7018	13680	13852	19093	2957	5594	14483	17947	14719	18638
16644	7522	13518	2803	15207	15111	14452	2415	17831	2674	2602	9016	7743	14249	17528	18616	18064	7255	10652	17754	1867	4124	4271	13005	18777	2279	17393	16901	8677	16925	14424	13944	12431	15078	16830	2624	5363	9305	13966	5889	9520	14866	14623	11267	7050	3123	6208	10183	18705	12199	274	6279	2882	18144	4265	872	2810	13852	13147	2346	9432	15059	15494	13644	17380	12685	18921	11393	12807	2850	2286	636	6906	14048	717	15816	7165	6252	5877	17458	5024	7710	11012	3635	10414	17365	15146	5868	19237	16554	14193	19280	13013	6983	7779	1542	3472	17770	3153	3207
1685	1794	10343	1994	16115	12673	9588	8609	2854	13701	1323	10947	1773	10873	14642	9074	14235	11058	5952	17220	15549	5124	4561	1534	11444	18024	2628	17383	10470	12542	16084	11419	19063	7492	9282	14631	817	18722	1902	17450	3652	15699	2919	7790	19141	7768	1427	6201	16037	18923	12176	17420	3384	20152	2012	15001	17341	5286	7118	19703	2647	13701	10429	17174	19564	18309	8967	19683	8556	13812	14240	9444	18619	2923	1126	11487	15959	19855	14137	5977	17695	6540	10366	16341	2574	5415	17083	3183	10726	17830	11954	963	19921	13010	3086	15913	13777	17604	11816	6251
3507	15054	5868	12375	11361	17646	7380	7784	19113	6321	383	18926	13723	18520	6972	14776	18614	7196	3410	16474	12610	6481	15442	18802	3295	3659	10237	18422	14401	20039	14194	2484	4718	6995	11810	14120	557	9848	12014	17906	14075	2459	13361	11058	9179	3372	10345	19106	4466	8534	9096	17309	1682	2796	18549	424	14181	1236	3411	19688	11162	10764	10864	16083	15622	9722	13517	1207	17063	16078	17072	10049	6200	12158	15692	20031	3935	15549	18729	6561	16321	10046	4796	11464	8051	4674	146	1545	15227	8798	7403	16470	7886	3703	13453	6080	11871	15165	18959	6067
15142	1809	9348	10033	2640	13874	8825	16957	13186	11618	14558	6432	15045	16604	1579	13037	9278	9576	13256	20114	13772	15722	16052	4717	19671	9077	19366	10799	19049	12674	12860	14564	9083	18780	12642	7619	10764	3354	13418	5783	18038	12187	5195	12962	3637	2780	14796	17303	14654	17870	15946	3036	13567	11618	99	18052	12986	12501	9485	10219	4585	15199	19445	15583	1046	15269	17344	9621	5825	1416	19324	16709	9407	20133	5856	6321	7394	11846	6187	12826	8981	15209	3693	1496	15887	5910	19504	11202	11474	14578	13857	17827	2843	17191	15360	19332	1065	17861	16248	9523
534	12424	12643	6740	16376	9644	1720	11452	17578	8621	11750	5620	13560	4759	6232	5561	7264	9656	18773	14871	12527	18779	12483	6270	1997	3660	5104	12599	822	11768	1875	14326	9279	14454	4589	4990	18038	862	18628	9399	18647	8318	10428	8454	18680	18794	9808	9587	18302	680	7601	15297	2094	7607	7503	2674	19805	12316	14288	18014	15505	18354	15481	10943	19640	12775	1480	5572	5329	12812	8023	12363	10532	3864	18693	17625	17572	15076	7249	11551	17221	16499	15317	18845	2410	308	2446	18946	14427	12467	9340	16128	17962	12629	13822	5942	4829	18829	5451	17770
17119	19150	2773	4521	7788	11744	12148	5209	7141	2193	17915	5155	14881	7356	11475	12583	15270	13728	16012	18928	9243	15948	8540	17432	14717	14608	590	9319	10963	20147	10319	17053	12618	6253	10177	9544	3350	1865	19330	19816	3855	14411	18388	17488	8030	15053	15348	14386	18659	3868	4519	12571	9679	3612	4055	4102	3201	7585	1660	2755	18474	18173	12457	17626	10614	15760	13646	3262	15518	12016	7869	7901	10396	6107	4896	6652	11177	13324	1105	537	12729	6253	5337	1515	875	3417	17301	52	18117	3500	16476	18859	15903	9743	3612	16717	10984	11139	13963	8404
10802	13933	12117	17780	7297	16417	1716	18557	20202	19076	17358	10636	397	5274	7963	7438	17018	6934	815	3970	12838	3558	10735	17260	6401	18244	14293	16175	13049	14079	13831	13805	10691	661	16716	6783	9485	497	6250	2287	12869	17816	16083	6937	18309	6732	17431	16709	17356	7460	7386	18511	17530	19070	7624	6555	17509	8625	11376	16766	3416	18160	14519	3389	11366	19514	18752	983	730	14573	16777	9204	2216	14749	3555	3354	12488	19167	12672	17683	5289	4606	9926	1358	10503	2917	6307	7050	1654	5652	7731	17223	13335	13524	18160	10755	17417	3894	10491	6399
5895	6435	16709	9112	6539	14384	5852	7832	17208	12162	2670	13778	9646	5854	1143	2213	8812	5317	5175	1415	13775	13748	5740	6703	8879	14079	14719	5017	7876	1217	7443	8662	17072	3329	7836	6199	3617	16067	19265	3652	10809	15779	16249	19733	19400	564	10338	16013	16840	15590	125	10588	16078	12449	19805	6784	17541	16325	4989	6252	13405	2176	10011	19021	11604	8200	17478	17558	13119	8796	9612	9262	11666	19678	5475	7760	14501	19261	18298	1750	218	13140	15895	9433	7365	10581	11682	17520	12647	0	16415	8531	1492	4402	14636	7378	11975	15639	6350	9473
12984	3543	18652	5652	2831	14064	1404	18199	14030	17920	16317	15471	16633	13598	11085	18090	15141	5425	17740	178	12031	16723	6402	10584	7237	4322	4520	6539	9520	3135	900	17861	16649	919	11744	18720	18783	11244	13770	10764	2003	15594	19173	16221	5805	6496	14355	9831	1748	14440	5956	14050	12913	12198	19888	17286	8798	12187	9166	15094	9556	3684	5065	19263	1072	10555	5180	7372	972	654	7195	18470	15094	6020	7511	1730	388	15371	19412	19407	3800	604	913	13669	11668	7768	14532	1362	19667	13465	15431	1849	19887	16336	10956	4916	10285	14762	4946	8182
14216	2660	17031	9593	5966	10007	3249	1710	3838	4681	12850	19797	15161	10876	17193	3110	3857	5286	4965	16868	678	18444	16669	2181	355	14001	7742	7779	4711	11031	17066	1267	16237	5227	7570	7901	16012	224	2641	2575	690	16756	14324	20066	18556	16243	3816	19797	10764	15162	13101	6184	5823	429	8517	2176	17599	8440	2624	16316	18397	3039	19126	5658	6790	6771	11187	234	7975	10924	19457	8232	2442	14758	5916	12217	11268	9963	10356	18324	20109	1719	5560	20065	13340	6632	12657	8250	15255	9432	17586	124	5483	14630	3821	18224	11352	15645	13433	1530
14449	8405	202	12953	9331	15656	11101	2473	14374	15985	1903	17529	4275	2062	18300	9290	9061	11274	16996	676	10105	523	6745	15068	3495	2338	940	4353	1147	15892	14392	889	429	12579	18322	10933	9626	16982	13642	5943	10183	11814	9268	4880	8746	13017	908	14593	8386	4489	4717	4031	3988	7798	14364	7768	8145	4979	9351	13779	256	576	5483	6285	5429	16226	14351	4436	7565	3443	14507	9772	18283	8218	16324	9046	14849	5909	9437	16574	13008	11594	12685	5369	5919	11826	888	3409	11606	12296	12848	8185	15259	9030	4674	14976	7007	1578	13100	19514
11358	2580	7619	16944	10259	7349	4945	4287	11349	17485	18842	18835	2715	13000	10278	12230	12209	12860	9662	2739	17578	4074	5544	2703	1656	7253	15640	13613	16517	5889	3215	9848	973	1678	18854	6899	4188	7956	7450	15191	2399	6935	18127	17262	11286	13472	19628	5123	9290	11112	1788	5673	13541	9310	16771	7099	8962	9513	14549	19883	6049	14210	13896	4103	18344	13877	4524	20042	19138	11834	6038	19795	7420	18753	5901	8137	20094	17053	5	3626	3060	5798	10066	3169	6708	14727	4327	14986	11306	14463	9087	18475	13206	4667	6842	17866	11665	1612	7465	6211
11041	1207	13379	8891	18639	10665	8432	294	2780	6420	9197	15754	442	11139	7573	5786	17073	7794	13625	17466	5927	17139	11467	12822	5569	12441	12629	9520	10240	28	3808	10859	18433	19317	4655	4055	14316	14427	4633	14266	7346	17919	2465	19609	14900	9147	16623	8922	2899	11222	14763	7954	20038	16666	18127	7270	17474	17868	16702	10431	5969	1194	19220	17148	17567	1160	7037	12052	18691	15980	9604	1877	16972	5385	8527	13851	15039	17947	12746	1276	7536	2362	5960	3549	6621	9499	12410	14119	12369	3809	16631	17679	883	14938	608	5327	7700	8419	17618	7748
1709	14515	2279	13485	6224	5603	11725	7422	7162	895	15457	15153	18113	12122	10338	527	11997	15239	2750	9184	12697	9054	13687	17014	321	19399	13852	16159	9474	9435	8519	14417	8798	8683	15760	20098	14848	5219	3633	11546	10968	17204	6842	10606	6202	355	16219	15767	4202	10635	5818	9510	10165	18916	15554	9467	20104	13367	11967	8071	14250	52	9911	5224	1677	12055	7094	9514	17877	1907	19814	20089	6787	428	557	6545	18374	4778	4686	354	14162	17918	15277	11058	2528	7182	2994	14529	2490	13279	18098	18439	2729	3819	17801	16007	777	14792	11823	1041
7989	17393	12076	16045	2580	16602	12661	4470	19004	1093	3421	4599	10127	1950	5163	12275	2868	12158	631	15099	15187	12847	17052	16982	4418	11377	3798	5305	7674	18556	18090	9125	14878	7251	13424	15193	5170	10084	17729	4495	4396	3901	15129	15765	18618	7876	8643	13894	11945	19804	6363	10460	17964	17097	5688	6107	12632	1778	14977	11884	19306	4603	4957	18572	443	11351	16502	13265	17250	14524	14083	17912	15719	7832	7420	10628	14744	18620	9934	15389	12483	8351	10870	5339	12424	8256	2209	3908	18537	2730	19900	13538	3001	4050	8796	18620	18840	7318	11548	14668
12410	12990	1422	10193	2232	15101	2768	3827	7710	4707	1042	19381	19476	994	212	912	5125	1337	10603	7978	5982	14792	4300	15199	7275	5067	19122	5069	10035	9508	15034	4424	14068	13567	16327	15087	13215	15000	12491	19137	17407	14082	1516	5813	13227	12499	919	7003	16716	521	4193	14417	9279	17420	1918	10254	16476	16796	170	15797	8912	8185	10968	18513	5616	1896	15840	18889	130	16311	18286	2390	13288	6323	690	9484	5613	3668	13361	99	7473	8588	7586	12529	170	3763	15038	16827	17864	17053	4448	14256	11694	18237	19531	16675	9900	4593	11986	4737
10544	3878	14280	3168	19823	14287	2990	3122	2382	20029	63	11435	15656	3352	18979	8341	908	8222	18070	17260	19770	10403	19740	9233	6773	18708	17975	18537	8312	7379	4939	15960	2957	13731	3094	19614	14555	12550	14319	11885	5038	17319	18434	9652	7437	6723	19634	10852	2799	1541	15460	17079	15373	8329	14213	4326	11999	2782	14461	17166	17878	19911	2164	10013	555	17201	210	8760	1644	9767	2527	410	12514	11957	9985	6426	12036	8017	18748	15705	15060	7038	10503	13812	10673	871	15543	14751	12283	19935	11463	19652	1994	2247	12637	6639	9857	8394	13027	1789
4862	2207	10344	14364	9737	19577	4935	6101	10603	10338	7403	13316	7311	12967	1241	11279	18768	2439	1363	4948	19664	9156	3955	8051	7082	9731	8951	14841	8958	16699	2920	11247	3242	13027	13225	4915	6652	2588	15958	14013	19882	11615	18653	5960	18848	10839	6596	9671	14770	11127	13923	4253	1806	11417	3616	5078	12537	2892	6033	7544	1317	13226	3132	16366	12694	8315	19325	9409	5984	17237	18171	3947	1000	14434	9065	18748	19777	2946	5420	5877	8373	9908	18875	5959	3531	1886	3722	17182	577	18896	13553	6561	2332	14108	9594	17943	13138	16342	9247	19885
1129	19517	6057	15773	17244	17951	5477	2210	2842	11521	3687	19842	1168	9255	12168	10389	12565	7250	18460	14226	11521	10616	16986	10672	5785	1168	13818	2819	18625	17280	5785	13818	5847	13563	12698	15491	10442	12078	2842	4134	2996	10462	15773	19378	18107	13818	3720	2842	6537	6057	12840	17142	15491	4096	15491	1926	7728	17951	12521	18544	5486	14226	15795	12840	6537	18544	18799	13892	19195	13092	3687	18625	9377	17280	10856	17293	3720	11521	12648	13177	17951	1129	5205	15108	19517	1168	9756	5785	15246	15491	7728	10856	10856	14226	942	18625	12921	12168	17557	19842
975	975	15108	15731	19195	18799	4700	8583	8706	17557	6616	10898	13892	15701	16964	12648	4700	16624	942	18544	8583	9378	18799	2210	6701	12821	15246	15784	10080	11901	16986	12648	4134	13818	18343	19780	19517	17244	1926	7728	4617	16624	9159	13177	7245	975	7250	13563	2996	15491	2555	12565	18343	6537	13862	16130	6710	19780	10616	16986	15784	19517	942	13092	12698	10080	13092	5486	19842	6057	11726	18981	18092	12821	2555	16130	5847	17557	4134	4096	3202	15795	11726	12840	2819	17888	12521	11521	6057	12565	17888	5785	7870	10298	7870	18455	9378	9756	15108	7250
4096	19991	12565	18981	2842	15784	11137	12840	1320	14226	13563	18107	15018	10462	11901	4741	13573	11521	4700	15491	13573	7072	10462	15701	7870	16964	15491	5785	4617	18460	12078	4096	7407	18997	3871	9756	18544	13092	3202	3720	17244	8583	16130	16986	18544	18092	4700	18544	6057	18997	18981	1336	17293	5784	8706	18544	19842	3871	16130	19780	6537	4134	6616	9255	6701	5784	18343	5204	18290	12168	19991	19378	18455	3871	10389	18107	6057	19195	13563	10389	10898	13092	9378	1320	7728	10672	11137	3720	14360	6701	5477	19842	18308	7340	19780	16964	10389	19143	13892	19435
19435	19195	5486	19780	18290	18308	942	17557	9756	13563	3720	15108	17888	15731	11137	7870	9377	18938	3871	1168	7529	10298	12521	19780	3720	7072	6710	2210	2842	7870	13892	1320	6710	8583	10442	19517	6537	5847	3687	19780	12921	2842	10389	2842	18308	18625	1168	975	18625	1336	18092	18799	6057	11587	17280	14360	7250	19435	19143	18997	8129	8706	17142	17293	11521	7072	17120	5785	975	12565	18981	5477	17951	10616	9756	12168	4700	19378	17244	975	16130	4617	4617	10298	12168	18308	19378	975	17280	19195	12078	5847	18625	15246	2210	12921	2819	16624	9378	15108
18088	18092	19991	15701	18308	9255	1320	7407	1744	5477	16986	4617	18308	4096	17280	15701	18544	12840	18799	10856	12521	18981	12921	19517	1336	16624	17280	16964	15784	2210	5847	2555	8252	1320	15491	5204	8129	18455	17293	1168	10856	13892	7245	7250	15246	15795	2210	6710	7529	17120	6710	18343	6701	17557	18799	1336	18107	18625	13177	15784	2842	14360	13177	3720	942	4048	13862	16624	17007	15018	17007	10898	12078	9377	15795	14226	13177	1168	15108	12565	9756	18088	19378	14226	19991	16964	6057	2210	18455	18343	15731	13092	5477	15491	3202	4741	19780	5477	10672	2210
8583	18107	6537	3871	12698	13563	12521	18088	19195	10898	13092	10389	12078	12698	13092	18544	11728	18343	10462	1129	2996	18460	10672	7529	4617	6616	11726	19378	10442	17293	13818	13563	5785	2842	17280	15773	19842	16964	9255	12648	15731	942	5205	18981	12565	5785	6710	18290	19378	8706	19143	13092	15731	17293	8583	11726	11521	12648	7407	3202	7072	17142	17951	13862	7407	17244	19991	2842	1336	17557	9756	18455	1168	8100	1129	18625	6616	3687	7340	7529	8252	13818	12565	7250	12521	8252	19842	16130	10898	12921	7245	8129	15018	2842	18092	19780	10616	16986	13563	12648
7870	18308	18460	3202	7250	7529	7250	1320	15731	13862	19991	14226	15108	8100	11521	7340	4741	12698	10080	10672	14226	19435	18343	12648	17293	3202	1744	9255	19195	942	4741	18625	5486	1336	3202	10856	13818	1744	2555	12565	9378	14226	13092	17007	10389	9159	3871	4700	15795	15795	12648	6057	15773	12698	9159	18997	10080	13177	15795	5477	18092	17951	2819	8129	9756	6537	10462	3871	4048	18997	18997	9756	4700	18088	12840	19517	17244	12921	18308	2819	14226	19780	4134	5784	1926	10856	18544	8129	4096	14226	2210	18088	12648	9756	5204	17142	17557	13573	18799	5205
19378	14226	16964	4617	13818	12840	6701	10898	11587	6616	11726	16986	9255	2819	18290	8706	13818	13818	18625	10898	9159	10389	5784	8252	15246	10298	10616	13892	18107	5477	7072	10856	17557	18938	18290	18799	19435	6057	3720	10898	5477	12840	17557	17293	10462	19991	9159	18343	1744	12521	18107	1320	8583	17142	7407	13092	11901	13892	18544	10389	1320	10442	12821	13818	5205	11901	7072	11587	18544	12821	3202	8706	5784	16624	8100	6537	4048	2819	10616	3687	13573	17007	5847	18308	17888	18981	10442	13092	12648	5486	18981	18625	15731	9377	6537	1336	2210	17293	19991	7072
18938	18343	9377	13573	942	6616	1129	3687	18997	18308	15108	6616	13862	10856	12821	10442	9756	19517	10616	9377	14360	9377	18290	10298	13862	18981	18544	13573	7407	8100	2210	17888	15018	4096	18107	13818	1168	18799	1168	4096	3202	13573	13818	5784	15491	13092	10898	17244	10462	5204	942	15491	16986	9255	10442	16986	8583	17120	15701	7340	4048	10080	7245	19780	6057	15018	14226	10298	12821	975	18343	11587	7245	10462	6537	5785	11521	10389	12521	5204	19378	7072	18290	8129	17951	18997	9378	18625	18981	12648	18308	1336	9255	16130	10898	9255	19517	4048	4096	5486
15108	9255	8583	9756	4096	6537	19780	14226	10672	19378	17007	7728	12168	7728	8129	1129	1926	10080	5784	8583	1320	12840	942	2996	1926	5785	9377	5205	2210	10856	19143	12521	4700	2996	4048	18088	15731	7340	1129	6710	10389	16986	18088	4741	10080	7072	14360	5486	5785	6616	6057	7072	11521	11728	19143	17244	1320	17244	8706	15246	17951	12840	13092	10856	17557	13092	5486	2618	7072	11901	12648	9378	18544	6616	1320	15246	12648	10080	18455	18799	6616	1744	17120	12648	18460	17007	8583	11726	5784	13177	18625	15773	3720	11521	7529	17951	12521	17280	8100	9159
17951	7340	1336	16130	7728	16986	19517	13092	10080	3720	13573	2555	10298	10298	15246	8583	17951	6710	15795	16130	18092	19517	2555	15491	10298	17293	7250	13177	6701	8252	8100	17244	17120	18799	13862	1320	18938	14226	942	15491	10298	1926	6616	18544	7250	8583	5486	18997	17293	10462	19517	8706	1320	5205	19991	7870	942	4617	4096	17120	5477	6710	7072	17557	7870	5847	4741	18107	9255	13892	7728	9159	18088	5486	12168	7072	12168	2618	1168	3202	19842	15108	6701	16964	15773	2842	10616	14226	19517	1336	15795	17142	1336	7870	10462	11137	18107	9377	5784	15246
12648	5784	13862	975	17007	1744	5784	15784	13862	11587	10080	6701	5785	4741	18799	4617	1336	16964	14226	17951	7245	14360	18455	10389	12078	2819	5785	4048	5784	18544	13563	7250	15731	3871	8129	15784	10898	6537	18799	9255	1168	6710	11728	15491	1744	12840	17007	8100	19991	13092	10856	10462	12648	6701	9378	18460	3871	7250	19378	3720	7529	7870	14226	16964	14226	19842	12521	18997	15491	4617	6616	15491	15108	12698	7072	8706	8129	5477	9159	19195	17557	18938	4096	4096	7250	8100	16130	7407	19991	11726	18088	12821	18092	18455	15701	1168	18981	14226	18625	5784
1926	8583	7250	5847	8583	7072	7340	3720	4096	17888	11728	3720	13573	18981	6616	4134	5486	1744	11587	5785	7870	2618	2996	18308	8706	12921	15773	12521	9159	12698	18938	5784	8583	3202	15018	17120	19780	4700	12821	11901	8129	7529	8583	10672	7407	13862	15701	17888	7870	17244	14226	15246	17888	17120	17244	17120	6057	17557	17293	10616	15018	19195	12840	10616	6710	9756	18997	18092	7529	5785	7340	6710	13573	18107	7340	10856	8252	4134	5785	10672	5205	14226	19435	10442	7245	12521	19780	19378	15491	7728	19195	13892	11726	15795	10856	15018	7529	10616	18938	10389
7250	16624	10462	5205	2210	18107	13563	17007	8100	15784	7250	2819	5204	13862	18092	2210	11521	10616	18088	17888	19378	3202	10898	975	18092	3720	4048	4134	12840	18107	18544	18107	15701	4134	17293	2618	16130	10080	8706	4048	18981	18092	18455	9377	3687	17007	11728	18799	5847	14360	19842	13892	19435	3871	18997	15784	9159	17142	15784	18455	14226	6057	9378	10898	9159	13573	4700	5477	5847	8583	4700	7870	10389	11137	2842	18308	18997	7407	12168	10080	15784	12698	2996	3687	13892	4741	19435	1336	12821	10389	7340	17293	12921	12078	6057	19378	15795	8129	3871	19143
7728	18460	11728	13892	5486	12521	12648	19780	16986	10616	12921	15773	6537	4617	15701	9159	18455	13177	5847	942	9377	6537	19143	4134	14360	15701	12840	18088	5205	11728	10080	12565	15246	10442	3720	12521	16964	6701	18092	10616	16964	12648	4617	5785	10672	13563	16130	19991	14226	19780	13818	19143	18799	15795	7072	15018	9377	10442	10389	18938	5784	6537	1744	5785	13563	18625	18308	15731	11728	3871	19517	5486	1320	19780	9377	9159	18799	17142	18460	7245	15731	5486	1744	7072	2842	16130	11901	17888	10462	18088	8129	4048	2842	17142	14360	10672	15246	12648	9159	9377
9255	6710	15731	12648	13892	6701	10389	13563	18107	11728	5847	16130	7245	7245	19991	19517	12921	1926	15108	13092	17557	2819	2210	8129	2210	6057	14226	10442	4096	12821	17293	5205	16964	7340	17244	3687	16624	2618	9378	19991	14226	19991	12840	15795	11901	6701	18544	8129	2555	2819	6701	17244	4048	2555	11137	9377	6616	16130	16964	6701	11726	10672	15701	1926	18938	11726	19780	17142	1129	18343	10442	17244	12698	7870	18107	10080	18343	18343	12821	9159	5477	9377	15491	10462	12648	19378	975	7340	4741	6616	1129	2842	13177	4700	10389	18544	10462	3720	4700	5477
7529	8706	8706	4700	4617	8129	9377	19195	19842	6057	10442	6537	12521	17280	10616	942	17293	13892	18290	12921	18625	12565	975	11521	14226	18088	13862	17293	16986	2996	17557	19517	19143	7407	6616	5784	18290	12168	8252	5205	15773	4617	5486	8100	17244	17142	18460	5205	18455	10389	9378	5205	4741	15731	10389	6616	2996	5784	18981	8583	19517	19378	18799	13177	18799	18460	2618	16986	12078	13818	15108	18460	11901	12565	18981	19195	14226	18544	1336	12648	9159	18460	10616	11137	16130	18092	13177	4700	6616	15108	10389	8100	8129	8252	17244	17120	8129	4134	3202	13177
6701	13862	4741	11901	12168	19780	18460	2819	18981	5784	5486	10462	10389	10616	9255	13892	18799	11728	17951	18460	19195	15795	14226	11137	8100	10462	4096	12078	2618	15246	1926	3687	1129	975	11137	7529	9378	15784	10080	18460	5204	5486	16624	4048	1320	11521	18455	2819	16986	17007	12168	15795	18997	18799	1744	10080	19435	13092	11137	7870	19378	4617	9159	18290	2819	17142	6701	5784	2618	15108	19378	15246	4096	19435	13862	17280	17951	16624	1744	10442	3871	18308	5785	12921	18997	7340	17007	4617	17888	17557	14226	18981	18107	19780	15108	18343	7072	15773	7728	9756
10080	1926	18290	6710	2996	6710	18981	17888	19780	19195	4617	18455	2210	3687	12921	9756	6057	6057	1320	19842	4700	13177	3202	12521	2996	1129	10856	8129	19435	9159	8583	19195	19517	6701	10672	7870	9377	18981	4048	1129	19780	15491	4700	7072	6701	8129	18107	11726	13892	13177	17007	19991	9756	4048	12921	15246	5785	8583	12648	5785	13177	11901	4741	942	12821	18343	4048	19378	12168	9756	10616	10080	19435	5785	2996	13092	17120	5847	17120	18938	19143	12168	10898	18544	19780	18938	16964	9377	4048	19435	5205	4617	17142	11587	18460	5785	3687	975	19195	6616
17007	8129	12078	5785	13862	15731	10898	5785	10389	17280	5785	15784	11137	5847	9377	14360	19517	9756	10298	4741	17280	18625	17007	942	11726	12698	5784	4096	18455	17244	7340	6701	11726	12840	10898	4048	11521	1168	12921	14360	19435	18088	2996	10898	17280	15773	1129	19780	11728	15701	12078	12521	16624	13177	16130	7245	10616	14360	5785	1926	19780	6616	19435	16130	13862	17120	8100	16964	16130	5205	1744	3687	8706	2555	18455	15731	8583	17951	6701	1744	19195	7250	13892	4134	9159	15018	3720	13177	18290	8583	10298	14360	16130	7728	7245	2618	18343	18799	8252	7245
17280	18544	4096	18455	18544	11587	10298	10616	12078	7245	15784	15701	18107	9378	3687	8252	10616	15784	10898	4096	942	5205	11587	18938	7728	17557	7728	5477	10856	13092	11726	3871	13563	13092	12840	4096	18308	13892	13892	942	9756	8129	2555	1336	1129	18460	3202	11901	4048	942	16986	19435	1129	10616	12840	18455	19991	13563	9159	14226	15795	13177	1336	18107	10616	17293	13177	19517	19378	17142	1168	19991	13563	4700	11728	10298	4134	15701	16986	9377	8706	7340	10442	14360	6537	17244	7870	5784	10856	12821	5785	10080	10462	17557	3687	17280	4617	19517	18455	8100
