11305	16520	14361	12820	6797	9146	19966	12228	701	15130	18551	17337	16876	4310	5522	2412	11420	3666	17965	7940	6218	13091	9104	1473	9794	11380	7224	9876	5377	825	15190	13992	5801	9750	1233	3282	19672	7818	13965	19947	2188	14431	5747	16438	2184	3514	13223	1473	3810	15627	2557	11437	18296	5890	6068	11021	14222	7131	5435	18543	11793	13034	9778	6898	13054	17837	19315	3654	19831	13263	14931	16935	14760	2926	5578	14657	8811	11864	12335	4874	9898	5449	1693	18797	11470	18847	12714	9970	12649	287	15170	8155	6259	5360	13257	11307	16543	10660	402	7699
16654	9750	13223	3457	231	2218	8525	17984	4846	213	627	12714	15742	15342	824	292	7780	18349	6922	6866	13607	13414	16559	9167	4666	13414	17013	9977	2756	19831	844	17691	13240	2510	9490	4232	10965	17815	18602	15877	4930	12096	3302	2690	5703	19983	4995	14683	13493	17835	3376	3823	10346	18142	10571	16875	8966	3282	5794	18137	19096	10658	11437	4467	9187	12669	5146	16430	20163	7324	10973	12335	220	4372	12554	2258	1222	19587	11612	4760	1181	2971	1551	14769	7829	8601	1604	16846	12911	18137	4691	14595	4062	10644	10336	1494	15747	14765	1998	13954
2169	5226	8634	6670	18873	8718	3592	14275	15091	12361	19857	9945	18762	9787	9614	3923	18463	8626	20160	11793	14446	5466	12505	15998	516	10399	10795	5980	2784	4905	11947	12284	6051	5156	11103	4543	11651	7562	13246	10812	985	16328	6079	2510	12553	1884	1174	13637	4807	14472	5377	2668	119	1539	16743	10262	133	18380	14915	18471	2930	15827	46	7829	2074	6434	1117	16988	1602	8972	5332	6151	1855	4846	5321	14436	17062	9332	11056	19584	10262	12701	11756	7684	8361	19831	15888	13801	8487	15970	5558	18905	10620	4985	19587	4740	3491	13180	9132	3284
8294	10966	46	2018	13643	9982	4930	3236	3321	3302	17331	13859	11367	3102	2019	12073	3958	6634	4577	15382	12279	4560	18257	3840	10966	3266	5691	15888	5504	3233	18207	15865	13878	12966	5504	15533	19633	6069	15888	5576	999	16370	4553	4929	672	3383	4346	6001	11752	13878	2076	1148	12011	1373	18543	9622	19654	6198	955	2290	9132	7579	5218	16743	18471	1451	5001	2010	16831	615	4215	672	14765	3364	6198	20083	18203	18342	3491	2933	4318	18873	14296	6779	9165	18137	3037	13577	1174	11059	16372	16222	16969	18873	13872	9614	10186	14984	13686	18252
4666	4995	2933	18769	13591	7229	3292	3446	3780	16180	9008	12675	4788	8608	19406	3009	8334	1351	14147	4724	15869	9599	8568	18626	20012	4317	6032	1943	5918	14446	8083	310	4978	16931	19654	4366	16227	1489	8235	7706	5965	6173	1140	15042	11099	6626	1369	5106	15867	7657	5778	9220	18169	16179	19464	9104	15723	14769	5455	1494	9741	14200	17574	7699	231	12756	1519	15538	8996	4820	9146	681	17013	11869	17647	13196	17849	18207	5807	16272	5294	6032	8743	6754	6462	20085	13257	105	16161	9770	19226	2377	8811	12972	14860	13240	11667	6813	19450	10375
278	782	9898	5778	3166	5007	1604	287	4940	7171	13381	12506	5578	18296	4286	18436	15080	12675	12700	14473	15486	6901	19584	8139	9165	2968	1373	2084	5631	6396	2074	853	7008	10492	9323	16793	8664	18279	19831	6726	3457	3476	435	13954	6177	10894	14894	5092	2135	18602	885	18873	1373	1569	1513	13233	3858	16658	16334	5780	15464	17023	10220	5179	4666	10083	9650	10383	6926	3270	1047	4874	839	10951	7252	3772	8294	13158	6066	18020	7306	8867	17826	12917	16155	1899	19056	5841	19464	2622	16222	10624	9293	5377	7688	12406	10489	14222	2010	6779
4672	704	5969	13689	9183	1184	2925	11799	8325	7977	4816	13744	1328	4706	8010	8222	47	222	15148	6990	854	15507	7675	19973	10820	20208	7199	4885	14495	3201	17502	18040	12804	9429	15413	5016	8123	4195	2873	4495	8055	18223	285	17104	15754	7380	4655	2128	18035	6559	460	372	5845	18492	6262	15581	8059	18093	6522	11127	2379	1090	8894	9209	2768	4257	10859	13639	887	19444	2436	18396	13945	17245	15996	13026	17400	11445	1672	7295	3145	2571	10020	18998	2001	8158	8514	9123	18444	11522	14549	16944	12255	6448	10282	10525	9291	15311	18971	8092
7366	17419	17905	61	11974	11642	9389	10610	19498	7957	5889	9334	5133	15905	148	19223	18098	12729	19125	16643	16983	15959	13596	18402	15771	8770	16122	387	17068	1533	18051	9067	8400	12273	2042	4122	17360	16790	17342	11696	14866	4321	14531	2768	3258	6495	18748	7309	20101	2586	9808	10796	11532	14623	8447	18144	1496	17063	16827	12790	12758	15073	19748	18552	11735	4501	14749	1598	8851	14120	12562	7255	18154	3754	10943	15945	560	16006	18013	4265	4343	11401	15163	7393	6570	1703	1793	14107	6819	13561	2931	12846	2152	10278	11542	16143	3294	791	4147	17453
18282	7166	17379	17167	13511	14049	11834	17646	7195	12947	9594	348	13829	2964	17455	19748	2457	5151	11603	8562	14857	6733	2342	6519	3636	16976	6188	5516	14656	3377	10905	692	8859	8485	10049	2858	17746	6580	10460	17260	19521	14307	8596	6244	11310	18231	10361	8497	9099	15438	16238	16364	2526	1785	4694	6052	6142	19775	14110	16121	7290	6793	10637	9296	17662	6561	19624	16083	460	18698	7992	3194	127	2906	19904	395	9911	4817	9905	16195	2034	20096	7962	2445	7849	6037	18936	7122	3223	11842	1861	10254	7976	16052	11980	17489	7267	13482	9030	4162
5617	6117	2314	6682	1887	6544	9853	14057	18520	16052	19772	7187	13558	11303	14123	3809	7979	19544	11637	4709	17528	19307	6256	17966	6036	5737	1902	15008	11640	16143	5682	7475	17489	19696	547	8198	5074	14711	15239	12552	11465	13948	3689	8503	12130	19256	15184	19016	18835	14075	552	6031	15285	15916	18904	17947	13897	14822	17485	200	2529	10303	19069	16983	908	6686	12830	10543	9345	10783	1708	5079	10878	18325	12951	19545	5902	9999	15305	14264	14885	7936	11160	1981	2693	14560	309	17156	5792	360	18960	12543	14108	1414	16317	11989	6849	17183	6531	12961
5898	6080	15054	11645	7597	8983	1301	14173	15836	4130	1405	19172	17326	19713	2667	13745	13215	6307	3708	1557	10274	11849	17323	2680	13900	17862	12486	18542	5100	13471	20092	7298	4468	324	17769	16630	7041	13978	1229	18360	11355	7622	15534	6869	14384	19142	8778	9894	17588	16219	6135	2651	4786	8408	13928	18816	1865	1891	17737	6113	1093	16073	14109	2861	2250	631	19216	1658	2206	16086	4044	6500	13578	5151	18871	8317	12019	20029	17141	18778	5830	10120	18304	1356	7930	2850	1704	3879	15851	6878	15284	367	12192	11979	18751	8809	16570	3769	4633	7133
14630	20167	4314	17793	64	17989	2929	13889	11005	15689	16746	1677	6165	19483	89	13207	7133	14648	14213	776	6446	10582	6212	13399	1105	9881	19898	9857	7349	10144	16088	16148	13679	4020	5056	13510	2278	10595	54	3378	1238	11047	8205	18528	6597	3250	17370	11705	1242	7999	6936	6289	12819	12479	5359	4149	15485	6358	16914	1954	15261	2422	19875	10747	3880	9659	1276	15052	17168	13131	9041	13050	8818	12694	4772	13917	449	8272	17374	13333	14601	4951	8856	19939	8587	3661	19576	19820	16856	14032	14460	3222	1857	8661	10691	17494	75	3904	8662	6137
3428	19017	13597	10007	12487	5394	19453	11551	10715	8519	2392	15480	18037	17641	15198	12469	15484	13485	15477	15094	16862	10946	16306	13235	11635	3025	216	17480	1918	17636	15851	14871	1054	17992	18030	13282	11907	18604	2672	1852	13593	7790	7964	15099	15514	7369	16484	18854	19322	10694	14563	2570	4182	10269	19514	10501	710	10282	8527	13831	4655	11256	1236	1685	13689	1589	10425	4166	19070	6539	7753	17453	15141	8389	15085	16359	18439	2737	12048	12736	6875	4918	19756	12686	1903	7241	10411	10016	3180	14110	7992	20143	19016	3334	6425	8332	10103	16125	12149	15891
6736	9838	2229	2774	18458	10782	10357	17191	19074	10785	10099	19551	7603	5641	14723	5941	16775	8566	6406	8456	788	12988	14210	1826	16030	11182	4445	11024	7446	8480	4426	11452	6356	15677	14102	1212	17653	8108	4923	18738	7391	13777	13638	19624	2662	11508	6595	400	1436	16325	19539	4960	13441	3603	13125	14875	17783	13548	8476	18930	8733	2820	9906	19577	12932	9280	15786	2023	4585	8565	13626	4122	15981	15961	14518	5145	8440	2453	19872	11105	7967	1994	10942	17479	2580	4300	17051	16307	4633	6884	11010	8578	4520	5524	12325	5805	5772	19104	925	12741
8362	6115	13060	1672	14804	147	7082	10585	14778	1182	3824	12811	3575	15791	1942	7844	5145	20070	7929	3174	11226	10901	913	447	13024	1894	16830	19835	82	3714	11119	4188	11633	11254	14980	5095	7180	3314	9534	7358	18154	8997	17423	716	1453	10799	16529	15502	19076	8989	12586	6980	2392	727	3722	14354	18687	16640	11371	17245	12890	3993	7924	8819	11288	13287	19225	16568	8043	11799	6498	17189	11045	13324	314	7608	10555	4200	5916	9793	12019	5374	553	1588	6511	15597	6258	17164	18147	12247	17950	3409	3564	10480	13339	8737	1993	2342	9026	14426
13319	10830	4534	2972	5398	8289	3160	14614	15749	19128	12341	17770	18823	3769	15348	7546	11511	17652	9279	19333	887	14504	9539	3964	11010	7322	5326	6303	17548	3460	12155	5699	14810	10569	11112	5511	5900	1227	3669	18225	18750	6821	13241	12287	18777	9354	13466	9310	20066	10347	3312	15769	5326	10018	5546	17342	3424	12311	19369	16028	10003	7668	19864	18319	13260	7178	17856	4707	1972	18366	10700	1391	9247	8320	14716	3911	2325	11812	34	13125	17731	18612	3605	3187	13003	10911	13840	9299	13102	9254	18608	15389	4158	10533	8733	9931	8774	9376	3660	17041
12212	3287	1988	11598	5429	123	7470	11956	13519	18226	16755	9449	16877	2965	7676	16150	9736	11456	3580	4855	3377	13596	6153	16896	18354	8935	4812	527	7059	6421	4186	19088	905	14540	7098	871	1010	19084	17160	18919	15099	18875	5250	16429	15070	15699	771	6153	13562	4103	10596	12876	1748	13354	4144	9556	12530	13125	5231	11957	11618	6331	14834	19912	7322	15247	9857	16886	10755	8765	11779	17146	3820	70	3906	11781	7228	15602	1487	16653	17255	11581	4359	16326	7175	1502	2651	7918	8857	19405	8725	7929	4069	13479	19281	16108	14356	19747	8277	12138
12121	15609	12499	9838	14173	11474	7869	6877	9041	11902	11973	746	6622	4073	18928	1319	10673	3841	14903	9112	17082	7573	13260	16562	19307	1650	17184	15498	2957	11260	16049	2892	7484	2093	19324	16186	1204	982	3288	14079	2839	13642	11008	4160	8444	2662	4751	3652	14522	13015	14875	9624	12180	18372	18773	9473	14118	11969	10995	306	7727	12802	163	4084	1058	20120	16933	5733	18453	12655	8394	18408	12768	6164	3205	9593	7509	11233	11986	13866	12742	5692	19941	221	13089	14613	2708	19609	18933	15158	17607	13051	9495	8281	12537	6145	1865	3716	1737	3737
8179	1994	1862	16108	12030	12739	3933	4742	13039	18402	322	4067	16584	3536	1450	463	5290	15041	18703	3076	5642	8371	17966	6005	1793	11566	18019	2932	3363	14118	1708	12637	10610	16221	13323	18416	13148	9040	3149	11279	7742	836	6181	13227	7145	3543	9568	8517	2176	18499	3793	2642	19472	8761	1459	13802	17030	20158	18202	11203	13127	5757	9033	5114	11153	5468	3703	12864	7568	3052	2692	9234	11414	15554	8598	13005	20114	2383	10193	13601	13357	2699	9310	17016	10089	3153	4073	6155	6458	15426	10803	6910	18503	19083	1547	14460	18407	3399	18344	8068
433	4883	5063	18323	14264	12866	4867	3366	16107	11644	13615	19335	11677	13907	1276	3781	2216	6942	19065	3575	5838	5783	655	8268	19997	10300	8320	2020	922	8531	6229	11805	16171	12743	412	19671	14531	9291	3891	16342	1023	4855	1581	14668	9382	19321	11337	14394	13046	5719	12	2502	5431	16531	3450	6508	11128	7098	17543	17162	17789	11220	4158	15607	9021	13706	16314	18549	15805	7316	12077	19256	2035	12420	3948	9405	5776	8912	3248	18161	1612	19017	18683	11677	1358	19610	11389	6943	10822	8612	12138	9069	631	3018	2431	10853	10784	6653	7594	3855
17407	16172	2617	17883	7118	9081	14211	3882	3652	13948	13849	1482	18409	1543	9222	15216	7474	7722	16417	9240	3089	5774	190	16078	7207	11094	5673	17425	10545	11387	17440	8043	12522	16796	19083	117	16472	16084	5152	6919	13170	6251	16770	16659	986	4306	2501	4966	4949	2504	5839	15512	8788	19073	781	17115	13417	11637	17263	11636	372	12254	16098	9252	16607	13413	18642	4867	11472	6946	13450	3057	2612	19563	16153	16747	5520	149	2874	7832	15754	19576	14675	12119	20193	5074	20102	19611	9465	19955	2956	14056	8968	163	9612	2695	6544	13722	3670	18372
8018	7826	122	19490	19627	2077	600	1406	7934	18344	4915	15995	13913	5341	12545	16341	5481	6360	12353	2174	16871	17489	6301	14045	16350	9330	5943	6087	5420	13775	11394	17160	3891	11815	5217	15409	15354	7223	6022	10829	15688	8350	2909	11984	2923	8679	2759	16374	13226	13	11051	974	18633	2259	6536	16944	12015	17858	16758	18333	1557	18182	826	5169	14959	16185	16239	2776	9077	16894	14186	11968	6833	10004	14971	19632	15768	15096	9906	13540	15654	5681	5898	12944	2459	10430	9135	10	77	6244	10915	11837	15054	20015	1718	6682	18589	12283	4142	4107
7134	19551	4446	2516	14718	7632	18447	17775	19253	282	19534	11834	8349	14846	9327	10503	3572	17623	16565	11856	117	18115	4150	5849	16071	8914	10512	13714	9919	20011	1765	15588	1041	5003	14974	12660	12176	968	945	11576	17728	5595	6256	16721	841	12755	11678	14755	12316	252	6468	7583	7767	14870	15102	16358	15131	7807	19823	5792	6752	6744	1742	14372	5951	9209	11452	8021	7803	7474	5953	11300	13463	18201	3222	18458	493	5363	12527	7951	5388	5940	1690	19693	8514	14515	16366	17472	8316	7496	14363	6201	10148	16615	1830	8557	5811	13999	13915	13913
15072	8130	1307	18511	20208	14364	12054	5459	8671	8189	4979	6414	16177	9015	18541	905	6738	17265	14682	17110	18831	7406	518	11302	688	10588	7349	7180	18097	10699	12085	15139	19977	11047	4223	17591	10610	7526	7373	3172	13393	1947	11986	15475	11586	931	1419	16968	17022	13505	5497	12366	2548	16699	8798	5554	11336	12305	9018	19667	3904	5061	7561	6382	12944	16078	17675	7787	1947	19838	6948	18315	12688	19926	14699	877	11075	12316	13432	208	7269	16311	4129	13868	9394	8846	18433	8968	19967	5030	211	11902	5323	6310	13635	19733	6836	10086	10212	476
5380	5234	4785	3441	13320	1830	13803	9069	1093	19905	28	17744	2498	1311	3626	8018	940	19529	18823	1971	10999	20133	14	8907	18438	13933	10643	12801	15301	2916	19755	10625	6244	15519	4422	4246	9448	9181	12403	7696	14949	6141	19123	3989	8560	8114	15798	5138	8180	13716	11040	20054	18408	8890	7065	17371	18483	15315	18914	19516	6551	17277	8721	19710	9606	592	6791	7575	16154	7309	18501	2591	18835	5756	17028	5511	13405	16077	16780	7032	16106	5933	5414	9509	13358	15432	3506	3801	17191	13961	10912	1892	7178	6847	5704	13235	3635	3766	12477	13987
1281	4219	9644	14938	19205	2881	9412	18511	8788	9583	16238	1975	3320	7184	15368	8012	16341	16493	14544	15758	6272	15976	8402	9276	12746	12814	8404	11393	13973	4847	17606	526	5976	12835	6459	14161	8900	16174	18705	13003	5692	9508	19806	1523	15508	9379	9351	3914	312	18159	7629	2011	9366	16898	17031	4130	4379	6288	13321	11000	13206	17972	9107	2882	6312	14429	4516	8255	2575	11994	6552	13027	4646	10432	13640	12845	17227	5845	11705	10511	18986	5533	2925	11094	8440	3694	3744	18750	5292	16105	3201	17435	15863	17748	724	11072	18171	5638	2150	14023
16429	10733	7656	4196	8146	19434	11850	14907	3132	18834	14883	6207	20192	15046	19115	8747	2803	13	2241	18604	10868	15140	9467	14546	16364	3473	16255	18917	311	2599	11753	14999	9821	18239	5365	986	1826	13123	8426	4868	10589	12520	689	14090	15450	17174	18817	7374	17590	8942	12999	3006	4521	9387	6035	13484	7719	19330	5802	6971	3533	15945	2957	8588	2846	12536	2701	9402	4731	4626	3442	12998	7622	12861	10228	1293	5774	5650	5962	9221	10181	10191	17028	17150	16462	4612	7067	1819	12101	20181	16881	13250	13015	7035	11552	19181	9572	11892	19716	3782
211	13933	14963	11704	11168	8599	15096	18115	18277	9570	9967	8719	12644	1610	8562	18019	2368	2682	13038	11324	11573	7778	8798	1901	19410	4629	5212	9984	4965	9721	15263	2656	10196	18372	17591	19367	3261	9834	11327	9912	11275	552	11618	11539	9934	9189	767	7846	13939	529	2250	12129	13073	5960	13037	18902	13800	5775	18361	20170	9880	13438	13118	2750	10653	3659	13750	11231	13236	1880	14398	8469	17414	7674	16597	5350	648	17637	5657	10932	3737	19977	9509	12544	2222	204	8292	13422	11971	19904	16826	19575	10221	6902	17742	12031	19628	2667	983	4196
6994	10498	16848	9708	5869	19309	5094	8280	8982	12375	2752	15737	5769	2647	10434	6548	17396	16555	438	1600	13803	18934	470	12746	8365	11230	7010	13928	5787	16835	16173	11557	9682	5771	13901	15648	8273	7582	15772	8719	15507	2739	5299	4838	3661	806	7572	485	17882	7304	10663	813	2195	4692	13324	8352	2670	3006	19223	17354	900	9899	10366	4059	17878	17966	2913	16308	5775	2313	10168	12936	15320	5551	15610	5702	1530	89	3355	350	13764	12729	16869	17610	17488	12807	15472	10864	9052	10416	4198	16107	17570	856	11349	12166	16841	6911	2998	9940
3940	18612	384	3286	10288	16565	3645	2092	421	7594	19710	8349	9908	10779	13701	6536	5496	3626	19091	7123	11361	8779	4056	15359	620	403	6004	18468	1950	19921	13824	4026	6135	14288	15477	5880	16415	14435	4838	6105	8218	12194	17475	15790	594	6716	18913	19010	1206	10599	15581	19589	17640	18850	636	10067	9604	16162	7833	4476	6205	9415	18106	2383	4738	10675	18587	7517	10732	8043	2876	4936	14120	13361	1720	6272	10878	17112	2674	13348	18638	18054	17417	4920	1870	5563	1703	16359	7777	3314	8365	12829	1865	16218	10257	17744	141	13342	11665	2571
9709	700	4493	18	16217	16277	8146	11754	12910	15162	15204	7348	3428	18519	13212	19443	11985	7931	3389	5787	3312	11794	6482	5159	2066	18443	4026	17319	19453	9459	12016	1778	17126	3880	8540	16362	9424	14861	661	4763	6201	14594	3399	16489	13495	12120	17530	15836	1866	3466	19634	18379	18685	15381	14227	816	11466	13912	16579	18836	1347	18675	16517	14738	35	17812	18940	9450	12390	17350	2694	19782	5546	14424	19188	8644	4836	9951	2867	11758	9554	15374	9253	1250	19057	16982	12751	10074	12632	13998	3493	2710	13399	2780	5074	15648	17093	17501	12090	5208
6328	9009	13453	12467	5696	12467	18783	18639	2915	15319	9360	18021	1187	639	5540	2659	13170	14781	8181	9721	9334	5078	4340	12545	13007	12389	8606	17663	11795	16368	20177	19264	4390	6522	1586	5043	1428	17808	11430	619	17683	15253	11003	5795	8372	8957	14295	20120	18848	7951	17650	14558	3465	12544	18321	13460	3737	20024	9510	19540	19859	17061	15635	4921	2520	3286	2610	3868	19374	9805	19286	12366	15238	3539	7195	10734	9262	940	1665	14559	258	2275	16066	5877	3334	10045	1433	18453	4158	17264	9562	9661	7119	9015	8485	15517	13460	3836	13698	1381
3726	20131	2072	15136	15689	3880	7038	5588	12015	2375	9912	12008	3781	7419	3405	5433	6750	10611	16231	10161	18708	2260	9078	10473	11324	12562	7764	4277	9734	3185	2335	8789	7055	15038	1567	19228	7452	17886	15203	6810	19729	13625	6698	4603	18405	14452	11659	14365	12304	17626	6722	15349	15721	14326	17310	17531	8371	6205	2060	15959	2514	4733	19570	17906	17064	5975	666	9707	1946	9894	4776	18453	9168	6784	14035	5669	8725	2253	10431	8833	9751	11444	14601	17330	5363	2776	7206	13357	6918	13773	1450	13933	1725	13155	15647	1474	2150	7586	10588	4530
19671	4873	661	11845	12570	2270	18361	18541	19592	14362	12860	4264	164	5982	18283	15459	1814	16607	15896	8215	4171	17246	235	14365	14555	15537	7049	14672	10582	15151	14413	17401	10994	1082	19770	19664	11961	4672	19511	13927	13294	12252	18539	6141	13304	6251	2684	8172	4936	4082	3041	9415	17467	18238	10772	4022	1267	13203	277	16086	16487	17162	17297	16038	18813	3391	13902	6000	19312	8834	18802	15959	12890	19979	17290	14357	18615	17525	13430	111	12786	8115	7000	2721	14608	11095	1997	5268	17239	16908	9664	5244	10122	19915	8094	19848	16411	4683	14674	13900
3249	10079	3163	16682	19889	10600	14327	16651	6034	4965	14123	7708	10345	15779	10556	16856	396	12602	7483	19487	4511	16762	4697	5389	13837	9413	11957	18911	8563	19068	13708	10219	4340	2349	17252	9899	15772	17441	13575	4924	19447	164	9560	17398	725	9160	577	12749	4527	12232	2190	11596	6861	7534	4224	1110	13765	10332	4138	17713	9709	19290	15902	10841	10127	939	12101	5738	6644	1013	14015	6949	3308	16410	2935	14429	5028	13575	13898	6557	1411	10448	6927	9603	1462	7539	19998	14381	2376	13365	5602	13244	2073	4419	8280	10194	7892	11292	16383	8677
19576	17941	5583	18084	17546	9308	483	14874	7754	16706	2023	4069	19237	3382	2364	6911	15065	10317	16415	10427	20116	5893	19205	1001	9276	8562	13917	17456	9101	15568	6461	11513	8964	872	4733	12871	1147	17425	9424	19823	285	17497	8717	4480	16515	15904	8312	18730	4894	17695	15600	1131	13333	1860	7478	11788	421	6457	17607	15118	18767	11463	18763	15633	1291	20062	10589	16043	18958	8132	13858	17108	20167	17204	563	17221	19695	16540	13027	15689	2594	13453	5543	16408	8186	8699	10791	15278	11689	9857	14761	7753	1978	3697	19357	17783	10434	19676	14757	19939
18628	11275	18859	18211	5488	10026	2362	2221	3125	14757	8110	2332	3188	15242	10963	19369	6104	18926	16694	13982	1660	13913	19041	19114	9026	1692	16425	5308	15142	14056	4065	18513	19873	390	15901	3365	19511	10085	2417	531	16852	4130	9254	11370	4220	13265	3576	11794	3113	16150	13393	3094	4365	3420	7420	16664	6772	13027	12945	5888	8617	17166	1751	16279	7854	11051	15421	6196	8089	20142	35	7376	13244	1949	3964	17660	10892	16631	17231	6411	1396	8911	12433	8944	18486	15765	13527	17824	15326	7655	6288	11310	3430	13169	12935	7863	5706	8281	7450	8713
6651	19600	1852	14794	466	17968	8578	17451	17791	10545	7561	11436	5405	13186	10105	4196	3140	10268	17473	18913	5437	17411	9470	3169	20067	4143	313	3071	14719	10373	10931	6030	7453	3363	15821	4150	17033	17904	11983	8604	17012	714	4020	1975	6944	17519	5112	7336	1716	8941	8497	3716	13	16175	18202	12686	5897	19203	16463	17828	13114	15285	1710	2138	13724	15265	9335	17021	10899	4379	135	11519	17561	16669	8879	17839	13371	13209	11594	4289	14822	3673	2247	13252	11061	7345	9918	14823	1169	1352	17380	14781	2289	2398	10582	19107	6982	10799	7046	898
14351	4362	6316	18090	16036	8059	16843	2417	15659	12123	18334	5949	19640	15796	2735	7239	8305	10800	2854	15745	16565	18817	12644	8846	3933	4643	4827	18400	18810	6672	322	17961	17041	11845	459	2927	10464	20011	12076	1487	7184	11874	18154	8940	14027	7779	8870	15055	8214	2473	9480	19770	12152	11906	13065	9559	11435	8816	14488	7164	9623	7141	13309	973	5560	19317	2374	3618	18100	1497	10228	5136	7388	13303	5270	19280	18006	6715	11213	10193	19861	7284	15914	8263	14211	6742	10108	1328	12486	15140	15792	10902	19162	4129	12189	17750	8519	7934	12602	8864
12057	5357	11805	5986	2012	10569	7223	13490	16805	8661	5834	1327	13217	20154	13354	16120	2164	14878	4434	8916	7908	9928	20041	13042	8565	908	2349	4257	14654	332	6221	13011	17798	9390	7849	15311	2374	6514	10670	1276	8644	124	20143	1113	12976	4649	4520	6278	3076	15779	2255	11604	591	19070	8761	7214	1793	18040	14297	2043	5436	9227	18212	6331	15873	2548	14288	2300	9242	2171	19989	8578	8030	5575	16568	19322	13766	13805	7431	19504	18840	1545	3756	16500	14643	294	9467	9073	17416	9480	4750	17180	17918	12102	2669	258	10878	1947	6991	16801
18805	8976	4552	12990	1085	16406	485	18723	19401	12556	15703	5991	14092	11431	12014	376	15864	6963	12823	3172	3962	17821	3906	19071	10628	11700	17644	16476	17102	3474	11539	4392	18669	19010	10166	6524	3183	9050	916	5494	13216	9397	20138	8870	9233	4711	7668	5309	15103	19068	6483	1852	11819	9800	17625	9848	12664	18232	8266	13982	10043	8369	17746	218	15096	13504	1405	1973	6897	17970	9753	16570	18104	4953	1738	18005	12004	3670	10205	13281	4501	10402	11048	11270	14545	12687	8998	14137	1180	1577	1309	16697	8069	16649	13410	12267	5714	8396	3379	5976
8320	19457	15319	17909	7322	8556	16162	10460	3004	10525	16523	18731	3388	2837	12117	3945	16868	1407	4939	9838	680	18834	5131	11686	19902	9245	172	15503	6382	5295	5313	11449	5047	7384	11218	7082	13604	6702	9751	4637	8662	11851	2343	8719	14378	4303	3519	19019	19431	3131	19863	464	10464	3188	8890	6702	11504	15804	14680	5499	7742	9243	11299	9399	19208	1456	8922	7936	343	14742	5642	12318	16178	4824	6904	2297	11234	3471	11452	465	5831	5884	6916	18661	7042	15165	13961	17301	5267	16613	5900	11771	12964	15094	9269	6421	14726	8286	17682	5781
5909	15791	9221	1809	2440	12562	14556	14321	13946	13526	9097	19541	13379	7574	18951	911	16221	1184	10229	5919	17791	16713	19767	9230	3818	9279	16271	1737	19116	17779	8642	7273	8486	18962	5133	1869	3604	19472	11280	15915	11766	5732	2496	15277	16471	19459	2300	17249	9520	729	3558	19929	12705	8935	394	17184	10980	8970	10250	13819	10396	5787	13460	6412	2592	5779	6283	5308	13323	17378	9197	8270	1977	7193	12609	12457	7638	20011	771	9211	4401	6632	1547	16459	12431	3443	689	7267	17855	4771	3174	12257	18199	5290	16916	6577	17964	17971	13542	7571
11913	4001	4044	16360	5364	4904	13566	9086	12362	11762	12930	1300	8296	66	18115	7906	12667	17014	12259	19686	15000	10004	18321	5398	13166	14959	10618	17485	7975	19815	13309	17066	3163	11628	12491	1067	17051	16308	2269	11674	7382	1891	7211	19736	15992	12478	19906	10314	2130	13140	10601	1132	13032	8049	19166	10237	3760	8218	17591	8198	5087	19162	19660	15413	8195	11474	10555	14707	11161	17528	652	8730	19926	2338	2664	14592	16277	6353	19734	5521	14250	18879	6221	18383	8995	14563	18241	6328	10308	3084	18986	11179	9437	9902	5309	6192	11267	7242	6461	563
15710	15070	11990	9431	18469	18982	12738	3165	11695	14583	4352	9852	8461	7776	3822	11377	11837	439	15682	14555	16336	12092	15173	3305	13479	17219	10865	16952	16925	9522	11780	5289	13025	1993	9746	12686	3211	18992	11819	17101	8513	12076	15046	1737	15728	19039	8161	9632	7213	6669	8549	18370	17521	580	14936	370	15488	14507	17333	11418	5756	18189	1206	8359	7098	718	19209	132	2894	5645	11915	17723	4190	8925	2960	17646	18012	2405	375	3172	13137	10777	13073	10667	2621	9360	5929	7313	19906	9635	7990	10871	7111	11433	3905	2192	19851	11481	11323	7924
18610	9603	9121	6946	13152	10323	888	4871	6435	11528	3145	13185	10365	19747	16810	9470	12573	8016	7743	14877	8315	19501	13215	20009	13316	1875	10549	4104	5682	14615	390	11467	18409	5645	12929	15231	6614	6815	13542	2477	375	16589	8707	1346	14815	5699	3428	17604	6928	10764	19025	8612	5962	2473	4519	10084	3448	17443	18533	8289	12025	12252	5253	313	17498	317	13772	17377	8995	1455	1892	12378	14989	18387	2316	4230	10566	5551	11399	8218	1405	5127	4402	13505	19581	14545	4804	6264	5492	17775	16168	17607	16127	11487	8989	15823	1365	1687	10425	589
6390	8073	4859	683	10540	9513	19744	10457	6037	8325	1646	15802	6257	19239	12786	4562	12336	4161	13155	11310	17736	3188	12188	11678	67	7214	13544	18074	13430	4021	5533	1281	16564	14374	17714	9902	10279	17143	12695	2233	3298	16187	18472	7569	16341	18778	4562	8714	14193	12543	10300	8975	5787	1669	10477	13856	14532	3706	1641	1432	11781	4231	6412	17092	15764	1137	10695	9116	6594	14280	19511	5695	6514	12132	10148	6721	4899	996	9214	3604	6962	20041	17386	6764	3132	11542	19069	16948	16110	13885	15887	4960	12477	2795	3018	6964	7281	3332	9059	8839
465	6938	3677	13039	3362	19443	1918	16883	4832	4379	5976	10552	9974	17327	5800	11849	14090	9662	399	6793	14143	18706	10429	14457	16440	2788	14938	19255	8575	13689	4130	8433	7672	15675	5055	12599	19469	13470	256	15243	9245	17159	5840	7743	11771	859	14008	6056	19544	5184	16218	19514	1422	17875	7481	7066	15602	5159	9245	12190	794	16052	11162	7366	19503	2909	12518	17638	12196	6371	5686	9881	7366	14618	14061	10326	8824	17442	4319	3463	14097	13782	19989	4354	11314	7595	4520	7039	12784	2749	7083	11093	15109	2686	11123	11906	16119	367	3431	15571
5237	3203	10912	6061	2354	2085	8286	19025	20162	11638	13089	11497	17535	9270	12758	17637	7612	12235	18302	17101	413	1738	15583	11095	16156	17683	6211	8552	8071	8351	13003	16954	1870	9843	7858	5424	900	16688	17530	3915	15459	10119	16938	14912	15502	11467	13675	1406	15881	5091	17865	19979	19889	8835	5991	17620	7348	18702	6812	14729	3644	11073	18103	8995	14610	5812	1734	12746	16950	13513	15270	11688	15415	19682	5740	18032	13131	6116	16265	15144	19957	5371	13824	10077	14841	2965	3677	8436	19325	4998	1672	4108	9779	5371	2280	17928	5195	13109	13880	19160
3752	7644	10640	1843	5902	10294	13057	14430	5371	8642	2679	11696	2516	2778	13812	17370	1707	12424	7506	8181	10026	816	2574	4374	2183	11416	19697	12190	7754	252	1793	655	17259	17983	17019	11505	773	9200	8785	14821	8102	1190	7568	7296	19710	14391	14599	19760	12746	8151	3047	15162	7781	20038	12244	4855	2520	14755	14631	13866	13005	1902	8633	5876	13621	8727	7514	16628	16159	7417	1976	12347	18286	19675	6771	10254	6538	8049	366	19883	14444	10327	10384	3412	10187	12728	4158	10871	19086	10409	17886	15379	3073	17625	9086	18904	2917	14019	116	1422
14700	7668	3709	2750	10491	4755	4746	13615	13569	15637	17859	19913	15698	7662	17901	6629	16134	127	13090	3579	17008	10494	9999	1258	7050	18499	15520	3490	17879	5975	4224	3073	11248	6130	14501	1250	8839	19391	10480	15400	8609	7333	15059	5771	11906	4861	11637	15779	13361	4447	7833	2997	2588	10031	1645	1987	12160	13394	9934	5523	18850	19224	10086	252	19115	10019	10601	11090	15830	3096	13479	19589	6272	4230	16310	1018	19253	6252	17246	4784	9858	14845	13398	5882	7308	18803	13858	2254	1678	14989	9178	2637	17038	6989	9843	8285	9743	14619	2193	16220
574	18328	8200	253	15234	10367	15780	14647	6404	4448	17053	19919	1183	8958	8360	17651	19658	5528	11561	11182	620	5178	7422	8965	16609	3299	2241	1733	590	7723	13922	1578	17354	16961	1541	13533	16168	17518	8639	17748	8895	5227	10540	14324	3272	19335	19820	6404	4337	2240	3832	1952	18426	11880	1874	17968	4186	9268	3969	16187	20172	17583	17389	3833	925	2632	2765	12990	6192	12189	19059	17290	18232	10188	2079	14258	8343	16138	4196	13702	18558	10142	3803	5635	592	18094	4715	7221	1121	9213	16152	1364	4706	15431	18061	6117	5019	3319	18696	12919
15823	10540	18889	14973	17012	8278	2428	15919	17083	19519	4059	2232	8970	421	20095	12826	5123	9486	13061	16637	3701	2436	13385	15797	6497	1019	7787	6964	18235	2040	17986	13562	10480	5657	19816	5440	2323	15735	32	16154	10665	12530	19666	20057	17138	4942	3471	14485	15732	7056	3095	13897	15816	18443	12498	4142	1603	13850	860	7710	889	15847	9597	8647	2531	10892	19306	18143	19535	9031	8289	14483	10067	5424	8281	18737	3325	13903	19509	10065	3719	5310	17039	15969	2854	12645	5468	9966	11163	2009	5349	6328	14135	7297	13840	4827	5126	10900	2702	12861
16496	18442	8444	126	7211	1615	1184	10746	17549	15955	14393	16672	16066	7820	3099	9166	12988	5138	15846	11794	9359	19189	11377	19091	7806	674	778	20149	3145	1211	13984	11155	146	16432	3783	12138	3617	10558	3006	14802	5450	20056	14045	15138	3898	15926	19902	8427	10591	12754	8275	1522	8965	10260	19585	1300	2763	20202	1691	19025	16502	5909	5761	12632	12935	1785	16369	10040	2626	11456	17546	9147	40	8316	18449	4280	16598	4208	5738	8509	13256	10182	17806	12967	6837	11786	17035	1978	19989	18696	6786	10911	14717	5086	8534	2183	18425	3670	19504	16276
6745	4723	14743	1113	8724	12674	1946	10425	1265	14782	10652	2165	15944	17794	14808	10175	4219	7925	8796	17433	11670	11113	16953	18304	18355	2874	5066	14139	18668	2070	1134	14799	12458	13562	13111	10601	16106	8647	14709	7555	17753	14221	9079	9038	15149	9896	9401	2637	11891	11392	11816	6239	4464	14087	17844	3581	11677	8137	10960	262	7756	7789	2828	6992	14772	18738	15025	5184	1011	17614	10929	19873	17045	19178	17753	11549	19427	19347	18506	5946	195	8509	16690	11984	10643	4230	9579	8879	12721	756	17732	12204	6622	19702	15644	16777	10970	4074	10562	3717
13397	17054	17472	12838	4475	1150	5087	18685	9502	3647	17461	3036	17041	7347	9667	2925	11606	16499	6251	9749	10437	15120	333	20068	17838	16080	17058	7288	3045	1229	15054	12305	11557	11618	5843	13606	13215	4003	14932	1055	2602	5755	11740	10779	8679	17409	7958	1485	9173	8907	4473	6539	16614	14430	14666	8550	5859	18437	1612	2475	13543	8259	9157	14362	9659	12919	17425	10738	7917	16467	9601	13589	5324	13777	17441	7000	11133	904	13732	1236	9964	9714	10491	18890	2614	15692	7798	14752	11041	11402	15117	2320	11213	13593	2737	11467	18317	16284	19394	397
15770	2364	16611	9718	12085	7754	17636	3637	12787	4148	16998	3875	13394	756	7956	8935	3144	17304	8115	16206	8994	6374	5254	900	6723	19875	14628	10274	2242	14288	9962	8923	19064	10726	5838	8432	17201	506	10385	7885	16013	8278	7329	15260	3497	13545	779	1997	2306	2549	20114	14129	8724	9518	11969	4126	9173	3776	17463	12058	11764	2190	19353	13339	11404	7138	3036	19114	13202	13674	13231	6989	14779	19200	2068	10312	6952	17864	11125	20194	15500	2534	4344	8138	18893	17304	7253	1734	5434	10464	10707	12047	13560	1584	19299	9950	4847	13242	7333	6744
19421	3416	16667	2062	17569	10827	9652	16925	3663	2667	11133	8615	2192	14609	8316	8432	735	10747	4004	7465	3902	14015	5410	14240	6964	11845	8596	2897	15652	17909	17340	5795	1821	7314	10563	5279	8404	16871	18716	13173	2609	13148	12053	11058	810	6046	20118	7806	17606	8485	16276	17148	8654	7945	17556	15618	4974	19458	13647	10343	7120	10243	16610	9822	4352	19333	1036	8409	20191	11419	9621	14005	14	11917	898	16575	843	13041	1549	15911	15280	14717	4957	16037	11763	4647	19652	6266	19150	2664	16933	7414	1955	2	10902	12950	14013	11298	3059	937
4906	14714	5939	16700	11574	13985	5889	13702	2528	9603	2899	16572	13939	2556	14839	15939	8017	12090	9612	17463	15096	12768	17074	9005	6326	5316	5253	16901	17372	15688	4016	10929	10085	18866	13914	15084	17900	8771	6821	8821	3042	1014	10029	2446	14700	2232	9848	6257	10043	5769	18552	9280	19613	3030	3935	8538	17374	11688	7285	523	10756	9831	2641	14283	9863	19785	5147	19935	18936	16814	18152	3915	11769	5637	4250	4672	5584	5577	1441	14719	13702	12321	13260	5070	5085	7284	19497	6350	9316	2917	8222	19853	13855	7565	517	10757	13438	16840	17497	4017
224	3122	3839	609	18985	19059	5329	8340	1332	14221	18433	17065	8069	14573	15255	17151	1516	2387	10072	1537	3314	15179	12381	4264	3813	1171	13235	19279	5261	17495	9807	17203	16178	1384	8130	862	5025	14986	15261	1787	877	15146	19742	5013	7387	17652	10515	5829	18100	17646	20129	12609	18868	3714	16085	12808	5044	6423	9423	19030	4746	16249	5017	388	17747	4781	18171	7789	1278	4265	13225	11465	2748	8071	19834	4196	727	16413	4787	10400	59	8341	3067	16277	7514	3911	18558	1045	2220	3775	12661	15258	16851	18861	9176	2650	4167	16823	6346	10558
4465	3901	913	8657	12214	1727	10011	4468	5367	16263	6251	4910	7931	466	13719	19535	12609	14145	14877	6181	13224	3180	8691	4856	10339	17153	9328	1966	9197	14816	1630	13468	14512	2358	10100	8026	3832	9295	18427	8312	5587	2280	15434	14849	13821	19068	15811	6869	17555	9118	15511	9271	19552	4588	18902	8396	17001	8343	19168	7556	696	16647	3143	13016	13289	19190	12585	10967	14781	3924	5252	2253	120	5645	2278	7752	8701	10428	2598	17249	3020	16597	529	17659	2954	12647	8104	18506	1861	208	1517	16152	14773	10725	19670	1116	9047	14173	13131	2167
8710	3220	4898	19081	12932	12957	18434	17588	3258	5555	17561	17061	14494	16030	7967	6211	3911	11561	7141	9834	6811	18422	18186	16198	5209	13192	4136	12727	15590	18763	4957	17871	17411	16784	8994	17037	8894	203	9130	15116	13578	293	760	7918	466	7406	13502	13321	5683	4143	19055	13868	10323	10008	16295	16375	19190	8711	6595	403	14643	9686	4075	1049	6394	10193	6896	13022	9073	1377	7876	2312	13410	14156	18533	19427	17051	5384	6236	19472	1906	408	13682	11264	18743	12108	13486	3553	15084	17859	898	2146	17501	18809	14793	11112	3437	4637	17302	2040
8833	6790	12084	8654	11185	12120	7601	17789	8649	2664	19923	12148	3187	8182	4889	13986	2851	2072	10910	16201	2994	14492	1921	18113	13638	15507	18817	15117	6411	5415	5608	7304	15735	18884	18028	1041	7515	18175	1115	14133	2121	5155	4620	1867	13648	9760	13060	7765	7782	4306	17045	9629	10902	10077	10885	5702	15142	10639	5825	2669	12543	4591	9629	7798	7020	19996	9213	9447	928	4067	12910	5852	10559	10830	17173	3051	16603	4422	5998	1955	19634	5116	1916	4824	8336	18734	4650	18539	2181	13316	646	526	19141	8318	16744	11555	12609	9353	8914	11693
604	2556	12025	5439	221	14242	17509	4281	14058	5348	2957	17958	16932	15772	9793	2951	6011	13025	19368	13248	5770	15780	18668	18443	8707	8393	18684	7826	313	19877	8336	10540	1347	5410	11290	13998	8531	5244	18526	2196	1087	14933	13450	6755	2146	17931	913	156	13566	5984	4817	12841	11775	987	9587	9605	18129	7605	15819	1546	5991	16448	1725	14022	14708	11493	3668	10730	62	15834	15695	15559	5349	13806	3493	6054	6686	4354	11530	15745	8791	7177	10993	17257	9539	7963	16611	957	10133	10986	1665	17055	4265	13502	1814	1510	2737	6200	16771	6725
8779	9160	13413	5424	10204	19537	140	2520	16496	9837	11395	9061	14391	11829	1323	7505	11989	2915	631	16038	7178	8468	16142	13764	4269	6970	9564	17260	2399	9213	645	19992	15922	16235	3145	10859	3418	7142	5361	1955	8773	11594	8183	6545	1845	2270	17122	161	5104	8078	5470	10304	6600	3812	1126	478	4461	19434	1324	10652	13757	18992	1036	9491	9427	12947	277	5740	4300	26	14821	14979	3989	20021	19207	18212	13228	5546	13324	13705	4594	6351	161	7240	12837	13647	857	10259	16582	12901	17371	8956	17992	13072	12784	6425	3257	14501	3905	16125
15140	19816	10590	6475	12157	18859	4827	13492	18587	16128	13724	13837	3407	5837	4447	14812	14666	12277	3960	18425	7032	16631	16484	7888	16792	18051	14906	5646	4478	9398	1921	13176	1036	5551	19304	226	6142	12160	7820	14368	2067	294	13370	13950	14540	6958	11170	15163	2846	1294	17219	4755	19414	13610	11113	20068	4327	1152	2546	20167	12735	8019	20061	13452	10557	1621	8407	0	2880	14953	6466	4932	14796	9605	9923	4499	19901	17389	1645	2830	2	4578	19032	609	19582	4841	784	6369	17824	15543	843	16397	18453	14812	8409	6359	9346	1487	2646	7901
4322	7443	9018	14903	13	5704	15084	18562	10288	68	18820	14946	10589	18773	8226	2989	15826	8433	20174	8028	7629	16688	12259	10108	13137	149	8028	18730	17097	2703	7660	16254	13803	11919	15010	11785	12835	8934	11871	950	10438	9807	15560	10923	12064	3879	10828	17417	838	8707	12721	17374	8919	3461	19463	15358	14681	3579	17042	17907	18992	6789	14628	6279	18132	18125	6836	9425	17918	16152	8549	486	1788	12938	13509	2708	3887	4889	7521	18144	18849	9852	6192	11775	9894	9101	10606	11231	19745	5781	6477	16393	16229	16762	19104	16529	11735	13187	11073	3305
15866	13152	285	13558	1692	6536	4399	7710	2637	15641	9903	18908	6684	12074	16083	17790	9570	2852	16326	11777	10498	12237	16311	12562	3017	17986	8128	7332	18036	20164	5316	19856	16758	14574	2730	3067	623	10978	3001	3518	16354	10088	15946	16586	19386	2927	16117	14245	15566	787	1615	10034	11684	14151	12919	18237	6667	6963	11856	283	12682	8955	18589	16082	7985	778	4316	1041	7885	10162	4102	2382	4123	9402	3708	4668	8682	18178	9835	9984	19992	14398	4696	2242	3299	7837	13357	108	15845	1081	9911	13339	10586	17878	18032	10820	17495	16431	8572	19110
1748	8017	7978	10107	19632	17644	9427	16143	14022	12120	5157	9530	9551	10698	13088	2646	815	5374	19919	4987	7387	17729	17282	17770	14032	18360	12608	20031	14109	14542	12665	14964	12664	12887	1650	3966	3290	10697	5487	14907	13918	4495	10181	11788	16012	2528	19161	10740	15238	13593	15429	15961	8916	4453	13161	18309	1982	15772	14675	3448	680	1756	5797	11473	10887	11124	3057	3818	11978	11377	10099	11047	3311	3706	11073	4885	11906	8511	19208	9568	7290	475	8161	9999	11657	694	930	19057	15688	9474	3534	9554	10533	17480	14605	11594	16429	14272	4933	4832
16886	18341	4636	10366	6130	13279	19102	6829	8997	5234	7359	10533	17543	5989	19863	12851	19762	7422	20167	481	14869	14191	3411	26	12650	13358	17610	11910	10274	17607	20086	4354	16199	11139	18040	7570	19769	19539	5441	17836	695	5133	4848	14572	9908	5291	17901	7296	1878	15513	17112	16721	10604	8760	8940	3351	4953	4974	6809	10226	7360	161	1537	20182	19505	19167	16178	3469	16858	3656	7741	9017	1116	14071	15338	6964	20146	16425	2549	16882	14708	11200	913	9240	19533	14833	5405	2269	2244	19265	10595	20028	1549	286	18426	5535	19347	19899	15618	17254
18174	1777	18445	17964	1793	954	12932	930	9766	620	9387	17475	11650	6397	2441	17940	18114	8730	18283	7767	18874	10384	19838	14339	2746	5679	6983	589	12328	1155	794	18328	13596	20041	6695	9135	13170	12364	13078	5981	10391	9280	15449	3710	14058	2831	6878	12807	6838	17624	1546	17855	494	9510	12375	7308	16955	13631	7842	3915	18736	9295	5977	18962	6796	6882	8080	7018	4482	7298	5005	3800	16623	10772	10509	10045	14071	19106	13500	19318	18266	18936	3945	17189	10591	6903	11457	6520	17929	10711	12557	20208	7830	10746	4968	4446	19726	8549	3988	532
5799	14822	16167	3281	152	1712	5797	8489	17260	1329	18302	9597	5174	8006	15652	4848	12797	4593	312	18483	6845	13701	4	9423	9754	4056	12894	3966	8603	7305	4752	11403	12438	13088	15513	3931	13544	7323	14090	5387	11162	8871	10738	10832	18640	9200	4190	14941	19317	15052	14367	13357	10183	4144	10553	15834	7375	14833	13244	2069	17469	19813	17782	1292	3216	7323	16634	12207	19151	13304	12136	7505	9139	1704	9346	17639	18747	9327	13702	8909	4696	5409	16585	14781	547	15778	14729	12214	12992	9035	14108	3315	18817	4907	5037	12768	18273	3473	11000	756
475	11899	6598	19866	20181	12646	1085	11555	6181	6135	13540	13169	13834	8208	16120	17264	9617	5854	3663	16393	11555	2042	4012	18614	11513	3525	16429	2056	12955	19453	1577	11435	3705	12008	5291	17417	3044	8954	7772	3932	15472	13	5513	1488	7318	9269	3030	7256	9160	14804	6695	5026	18618	152	15762	6446	18798	13709	19119	9607	12562	4083	8056	17902	3515	9325	17402	3972	11199	6373	13022	18542	755	18848	1880	10699	16016	16810	18838	17883	1352	15263	4732	14681	17459	3468	1271	16579	8533	3235	4271	16483	14443	16902	1579	4562	12212	5367	12244	9204
10747	13560	3274	12450	13902	1796	294	3247	8913	12890	4819	8810	17410	13315	11456	10086	10847	13024	15296	12189	2998	16587	11954	13375	15281	16776	1831	2087	12757	1454	3990	15145	5295	18861	10911	7755	2358	2465	19610	12223	15628	19541	17875	5056	19980	16198	14846	15356	14030	12119	10480	12992	12684	17876	10544	19329	7247	4135	17659	17664	10845	8489	16072	10869	18434	18001	8354	16148	17119	3374	3051	7453	10563	14991	9814	19443	7658	17866	19335	4343	3249	4328	15928	5867	10801	7142	3002	13907	4050	20176	11644	202	1625	1533	1500	14626	2965	13252	20133	1946
2014	1402	5356	17876	1001	20199	9006	19220	19113	1383	17277	16168	19873	13538	10301	13481	5669	14268	3876	2739	8633	15142	16699	19503	18357	12030	10443	1281	14364	5057	15779	12845	1649	11187	7027	4707	1275	10122	17816	440	17915	4626	8777	18292	10942	15577	6217	3509	16204	10970	12120	2491	15839	3705	10766	502	3508	904	1770	15161	1877	2001	16858	13330	8936	15489	5371	19172	2920	11161	3910	3125	973	14907	15915	4296	11846	10439	7918	12594	7214	17504	7281	13119	4815	19172	19071	13450	20014	11505	14357	8569	16828	14614	16516	10159	7256	12145	9403	16309
18390	2050	14955	3638	3315	18360	7803	2776	18513	5803	17118	12412	17486	3111	5225	10938	14176	13698	13912	3176	18074	18458	12434	11561	16406	8753	12149	14384	3669	18454	13009	7816	4771	9169	6104	3605	19717	18813	2247	19950	15031	12426	16836	15680	3787	14357	7622	7783	17827	1360	14590	9618	14379	2080	16050	17302	7267	2370	8275	20149	4694	8834	1541	11269	2445	17425	18402	3471	4588	9101	4686	7189	11569	11856	326	19752	11046	14655	11982	13169	8103	10653	19370	17883	14652	2150	5677	3184	13463	12544	18931	17665	7333	996	11031	4276	3093	4706	13969	20074
19614	10464	1404	11200	7758	3633	8297	20185	10260	17830	9442	14151	2520	1347	10221	6930	10068	4268	8655	14940	6464	3603	18109	14507	9509	16362	9631	1290	5800	7719	4378	11472	11918	2899	9252	14910	3113	10144	5355	12344	9328	19305	14695	13159	10314	10490	9572	4162	4835	17167	15774	9050	12425	7019	8770	17782	15902	6760	7782	3532	5145	7314	8134	4718	4027	11020	6488	17313	4878	10097	3899	13456	523	5426	14605	2811	4306	17308	1288	9015	6603	10215	14681	13700	9515	17529	15841	504	12051	17644	3737	14080	4148	7989	14311	4886	366	6206	10563	18232
2496	9857	16101	6887	370	10288	1530	5768	19556	1437	12132	16857	3226	19113	8365	653	11281	16427	1332	14191	7347	4645	9473	8313	16159	11983	5535	5900	810	13218	5459	16245	5080	1748	7584	2092	16320	15194	1135	5313	16148	12817	4392	14419	7241	14825	17096	16842	15377	15002	3384	4196	1770	17304	16878	734	532	14770	8077	3061	16889	19513	14910	8504	15332	5328	18885	4219	6000	15149	10881	5491	11040	17779	18645	13724	6180	5961	18536	4812	6939	8356	14833	2193	15739	14945	4885	14531	7297	6795	19771	16396	17868	4681	8181	15162	3448	15682	5292	5512
19885	443	10384	15169	4983	2998	2	12775	17940	18879	17419	17272	3677	4862	9287	534	10719	15650	9450	2075	17650	17856	10827	12743	9456	9351	2894	2108	2301	16706	3460	4271	12199	894	9000	974	8268	12173	4274	13265	12784	8381	3833	12932	14818	17094	2042	18397	18581	900	13521	1568	10437	14413	9109	17877	18725	18266	2855	19456	7213	4266	6807	17919	8736	8231	4711	5942	1074	14035	6116	15228	4059	15134	5517	9986	12802	1309	14097	10978	17695	13340	12819	20172	15616	3501	18179	9623	9604	5178	18328	2506	223	16163	7973	902	13984	14367	7492	5457
3268	4378	12990	6941	8234	5580	17648	16810	4073	4311	6697	7517	10585	7631	603	3271	19858	19437	14601	5467	7375	13146	6967	15753	8753	10325	13548	2718	5439	2965	7826	5497	2166	8770	2005	6130	11150	4459	10302	6352	11229	5354	16645	10841	5393	16407	5337	4946	3940	9556	11884	1749	5182	9856	13395	10671	4030	5250	17008	8369	5067	14153	6127	1950	15326	18986	11972	12853	13163	9662	13652	18075	10146	9257	13621	6108	9459	17760	9763	4552	6065	1213	1437	16249	465	20193	12444	828	15716	8429	582	1136	19507	10671	10840	11636	11303	17181	5021	17830
8566	6572	9608	964	7743	11301	19766	2466	12601	13247	5804	1195	12897	11313	2073	3309	5621	1460	960	5355	15103	10008	19844	2773	13154	3059	9595	6166	18549	11548	18691	11373	9820	13064	7514	17484	15643	17731	18235	9557	14780	15034	5993	15530	7141	19202	15944	3248	5695	12251	20076	4832	15514	11755	10464	11899	12401	15169	19610	10928	16124	13	10017	6313	13425	14462	10215	2934	512	4850	751	17391	1359	11180	941	9364	10820	9555	5330	5872	11860	6207	12412	10653	19462	2049	1650	7318	9543	5085	3979	4589	12991	5547	3594	17419	5755	4949	11352	7124
9442	12673	17935	10013	4423	5598	4612	4319	5764	18979	10268	12646	11110	10533	14981	18677	13546	15264	11419	17493	11199	10693	19274	11303	13470	642	6967	14636	3940	18407	1573	7977	7083	9218	7403	14747	9618	9895	5831	5872	18318	2817	19456	10413	12003	376	6037	12786	5243	9818	3880	15522	16703	17907	7710	8299	1509	6083	18031	869	2706	2186	17028	14810	987	19675	17260	19344	11929	14781	17302	2955	15980	15714	3761	18682	15688	264	12853	18647	5421	10503	4125	10854	16950	18743	2254	8836	9203	15913	14699	9424	8101	13386	14758	6957	4004	16167	18103	9587
9142	4277	3431	19473	14231	16185	18186	15991	8939	12324	1183	11875	18500	9428	9560	17875	4243	11014	13807	5771	6637	15199	760	12492	8598	18437	95	11121	8779	410	8494	2205	5803	16098	16270	3582	18350	3973	13101	2657	6545	18916	7776	2244	15665	9827	17432	17570	6690	14650	7659	3824	5557	1725	8315	11748	16133	784	312	2417	11072	15093	16904	3336	2404	17178	750	3068	7273	9753	17776	10554	19029	8839	14295	13025	170	19802	13323	11204	643	17272	4093	9399	16458	11017	15948	1169	7624	11622	8827	20116	10500	14748	264	13364	14213	13987	4720	10412
4054	6406	6205	8497	11352	871	1237	6116	9593	8021	15394	1363	12797	18035	16408	1669	5813	18273	8480	13122	3250	12304	10474	13566	15025	17798	10588	163	2073	9227	12173	4535	16649	16374	6113	2027	18545	13479	19994	6542	7500	13593	15487	10663	11508	19521	2969	2621	17165	12259	7967	15001	5419	15634	6192	7869	9147	18359	15462	2575	7499	8223	3948	6884	11603	11416	6030	13131	12738	19864	13543	7431	9030	727	18225	6601	9401	7886	13032	4968	14903	10875	10700	2356	5267	16548	445	15521	6809	8393	11444	10268	11650	19019	14339	4904	17022	13778	10897	2149
6550	4755	15901	7099	8183	5638	14818	3696	2311	3198	16688	13898	1771	5050	19287	44	17030	19795	4224	19255	10122	7718	15278	32	11699	11762	8651	6360	639	2988	8635	5079	13507	10464	12682	14598	8089	8085	5709	16771	6334	18832	19221	8859	1059	9694	16919	9899	17520	5240	15149	2028	13359	12652	11968	17527	12721	1337	5289	4620	10447	10437	13792	15602	8465	8081	7254	7583	80	15063	9857	16610	1450	1946	14494	11739	2166	13716	6686	8110	9177	6284	158	11911	6902	1603	13642	8520	538	7912	4274	14057	10241	2954	14423	12332	4398	550	18922	8950
9619	15628	17428	16864	15361	19716	19222	641	16109	13638	15322	5216	15569	1360	13687	11641	9606	3125	3516	1974	8812	13507	6575	15684	13680	8592	12555	18842	18341	17893	11969	8211	13500	7079	7066	13341	13011	5831	14191	2855	442	10418	8268	9951	11292	3121	18357	2602	652	14427	19702	5244	13427	4421	16247	3653	10632	12337	8398	6214	17456	4029	10640	4165	13723	11586	10131	14988	8275	8204	18442	4039	11115	1958	9276	2490	18667	899	11418	13167	2408	5225	9328	15009	16856	15983	13796	15373	16386	5772	14788	16344	5595	18705	8609	1651	8930	19646	20021	11892
19537	17535	6975	19483	8871	13044	85	19466	7765	13866	43	13115	3604	15502	3365	17950	9211	19127	16267	6036	1952	4812	14168	16516	10528	11394	1714	4498	20154	5984	1275	15488	6723	4423	16702	12545	1597	15792	10412	1013	5924	170	11376	3237	12333	15544	5871	15992	810	17751	11809	14250	6963	11745	6918	14973	4153	17423	15688	18457	16500	9080	8641	15665	13388	8456	1411	12119	11121	5837	361	13005	13706	17554	3036	10177	1000	19496	16343	7481	15094	9404	1804	11390	11694	3164	5544	13456	19504	9421	11794	7527	728	19410	8209	8384	16012	3078	5339	15292
18889	15444	15059	1710	7716	12236	19110	12838	19454	12811	13002	15788	5476	2020	9445	7740	17930	13040	19330	6508	1938	12102	7672	7379	3052	17432	3532	14260	17204	12930	2164	17736	8181	16775	6192	6575	2686	8836	17212	7371	12333	16415	9775	17745	16094	16428	14698	10693	13765	9536	643	13769	6034	6140	19638	14416	11709	370	14520	14605	19057	18121	13206	17460	6897	18312	3771	6145	10139	3617	7499	7137	7929	7138	3899	16067	4314	8004	4896	13917	12638	1719	18959	3334	2090	1796	1018	10196	6131	3913	9924	17949	12275	8592	17296	4832	10451	12449	11108	16323
7659	8405	2182	11417	2845	4017	1947	12864	6461	20188	13690	13222	4561	104	6157	17736	8486	1742	7885	8359	16723	11159	3837	14416	2108	10943	6231	3762	13342	13007	11552	18223	4697	12621	19026	16715	17853	18328	636	16220	10500	5702	7235	15588	9470	12518	6819	16933	17176	11874	14378	12650	12166	4915	5305	9457	15480	12601	4806	8710	4314	15887	2356	9830	9691	11875	15258	12262	14210	13379	18556	13403	2843	17879	2390	18643	5528	4886	14267	6618	8000	8394	8720	39	17245	15901	5292	344	82	7955	10535	2524	7257	9924	18669	2341	17178	15522	11800	4167
17970	6221	4257	540	9679	17231	6360	18923	19131	2325	6096	18535	5065	4327	11684	12074	8796	12629	19193	17125	11366	2538	12534	1103	3377	16036	8282	4434	19581	4629	17794	18344	17922	6209	16974	3290	16835	14097	18374	4505	17609	10586	3818	12182	8578	12570	11815	5831	8930	11417	13073	5910	16415	4075	8339	9623	13063	6477	1368	13288	14598	14268	2896	16517	13944	4904	5882	15622	3200	8535	9301	10543	2914	3859	20129	5349	6810	2470	18979	6948	2550	17748	1452	5009	10175	4511	13877	3203	2817	10558	80	20048	11279	2549	5436	3697	3673	17284	10818	16026
11177	2782	17460	11466	4684	15119	15854	13482	10801	19911	6403	18341	582	14083	8828	9854	4977	7305	4126	9509	13013	271	1293	6020	11436	5244	3953	15661	15264	14363	6466	13317	13700	13204	12685	16281	7744	19066	7162	1719	14119	14973	14335	2011	13852	11218	17319	13866	16359	646	7526	17087	20189	16631	16995	7419	11248	17079	4168	2354	8209	19582	18879	5277	10567	3652	13602	9189	8838	11327	14681	1013	4199	207	18444	9940	11979	60	12124	15862	19511	8355	1049	10827	11431	10502	13710	7484	4492	15770	4946	16191	1346	14272	5603	15760	15164	18199	4137	10174
15716	327	5787	8716	12340	7212	9616	10868	17587	69	11405	872	12474	12642	16323	5839	10757	4532	11539	463	15169	6039	19858	6682	19721	8912	11321	4129	8533	6755	3017	17	2283	1537	8677	5530	12498	16173	17587	5421	11860	19497	18780	14079	3767	12005	1454	4332	3059	6615	6128	15441	2358	15633	15680	8494	4005	5296	14232	2805	14745	9583	180	8484	18923	16676	15168	1931	18350	7384	1996	14871	9327	14656	14614	14003	6356	10603	13389	2398	9169	5642	650	263	5639	5069	16461	17804	17286	11799	18796	7311	10502	17533	18765	18438	7900	19769	10892	1701
19283	2599	7102	8552	11596	11584	13933	18366	19716	4644	10852	10711	18371	14697	12629	2408	8023	15870	18249	17239	14053	4979	20143	13231	15191	17040	4732	10697	5829	15031	16731	12768	19775	8609	12346	12851	15955	17506	2011	15829	13447	9336	12512	3547	14580	9151	5658	13555	9456	17143	1769	5530	12585	10770	2669	11182	11318	2222	5767	16757	590	10553	19693	16555	15412	8936	7100	2624	3193	18837	16309	10210	5289	8348	11332	1437	11609	19140	9562	15778	5682	3240	14419	16941	18001	19085	14955	6810	843	15864	6600	13379	12074	12225	12645	9631	1549	1633	19928	6275
16805	19290	14066	4351	11786	6538	14054	13966	10028	10468	9325	6477	16221	4074	17872	13824	4224	797	6652	12403	16925	6964	18125	3737	7977	4806	17204	7256	18383	7413	10049	1999	11631	19032	1726	9108	17702	14336	14220	15192	10912	14524	13405	10208	5295	19194	19219	3737	6132	13888	1414	5730	978	11199	15146	12392	7621	7622	5499	14225	9077	14074	3960	19533	16877	3294	641	8981	2458	11346	7977	5478	6884	12244	6200	8889	14848	15327	20095	13375	6789	468	9829	19474	8288	12692	19600	16267	1022	17620	18659	4074	3580	14895	10037	3586	11170	2993	15236	14903
15771	12777	1597	8256	12457	10922	12905	245	2498	11281	6930	20010	4279	15359	6667	3008	1771	15079	15597	6115	7826	17519	901	13521	13741	13316	18961	6182	9515	3805	13968	16789	13225	2205	1920	4044	1834	7179	5946	3456	9597	7175	9493	11014	3775	417	816	7152	17205	15634	11192	19342	14680	2650	19814	6522	13595	7118	1165	12891	8806	19566	2892	13812	15480	12777	5163	15228	4014	15142	4080	13385	10269	19457	7665	19774	16962	11497	3443	18280	15579	18631	4678	14749	11696	19941	16692	14783	2595	5459	11267	18957	17719	15116	7532	16858	19750	17125	16703	16088
18997	18938	19517	7728	11587	16986	10856	12648	17280	7407	15795	2842	16624	7728	18799	11521	7728	9159	12648	3720	19780	2842	7250	11587	8583	3720	10856	1926	5205	8100	7529	17293	5205	10856	4700	13573	4617	16986	16964	16130	1336	14360	8100	18308	4048	15701	12821	13092	18938	19517	1336	10080	8129	10616	10672	13818	5477	2996	13177	18343	2996	10462	9255	5486	3871	15701	7529	9756	7245	2555	2555	3871	10389	19517	9255	9377	2996	17280	10672	2555	14226	5486	12648	11137	3720	8100	7340	11521	15701	13177	7728	15795	942	14360	1926	15773	1129	17557	8252	12840
17951	1926	942	9377	10672	9159	18092	11521	5784	5847	9756	17293	14360	17280	14360	2618	1744	975	5847	8100	9255	12921	8100	12168	19378	12840	18455	19517	16986	10898	7072	942	9378	16624	15784	17557	19195	5785	4700	9255	18343	12698	10616	15491	15784	2555	12698	9159	10389	1129	12521	15795	1336	9255	18997	3871	6537	9377	9159	8706	18308	10672	5784	2618	17293	18981	18088	5785	3871	18455	7250	2618	1744	10080	5205	4617	5785	8706	16624	10856	8706	19517	11137	5477	6537	12565	8706	3871	8252	13818	1336	17280	12648	18343	4617	15784	17557	3202	2555	18107
1926	8706	3871	942	9378	19435	6616	6616	18981	16964	17951	15731	11728	18308	13818	18308	4617	18343	10898	2618	6710	16130	15491	16624	16986	5205	12648	9378	15731	9756	7250	12565	7529	7728	7728	18544	6537	17007	11587	10898	7529	17007	10389	16130	19517	18544	11728	10442	15491	1320	5477	15701	16624	18799	4617	7728	11137	11901	8583	8252	18460	14226	17142	1320	2819	11728	18544	8129	18938	13092	18455	11137	12648	18460	1336	3720	9756	15108	12078	942	7072	11726	16964	11901	7728	7245	2618	10616	7245	14360	18938	10856	10856	10672	18981	10672	10898	18107	6537	15795
1336	11587	10672	15108	17142	7870	15731	4700	13563	15795	2996	12921	9255	17888	10898	19842	17557	18799	13818	18799	7407	12698	9756	2996	17888	17557	17293	6537	11137	16624	2819	10080	11521	7870	11521	12521	11587	15784	15108	10298	10856	15773	12521	15701	12521	975	18997	15108	18544	17888	10389	10298	19842	18092	5847	4700	6616	9378	19780	18092	4617	19378	11728	12078	7340	10672	8100	15491	2996	14360	11728	5486	7340	12078	18107	4700	7072	12648	12565	11726	2555	13892	7250	18997	19842	7340	8252	14226	7250	4617	13892	15018	19195	2819	18799	18308	3720	13563	19780	18343
19378	16624	19842	1744	5204	19517	5785	12565	15701	8583	18308	13573	18092	10298	5785	1744	19195	10298	19517	8583	15731	12565	7072	9159	3202	12565	5204	16624	7529	3871	5847	18799	18308	9377	18343	11521	17557	2555	16130	2555	16964	11726	10672	10442	17007	15784	9255	8129	10672	10856	13177	1926	7529	7529	5486	10616	14360	17557	6710	17557	15701	18938	12921	14226	6057	9378	17007	12521	2618	8100	10389	16964	1926	6616	19517	19517	15795	6616	15731	6537	11901	7728	5477	10462	15491	12921	19378	15784	19435	2555	15491	5785	16986	19378	7340	2819	1336	13818	19842	17280
17888	19991	9255	5477	2210	10389	18981	11726	3720	18997	10080	13563	12521	10462	12821	19991	2555	18981	17120	17888	7245	19517	5784	8252	975	10298	12078	17951	6537	3720	7407	18107	18343	18997	5784	16986	18981	10389	2996	6710	19842	10080	5785	17557	11726	10856	12168	17280	19991	12565	19435	7245	15795	12921	19517	1926	16964	9255	7245	1926	8252	15018	8100	16624	5477	16986	15731	12921	17280	3720	12648	5205	9377	9255	10856	975	17280	13818	10462	15731	4700	13573	7407	18107	975	2555	5486	16986	12168	15491	942	14226	7245	13892	10080	7870	9159	17293	9378	15108
8129	17007	19780	16964	12821	11726	5486	8100	18460	2842	942	15491	6537	19991	8583	17888	1336	15784	13563	17120	12821	3202	17007	6057	942	13818	10672	7407	2555	17951	10856	2618	13092	4700	3720	1926	1336	13892	1744	15784	19435	5784	1336	17142	7407	9159	10462	5784	8129	8252	12168	16986	13573	5205	6057	16130	2618	1320	15491	12698	17007	5204	8252	18092	7529	6537	5784	8252	942	18107	5205	12840	18938	8252	7245	18092	12565	5486	6616	12840	13563	10442	8706	19991	18981	16624	10616	13092	13818	942	8252	4700	6057	3720	16130	7529	5785	16624	19991	3687
17557	14226	5785	18938	7250	17120	18088	2210	11587	15108	18997	10672	17293	17120	11521	15018	11728	19842	6616	12521	2996	17007	19780	16964	17280	13092	5486	12698	2618	4048	19991	12521	18092	3202	18981	5477	15731	15773	17142	3871	10462	17951	18343	12565	17951	4048	12521	15018	5486	4048	19780	17293	12921	12521	13563	11901	4617	2555	7529	12078	10442	8252	7340	6710	18938	5205	18107	18799	10298	3687	19842	15784	6057	5204	7529	1129	12698	10442	12698	17293	10080	14360	15108	18092	10080	15795	7870	4048	11521	12565	7250	15701	17142	15018	18460	18799	17280	11726	1744	18092
13177	9756	17142	13092	10442	6616	12698	12168	15491	10080	12840	11726	15731	6537	8129	9756	19517	8583	11521	15018	15018	15784	17142	18107	18938	13892	18343	16986	11901	12565	1129	11137	7728	7407	13818	16130	6616	6057	10672	18092	19780	15491	12648	15784	10389	19991	3871	13573	942	6537	12565	2819	18981	4700	18544	13092	16130	13563	16624	19991	12521	12648	4048	17007	12821	5477	6710	15108	1336	12698	16964	3687	9378	13092	13818	18938	12078	13563	1336	12698	2842	4617	15491	7245	3871	5204	942	11901	18938	18799	12565	7250	7340	10616	7529	3202	7250	15784	15108	18455
19195	11137	17951	15795	12840	15491	3687	13563	8252	17007	5204	9756	10672	18107	18088	18799	7250	10898	2555	11521	4700	6057	1926	3720	10442	8583	17888	975	9756	18544	11137	1336	2996	13092	11728	6616	19378	18343	19780	5205	11728	15795	7340	7250	17142	15773	6616	18092	12565	13892	9756	12698	3687	18343	15795	12078	10616	2819	10298	10898	19195	12168	11521	10856	10462	3202	19842	15701	11521	9377	18981	7870	12078	2555	13177	9159	7340	17120	19842	5785	12168	18799	975	7407	8706	5784	18938	19842	5204	19195	18308	18088	10442	12698	12840	17142	12168	12521	3687	7870
13892	12698	5486	1926	11726	5785	12921	1744	19195	9377	19517	18544	15784	942	6057	15701	18343	5486	9255	19842	8583	11521	19842	10298	15701	6057	17557	1320	13563	17142	17293	10389	5785	8706	14360	3687	3871	2210	5785	18088	18997	19435	9756	1129	10080	11728	11587	15795	14360	17557	3871	18544	17007	5477	17120	10442	13573	12840	17888	12840	2819	19991	17120	17120	10298	19991	18343	19517	1129	13563	18544	17557	8706	15018	11728	2210	5847	12521	6710	12821	18343	6710	9159	11728	12648	7529	7072	2842	10856	7407	7870	18107	17557	18092	7728	10298	7340	9255	18544	17120
5477	15784	7529	9378	17280	7728	1129	8706	6057	19842	12521	1320	11901	5784	975	18092	18107	15731	17007	1129	6057	11137	1320	975	12921	15108	10298	18343	1129	8129	12521	15773	8100	18544	16964	7245	4048	11726	3687	10616	1129	3687	18799	6710	8129	1129	17280	8706	1926	7870	7250	4617	11726	18997	2618	8706	5486	17007	6057	12648	1744	5477	17293	13177	12648	15731	17120	6616	9756	1129	19378	2819	11901	12698	10389	16964	1926	2210	9378	16130	1320	18938	10856	10898	2210	14360	6616	14360	6057	1744	18981	10298	10616	18455	8100	2842	19435	13573	8100	6057
7340	15795	10616	11587	13563	15701	18308	10442	12565	1320	3687	12840	2996	1320	15731	1926	8706	10389	10298	7340	5784	9378	2618	13573	14226	19991	11521	18981	12921	18460	18455	7072	17557	2555	2210	12078	10389	18088	11901	1926	7870	16964	8252	17293	13092	18981	19378	16986	19435	5785	5784	15784	10898	2618	10898	8583	10442	16130	11137	2210	3720	11726	12821	19991	3202	18088	14360	17142	1744	19842	14226	7245	18455	15773	2842	10462	17293	18460	13177	18981	12840	975	9378	2210	17951	18343	7407	12840	12648	2819	2618	18460	17888	5785	16624	5847	18343	18938	8706	1926
12921	12168	8100	10898	18308	18460	8129	9159	18938	18343	4617	12565	5204	10616	19991	3871	7407	6616	10080	16986	13092	5847	5205	12565	8100	12078	19991	15108	5847	7245	12168	6057	10672	17293	18544	13092	7245	18460	11728	942	1744	1744	13563	17120	3202	19517	6537	7340	18107	6710	15784	1336	3871	2842	10080	16624	8252	9159	17120	15491	3202	17293	15701	8706	19378	4048	1320	3871	17951	5204	19435	13563	15701	9377	15773	18981	13573	18088	18997	11137	11137	12521	12698	12078	17142	1744	8583	13177	15795	12821	5205	18938	18308	17280	11728	19842	18981	17007	4617	11137
16986	2210	16986	16986	10616	12565	4700	6537	5205	9756	7250	12521	2842	9377	7870	6057	3871	16624	2842	16624	1336	2819	19195	10898	2842	4048	5784	11726	11521	6616	1336	975	16130	1926	8129	18460	16964	13177	19195	11728	15784	5785	14226	975	18343	1320	12565	5847	975	4617	6616	8583	4700	19195	19842	15018	9377	13573	7870	942	8706	7870	19780	13892	17557	1744	9255	17557	6537	17280	7870	10898	13818	9378	19195	19195	6710	18799	17951	13563	8129	15491	12840	13177	10616	5477	19517	11726	9255	5785	6616	14360	12921	2555	15784	12698	12648	975	12168	7340
18981	3720	4617	16130	10462	8706	12521	975	7250	8252	18092	3687	18343	13092	12648	2555	16624	3720	12565	13573	10898	13818	15701	2842	18455	6616	14360	7728	7340	10080	11587	17007	7072	16130	10616	5847	7870	12168	13892	13892	18092	3871	1926	13177	13563	1336	16986	7529	10856	7072	14360	10672	16130	12821	16130	12168	6057	19780	3720	13092	17293	12821	6537	13818	18455	12840	2210	7072	9378	4617	9378	9378	5205	1129	942	11137	6537	1336	5847	15773	18107	19842	7072	1926	12565	13818	4700	17120	942	1926	5847	7407	19842	10898	17280	16624	16130	16964	17888	16986
6710	3687	19991	13573	7407	12698	17142	12521	5204	18308	13092	11587	12698	17142	1926	17120	15795	15491	18107	8706	12168	18997	12648	17557	12521	7245	12821	3687	17007	7072	19780	12840	5847	15018	5847	1744	18460	11521	18997	15018	7245	9756	6616	1926	16986	15491	5785	8100	10616	17142	7072	17280	942	11137	7407	13177	10462	13177	942	18997	11137	2618	9756	19517	5784	12168	7245	7340	3687	10616	6616	18088	8252	10672	12840	18343	8100	5477	19435	18107	6710	5847	18460	7340	15731	5205	2555	6537	12821	10856	7072	7340	9255	16964	5486	11137	10080	18092	13818	3720
2618	7072	15108	17951	3720	13563	12648	13818	12168	12698	10389	17557	5847	7245	3687	11587	19842	5477	19842	13092	8252	7870	18308	15784	12168	4700	7870	15491	15108	12521	18460	3871	10856	2618	6710	2996	2842	10672	9377	17293	17951	12840	17293	3720	15491	4617	8100	10389	5847	17280	10898	1129	5205	5204	10298	10080	4700	19435	19517	18455	2842	975	15491	5785	17142	14226	10616	5477	18092	8583	17888	12565	9159	10898	19378	4048	9255	13177	13818	7245	3871	7529	3202	9378	7245	17557	13818	9255	10389	18460	17888	11728	12565	2618	15018	16986	8252	18455	16964	11901
5486	8129	7340	9255	1744	3720	18107	17888	12698	12565	5784	18981	8100	8252	9378	9378	2842	2996	15108	6057	6616	12840	11521	15773	18343	19842	12565	12078	17142	4700	4617	1744	19435	17120	18092	19435	17142	12698	5847	2618	9378	10856	11137	19435	6537	7529	17142	5477	12840	17120	975	8129	10442	12565	3687	1336	7250	7250	15784	15773	13177	17888	18455	6057	8706	8706	19435	9377	11728	10856	18308	12648	2555	2210	15018	15773	13563	18544	17888	18460	6057	16964	13892	975	3687	1129	2210	17142	18981	7340	5784	11137	19517	18981	6537	19378	8583	18460	975	12521
17280	16964	12521	18544	13177	16964	18455	18088	2842	6057	18107	19780	9378	12921	15773	11137	12521	11137	4048	12821	13563	19991	18938	17142	17007	2618	19517	7072	17280	15491	9255	7728	8706	9159	18460	12168	19991	17142	5477	18308	18455	1336	2842	7870	18799	7250	4048	8252	9159	6616	18455	1744	16986	4048	18088	19435	10672	10672	18455	18981	15795	7529	4700	11587	9159	9756	10442	13092	10442	19195	6710	14360	7250	17007	19991	10898	17142	10856	11901	6057	19517	1129	7340	16986	15108	17888	15795	5784	7407	4048	16624	7870	18088	18997	3202	18544	3202	18799	18107	2819
2819	12821	9378	7407	17888	18455	10462	4617	10672	14226	6537	17951	4048	12698	16964	10442	4700	8252	8706	11728	17293	13177	2210	2819	4617	10898	3720	5847	18997	1129	3720	7529	9255	2819	17007	4617	18088	5204	13092	11901	14226	12078	18092	12168	18544	19435	1336	13177	1744	14360	1926	3687	2555	5486	14226	17007	1336	18981	10856	17951	7728	9255	12698	11521	1320	6710	7340	10442	4048	5847	15018	1744	2996	19991	12648	18088	15773	5847	10442	12168	9377	12840	12821	6710	16624	16964	18799	4700	1129	19780	17120	5847	975	18308	11587	2618	7529	10672	18088	15491
10898	8583	1926	17120	18092	6537	10298	18092	11901	942	1336	2618	8252	5477	19842	17557	11521	16130	17280	12921	10389	12648	19517	15701	7250	5477	11137	7529	19195	13573	9377	5204	18544	13892	1336	17888	12521	12840	9378	19780	2996	13092	17888	10389	4700	17142	8252	12078	4617	11901	17951	17142	15773	10672	15773	7529	11726	16986	18981	12168	8583	18544	11726	7340	6710	12521	12521	1336	18088	9159	4700	7340	2210	12821	13092	15784	9159	19195	18088	2842	15491	7245	18544	18981	942	15701	10856	8706	10672	6057	10672	18092	18092	8706	14360	10462	18938	16130	7340	3202
16964	13563	8129	3687	7728	2555	17120	1336	7340	18938	19780	5847	11726	15108	12921	15731	10856	12840	1129	7245	19195	16986	6537	7245	2618	19780	9378	2618	1926	10672	11728	19842	15491	4617	5486	18343	12168	3687	19435	5785	9377	12565	15731	8252	17293	2996	1320	12698	18799	12821	18981	13892	10080	1320	7340	8100	12168	15491	2210	9159	15773	19517	13177	9159	12698	17888	5204	19780	12840	15491	2996	12521	19435	7072	9756	6537	10442	18997	3202	3720	15108	10616	10080	12168	11726	4048	12078	6616	8706	8583	8100	2842	8100	1744	2996	10389	7407	1129	1926	9378
