7847	13726	19406	8845	8601	15865	8743	8664	1181	13249	14009	780	9970	18843	11261	1257	10658	2513	9669	9798	12635	1580	5996	16019	6189	19605	268	10102	8475	12073	12200	14432	13752	15170	11103	4560	6021	11271	3347	19672	4409	17655	4105	2084	4724	14570	18394	13034	15427	3596	20012	14696	1106	13337	8622	3561	7889	6526	10321	13842	12966	18257	566	11250	13075	12554	1357	9733	2510	8529	2623	2603	1519	8664	1123	17834	11029	12880	16905	6766	10617	12315	18281	300	11803	5606	2359	3884	4216	10369	18181	9654	10659	16612	11096	672	18196	16606	4734	20160
14806	13469	782	18598	9794	5196	9528	13031	12577	18873	16233	20197	7940	15723	3245	949	12161	10894	13233	7229	16650	12539	13736	12200	2705	18264	12175	9876	3596	955	3698	7132	4481	9869	18712	14453	1611	4308	1471	12161	17210	14262	4494	5576	17807	19681	14304	2348	8933	3376	3259	8960	4076	12097	7824	9891	5165	5226	18694	13378	2926	6670	337	8595	7824	4216	13054	15751	15081	4525	18905	5915	9622	11103	5801	20106	5744	14446	13133	1872	1513	13665	9794	12510	16139	2889	7105	7950	5739	10966	6685	665	17815	16222	5315	17015	18233	2258	567	8723
5435	4181	17700	13031	3823	12604	2801	10056	3923	14304	19254	3317	12794	2798	11015	3376	4008	12179	337	4286	8634	17725	11864	15894	389	5156	19874	5703	9237	2170	7161	14736	3999	15538	20201	6396	3725	4090	15443	19056	1936	15427	9622	9745	15587	10617	16926	2918	6070	2412	11261	19512	17807	2939	16064	11742	3476	14113	13095	4794	6418	16370	15783	10261	13752	14843	17177	4164	7502	11021	2015	12011	8705	10041	2623	11470	10940	10336	5321	7780	6655	13067	5435	5247	20106	18181	10136	6675	2607	542	19847	8457	18252	19464	5203	2074	8949	10690	9982	2303
17458	10740	6399	9009	3786	9328	2341	1157	11550	2289	15948	861	5368	1113	787	9943	6270	274	4244	5488	16085	18657	15719	9427	4233	2507	10077	3819	11369	11735	5872	3938	6176	11531	7270	5696	16247	19775	8451	5050	3042	7962	11230	16219	13282	17409	11197	18267	16484	16091	17019	8019	11750	14559	6031	7465	17497	12122	7705	10774	11631	2763	11668	17811	18661	4012	19755	10376	7830	15765	14650	18467	12477	4374	4833	8585	1508	749	14463	8964	10008	3591	16042	7782	10453	14312	157	12951	15434	11130	14862	7885	8547	3113	11406	6651	7007	888	11472	16105
12449	9682	19224	13401	4143	11650	4445	2884	6380	10803	19310	3273	14394	17479	1993	17675	16143	11482	14698	17597	8731	14119	730	4581	13244	16047	15802	13231	5437	4446	5675	12230	16	2562	6216	11811	7784	11559	12733	4026	5959	3661	12207	655	1843	1198	1459	20050	6972	1002	6759	137	2591	15038	18703	15150	5538	8860	14681	19656	19954	6919	2970	5437	17097	18861	4521	1353	4103	15581	7630	3305	16862	20191	3635	18691	8916	12910	1001	15373	7656	2134	14663	577	15798	18429	13236	16343	9319	4396	9027	14631	8302	5279	7493	6414	18030	2502	6292	18370
836	8655	406	6137	19437	8053	20203	8278	11313	5584	2068	3784	8683	16185	15474	18678	302	12339	19769	14156	12496	1275	5252	15203	12393	9078	7386	1896	4408	12657	1010	5580	14426	16367	8508	1004	12718	11670	12038	17176	15905	8051	4069	9797	1035	6128	2150	11805	8426	12585	313	17915	17426	1695	10353	20119	14896	15551	7274	1405	2876	11788	1111	18957	18699	2803	10917	11040	14271	8942	4983	18474	16728	6347	15039	11559	19030	4391	9701	5732	18408	12152	14513	8433	18940	7679	7102	11135	7173	20158	15689	13385	5470	12353	13155	8053	13073	1396	18135	9230
13146	1264	14861	19882	16827	3291	17912	9450	8405	18012	11136	9648	19741	19208	13405	3644	17378	12434	5461	3571	20202	14988	10219	10692	10072	4910	17683	13511	19320	6087	3400	20175	14674	2121	2787	10818	14312	5646	1372	7696	14670	19141	3669	3737	12393	1799	4291	6470	7310	11197	4601	6741	5169	12123	4036	4722	11159	9619	11623	4578	12645	7380	2649	9534	1411	14810	5728	3555	7475	7281	6842	7052	16864	8343	5997	3052	6791	14727	9109	16852	11924	15646	4036	3944	8272	11326	8045	11601	17864	17879	8189	15743	8415	10296	7483	2186	8363	11165	14193	6467
9621	7988	9793	16178	9033	17138	18274	5726	723	7719	8104	2945	12923	2993	11062	16575	17156	4501	11355	8442	9270	18519	8365	14546	15916	13966	14594	2	16049	7575	16084	14745	5306	9655	14183	15217	12654	9375	1921	5884	2821	19988	4146	6544	4176	12158	11232	4546	1155	11527	466	16493	13238	17484	7313	3750	3868	12739	7566	7066	19006	17424	17443	11826	18646	9041	2488	16635	1438	1860	493	17346	11254	14133	8519	17562	10556	14166	2820	16074	16425	1858	8251	4424	17097	11481	14559	8159	16206	5749	6004	10426	11070	5603	11098	18409	12815	9807	9687	3546
18699	12542	10070	17333	20134	13441	10890	7273	7385	2361	12634	1828	18652	3586	10837	991	4242	13405	14780	14427	8930	18825	17385	11143	13809	3988	18512	6772	10923	12333	13525	19455	4353	17786	6346	19732	4006	12392	17114	11870	16982	17322	3445	13966	8857	2491	935	15415	14260	8196	4121	9521	5612	17677	12776	17836	1089	6145	10651	798	439	9254	8012	3320	19889	236	19508	6030	4255	15923	14380	12552	4951	1457	5779	14955	11290	505	16326	3078	16634	19658	4773	11636	10859	13341	5433	17932	17346	9179	935	4791	12224	15439	5499	10026	12919	2777	9443	16833
14593	10183	13857	5387	11275	20149	13317	19472	12230	16108	7857	12300	5260	4012	13912	13417	3020	19255	12431	12021	10303	10901	9775	18534	18898	15677	4957	8349	15178	15439	11205	18871	12914	14907	5284	2836	5219	7501	20065	7239	11444	13557	8881	16487	11764	14345	17355	9121	18779	16235	9164	17570	9780	18506	1827	5327	1110	721	19597	18662	8484	3880	7646	14698	18315	1125	4501	13678	10879	8339	3798	1063	15469	17228	12474	5858	14885	3229	2070	4001	15338	8686	19256	11277	4894	6319	18730	9861	8183	85	5725	15811	6919	14242	4390	6266	17845	2755	19747	6201
19193	525	1346	16703	16409	2660	7167	1163	9766	17150	19747	2679	16908	9962	1384	8440	6163	14890	11954	11932	3591	1901	11387	19581	12690	7998	2413	5612	279	18727	13389	15034	5899	15914	1986	4916	2945	10968	13374	5795	12204	18074	3059	6426	19221	5211	14069	13332	9006	8522	8911	2072	11000	18501	8266	19765	3792	16409	16085	13672	5170	5450	6301	12915	1105	2495	5850	6049	8200	2398	18833	18481	1185	11105	2765	18767	16255	7857	18329	6373	17570	18764	857	16699	6838	19703	17649	18261	8277	8342	15551	2081	1949	19505	18367	13678	10653	438	10206	4672
18854	9101	13358	1596	14513	1417	4160	9951	19976	8138	10047	14101	2435	12051	13492	6367	4773	16878	14087	16228	4723	4953	15403	15135	13621	6541	3735	14306	7838	3339	4902	10065	16016	20104	4408	5354	13281	19330	8812	10085	16309	5061	16191	2868	13078	5837	4706	16310	5897	19858	8697	11434	19359	2291	6672	16320	13050	6969	16369	6812	14326	14605	17423	9950	1685	17126	186	2457	1844	8606	9541	7723	14559	19658	10049	8214	11948	9595	7142	9200	13448	2759	4919	3036	10223	11821	1516	18072	7120	8816	12892	20130	7290	3204	410	4646	19919	13496	7281	11010
7727	6199	3943	8599	8304	6360	5087	16178	9282	286	5658	11799	7651	13685	17277	19457	16817	2693	9435	868	7196	15931	4785	10175	7930	3847	19004	3509	13397	11270	15258	16054	1182	11880	5843	14708	2078	16611	12362	3132	17730	1248	19110	10431	17340	20150	11321	1017	3055	412	11373	2248	18382	15909	7394	7371	2686	5837	19589	7935	9389	6332	7844	6135	7020	12251	18526	678	17019	6192	16655	13365	12822	8863	4201	8147	1085	16401	6990	17728	17923	18854	658	3219	18433	12072	2501	9522	13143	14783	15797	4253	19695	18780	3710	14708	7621	20039	16527	14778
756	505	10595	10843	8896	8078	1042	2998	18472	13929	10549	59	13122	15315	99	15631	18370	6212	16066	16827	6212	16336	17093	15374	5685	15957	10428	7206	538	15887	2859	7213	8444	7067	208	13570	763	4968	4527	12808	5953	8286	10711	11358	10806	683	3004	14546	2636	19536	7845	8254	20013	765	14159	12786	13225	7588	9176	1378	3131	11370	920	6403	15145	15579	11753	6085	18097	15368	17814	4088	17051	15082	2480	2209	15235	221	5426	15909	14045	18738	10805	16087	8776	20020	13555	3104	8286	18188	13392	13250	5895	1853	8101	7417	10730	1462	14022	15313
3954	12557	7366	11353	15428	9814	12741	10087	17856	7808	12695	3986	6163	10109	10781	3283	13264	18622	2721	8994	19664	790	11300	6067	3205	10595	18808	15589	4250	5497	12434	4054	9118	5070	18192	15400	13324	3883	5879	16205	17431	5652	12030	388	19019	5015	12962	6208	19405	6038	15312	1121	3966	4266	8631	13154	552	16471	3710	1026	5467	8538	1510	7035	18250	13453	3267	8147	10982	10373	11918	5937	16934	1710	4365	3163	19690	3128	2206	1251	11758	18539	11892	2031	15314	1993	6930	9688	10979	7952	11453	18379	7921	2759	7630	13610	12967	19025	18913	11900
2232	423	9177	11236	937	4093	10945	78	3742	19915	19600	18737	7356	18829	19613	11244	13930	9604	7727	130	3881	15116	13111	9411	18781	19714	8253	2993	1511	7816	4566	5500	10818	17028	13805	14380	12923	11058	16382	6207	6137	11438	12278	5617	18681	2059	3461	1877	7255	17432	12923	9920	1704	3428	3534	14763	5521	5583	5632	10384	15323	14812	1302	19538	3132	16782	16380	10552	5138	10947	18872	1993	10411	9731	11051	1865	14625	1169	5373	12611	1961	10065	14787	9752	10837	223	19171	7150	14895	4847	6366	1822	18361	4191	532	18248	375	16633	1957	11225
20131	9009	11739	17635	12159	10452	19566	2787	17438	4803	10700	7682	6490	12621	3428	1654	8637	2229	14770	5882	815	3696	19123	18235	3044	18274	4999	7288	2871	19667	7926	6838	9768	13753	7237	8397	12512	4894	12953	4635	2440	13990	6638	13648	7176	5271	19369	8988	2354	1248	2777	18650	10746	9655	13841	2123	13661	14590	8774	6943	16378	3060	17035	8770	11552	14558	6471	7408	2206	406	9448	7387	5109	10606	19529	5045	9911	1243	14633	11968	6774	16695	11520	13702	5070	5872	3128	2251	20174	9818	19904	6577	6149	8068	8956	19774	12536	13106	17190	14386
12804	19516	11051	8282	19772	12905	9562	7607	7642	7444	4835	8654	2060	3268	8544	10845	9941	10736	10999	3409	13127	17945	16478	1773	3758	1363	13038	9969	17563	12138	18265	10910	12492	8147	19142	258	9218	11537	19158	18919	13227	5673	16271	14988	8110	10934	15448	17727	18499	170	15821	2376	19264	9979	2586	16914	15830	1679	18548	7256	16841	7837	10473	4384	4772	7820	12477	8318	12393	1726	14268	15579	8942	6935	1190	10291	12945	9257	5939	15804	3846	19715	19810	6291	4022	11296	1044	10166	3023	8551	1757	6598	3005	9559	2004	10759	1924	5369	7842	16548
10033	13168	12325	14458	16657	1828	11448	9569	14980	19816	13370	18192	15152	12590	13963	9351	1843	11853	6321	5126	3543	5935	9815	4873	5461	8942	1673	4230	1115	7212	7608	13245	6161	11331	5052	8272	6580	12767	13389	14780	16516	8615	19509	19350	10248	17239	2874	10903	6140	11443	18001	10109	1876	12120	1022	11917	4945	17970	18728	7167	2839	19461	4489	13797	3165	13343	17553	12281	16264	16919	9036	6287	7935	8339	9459	5157	12742	3311	9761	1796	8606	763	19333	13687	6531	981	14977	10993	2451	5157	1630	14933	13218	15416	10693	3405	10257	3242	9699	14425
4635	17906	1180	12310	9399	1753	1669	14208	7985	2354	2588	10732	5494	5746	15579	17433	1915	19667	1432	760	9504	257	16518	15880	18948	16617	12602	808	19939	3084	5888	18611	9582	3651	2778	12833	5705	18322	9555	5433	19116	15160	10074	1886	3168	12777	13089	919	1124	1780	6586	8566	3640	10237	6287	1734	755	4327	17313	1180	9989	3261	1969	11299	17446	5039	13963	8566	13476	3714	4021	19726	14137	11923	3441	3354	6461	18103	9688	18738	15374	7783	14092	117	9796	17620	8292	3579	6285	5645	13508	12782	1796	16860	9434	15509	24	7701	2595	13518
9184	11583	7014	16345	5159	704	14245	8071	1356	13906	6067	16675	5057	10757	5570	1796	25	11561	4634	15440	11230	10764	6489	19899	645	17527	17433	17663	12297	4447	11505	15456	17506	19851	14709	10077	263	17893	7314	15554	19516	8838	4751	18188	3177	10688	14187	11451	17707	16249	271	5610	10410	7952	8429	15988	14364	10201	3824	3526	10710	4455	3838	4841	15687	9103	7358	9934	16255	13483	514	20087	4619	7808	12117	3907	9830	19804	13468	894	4475	2871	15898	12583	6239	8432	12479	17086	184	4459	18679	11228	1673	11969	18152	3774	14049	19892	7990	18467
11772	10085	13976	5347	3339	877	3253	3680	4668	2526	18820	7422	7045	20086	2271	17154	8959	17518	8277	3717	6117	16390	305	6080	6192	7380	2571	14723	4769	17281	4479	18778	16723	12950	8101	13982	19177	2072	13072	14761	19163	15428	1988	13853	19932	13758	12019	7754	14513	19400	19179	15958	12672	6539	11369	6166	6480	18425	17979	4029	12167	9623	14656	20110	1975	12558	15381	15796	14356	15636	16276	19364	15489	13323	1869	7400	636	2955	6187	16505	12583	8201	19834	9984	10814	16790	10606	11678	11696	18661	8352	7379	17204	8471	14815	6241	1104	2081	17639	3334
2498	4060	14151	2876	14952	16457	17424	18354	4479	15424	9271	11439	12654	8540	7483	19469	1862	19597	6882	6140	9768	4032	2472	5182	11200	4649	14179	8710	7345	11110	10512	12974	10739	5933	20065	3010	16510	19015	9246	9394	19785	13106	7515	8863	16385	2349	17163	8304	16043	12988	6992	4447	188	879	16390	11352	18299	4123	2504	15235	17785	4773	2212	19163	15209	1819	10067	12393	11419	17494	10502	10564	15502	2281	3051	12363	2043	15896	18725	4152	9635	14670	618	9166	16877	15204	12673	13968	20177	15955	17543	6508	3685	9644	19076	13476	918	3836	17451	17227
18730	7282	15829	19533	7929	18534	9047	10472	18557	9064	17868	4495	19469	13105	47	3846	18696	19866	10163	10565	2370	15802	7436	18311	13471	9597	11113	18624	4933	6373	18833	4029	2208	1600	3571	14292	5379	3546	16117	10342	18232	12791	7758	16182	6985	3969	7744	13984	19716	9457	12187	5709	13513	3087	10326	5877	284	13865	9933	15479	5399	294	17662	3105	16903	15144	8639	2286	19785	14512	6072	13430	6557	18333	11968	10049	8748	7951	16835	17391	14714	858	18507	3564	19270	16092	10001	17431	8454	19151	13557	5042	2767	6612	14773	7355	18074	7967	13227	7375
4204	11452	243	5380	3219	18881	8893	14658	19583	20152	18113	79	16670	10000	109	15212	12143	7312	18135	9258	9854	5240	13000	9514	17786	6031	13228	8889	10431	5957	1337	9518	13790	9253	4311	15097	14820	8431	12776	694	13417	10590	3137	1479	15717	4435	924	7353	433	6205	17926	14023	6827	3365	899	17389	8917	3645	2514	8051	5783	2664	16630	154	13687	18647	7109	9453	17119	11340	1749	6171	3866	19646	8711	5371	14327	2793	9932	16780	10528	20198	4153	14646	5761	3899	9073	12848	9354	10999	3976	12829	3526	2477	1642	8358	13375	5635	19239	9432
13281	16148	1769	5714	4647	4772	13478	15739	4282	9523	17410	13319	485	10525	13060	18902	14945	3114	19855	4731	14957	15474	350	8071	17840	8862	8092	16598	6477	9422	5169	6371	13001	8477	13398	15047	14756	8520	41	3272	13101	12922	19270	19778	16108	3079	15156	13203	9291	5082	12352	7150	13505	17397	16881	15702	802	11815	10045	2143	16276	19882	6197	10274	16443	8797	5068	7079	3673	4784	5405	16771	16461	10782	7152	16817	18376	15373	16048	15348	8358	13481	3608	12836	13008	756	10569	4766	4386	19719	9028	2974	16840	2470	10011	19513	15060	17714	4781	15114
19850	12126	1431	6758	491	950	13987	14967	18538	5808	5274	14378	3910	4793	7052	10833	14413	2221	3059	7893	16999	14960	11228	215	12898	483	14261	15502	19757	15503	13587	124	636	18387	11424	12932	1518	1166	19734	17770	7527	6031	15717	12405	9736	162	11141	6463	13555	11944	17735	6149	18747	15710	476	19180	965	7656	19822	10693	11337	66	13265	11400	14524	19782	13713	8315	9967	5811	6056	6096	7783	15014	8453	18589	7357	1642	12652	15692	15511	11586	3374	3533	17547	9070	14713	4804	6067	4351	16730	8360	5957	7314	144	11160	13947	1250	19574	1844
12593	82	11047	4498	7616	463	2749	14802	2524	5116	19596	11822	11513	423	18432	15162	15331	1973	4269	18280	17966	18764	9251	15260	4117	1718	17545	14429	1438	11327	9461	17217	9429	8205	7050	7784	12405	2803	904	5566	14871	2894	7359	19332	12749	6967	333	11324	10665	10430	15082	9168	4448	12194	10108	4763	2087	3726	11972	2828	884	8606	3444	10993	19455	10622	2293	1457	905	10919	3667	7891	17804	6234	19326	7869	633	13123	16676	16800	17148	7082	17871	11504	16913	8907	8172	8234	18794	11870	19898	3515	1005	4561	17409	11441	9232	15727	6937	8077
13403	12136	3961	6117	13115	8541	534	3677	12781	19699	15444	10945	15228	17962	15370	11640	3257	12932	9456	19342	9846	9048	426	9652	1126	15025	15588	19257	8847	5636	1299	450	10469	6020	15871	19992	1743	18796	7066	5252	17322	13287	2669	16177	11262	18084	7916	16957	2426	6358	13347	14757	16306	366	9251	6104	18001	5229	17490	6031	12163	1432	1491	17597	10049	5968	7375	13539	9461	12212	4074	11829	9557	6331	17426	1655	8369	13397	2236	6459	3374	18154	18006	17907	8925	12148	3180	1363	5496	7466	9199	15154	12178	19243	14515	4611	9328	14095	17962	18869
2106	7133	9915	19022	3639	11971	15517	19556	15473	3076	2965	8142	4421	16522	17375	1949	2035	16694	18728	9782	16466	11775	5724	1961	10881	11583	1734	2349	12988	4369	18061	4579	19629	14429	16927	16228	5317	12637	12214	12092	8556	12998	6188	6845	11003	2430	8480	5800	2596	6257	9172	3942	17350	13532	2691	18836	13365	1054	17086	4946	14985	10836	12758	2550	17158	9579	1803	1202	9782	15732	5231	4980	6239	7898	11820	2496	6188	4793	980	17362	1111	8766	1173	16275	15288	13822	9518	16598	3881	10773	4312	5834	19193	19905	3696	16840	1983	16431	6934	2541
17918	14102	8240	3951	19864	8766	13790	3814	3354	2676	17259	15634	7765	16802	4521	16585	7308	279	17870	4746	2965	7385	11835	16121	1141	14544	9262	7918	5450	11441	2927	16240	12382	16249	9436	16344	8313	4699	3962	7035	11338	9797	14876	19588	2192	5895	14007	18121	694	1007	9621	8709	7912	11965	7722	3653	6411	8745	10585	14818	14927	6009	2838	2515	19570	5840	3086	7125	13068	9852	17931	11288	12433	9403	11452	17658	19941	6928	3766	19292	12927	3680	14186	6018	19032	19443	8226	15371	15641	11708	2787	7840	3760	5586	4295	19462	14581	8587	19627	4969
7999	20104	10099	19989	13012	787	4899	5516	14336	16205	3954	14979	2470	5706	15227	16562	18677	14651	13170	6677	14533	14981	7374	526	11811	12520	9861	14461	2534	17075	314	19251	6738	15404	19822	12674	15352	8145	8223	5650	12257	1265	18740	1311	473	7686	20176	13948	11121	19848	2994	9682	19117	17638	602	3796	14841	1135	10356	78	2506	18036	18310	9519	11902	12755	16817	6115	20011	11615	17354	10482	6663	16469	16410	10097	2111	17384	7616	8832	18427	12405	12209	18844	6153	249	199	9579	7107	13166	17921	11614	4878	14099	2322	3652	4163	17733	13917	13540
15988	17496	10842	17833	15717	6248	4461	4743	6807	14768	9423	5950	12464	16098	17609	1359	8818	7197	417	14659	10022	2642	16669	17779	3001	2004	5398	17272	3285	9824	19342	12106	2334	7298	109	16247	14643	5990	9086	5086	9854	17183	6791	10312	7794	14033	11414	7236	15488	12657	8738	594	735	13186	16308	1251	12254	19856	10600	13030	135	4717	2458	4953	13304	14818	3788	14179	17309	9435	16462	6596	1515	12265	239	16067	1403	3750	15233	6374	10691	12673	4867	17453	19513	16320	3216	20022	3889	17166	4951	4983	9608	5136	2868	17520	12443	6117	15511	5065
19583	7082	174	15942	5304	9645	17353	6855	3012	14418	14611	16927	4817	20133	3857	11618	5491	10685	3769	9896	983	7012	9831	7228	11155	3010	1875	2367	11538	14877	14922	7000	17962	9014	9048	20138	12427	17042	9736	19437	13843	18028	9189	18714	5503	14993	14608	6998	13586	5026	3911	13482	9232	8916	14987	15563	16117	17160	14940	16575	6224	2222	3617	17476	1445	7747	9837	3696	13903	3593	13685	5109	11896	16436	774	14966	6446	16871	18860	7743	19610	11301	9854	20055	5566	7384	8241	15225	17341	8461	14833	12980	18236	13374	9245	14392	2441	2223	12754	15364
12875	7152	2687	9817	5392	16555	15990	14756	4165	15357	16645	668	14574	19164	17689	6914	10110	13327	13405	16174	7555	12661	5834	5409	484	1997	4732	7062	2223	14179	8469	6565	11435	2260	7027	1912	13203	12149	12782	426	19667	7018	13617	7934	17615	7257	12	236	14418	3507	494	4838	12812	7968	8774	2993	10254	620	2853	11268	13173	2676	1515	4612	5338	5956	4407	6379	918	17862	13753	15823	734	8234	18012	749	14852	1637	1074	11768	9905	13471	19920	447	3827	5180	17304	15034	17246	10667	8983	9607	3966	8523	1051	7597	1415	3945	8394	10688
2695	3254	19525	6360	3732	10834	16991	15960	19996	19846	5910	6394	8994	19755	11707	7833	7216	3723	3656	8548	4886	7	2911	12617	17041	81	16593	1870	10872	6019	15695	5296	6008	3880	9965	5503	16845	6406	4763	1356	13673	4209	484	2699	19737	4098	5912	5349	15521	19292	9850	5989	10035	18362	10109	8124	10338	1656	7295	13894	7480	19364	10077	4098	13723	689	9664	18563	10365	11837	2534	4040	5357	12255	14079	14674	9915	6264	13570	9362	4562	15148	19618	10761	6649	3510	18680	11226	13368	8127	5901	14981	8080	3203	10614	7066	1542	5829	14250	16306
12192	17097	6568	18964	18012	3110	14681	9325	7200	12166	17923	10618	4028	18885	14817	345	17091	5164	11402	5399	3755	19765	523	1381	16545	8342	1684	7033	13769	19535	17246	19164	15514	18639	7745	10551	798	4477	5277	18421	10174	11657	11329	17760	2803	4731	14302	16006	7217	9513	16121	17567	7740	3940	3305	19552	5254	11843	2152	9093	6124	17183	5209	18111	15705	15597	18	18466	1999	1992	9561	18174	19810	3777	5417	8001	5162	14581	2035	18309	16016	18672	3311	5538	15317	11581	7784	786	5639	4704	19017	4001	3808	1227	3042	996	11879	5112	408	4265
10801	13515	11352	8019	8443	12258	6937	19581	4182	8999	9604	7465	7266	10448	66	3694	10798	15988	3030	1265	5790	5595	12580	5463	16084	17927	17141	2774	1364	6404	14581	10142	120	19634	6683	13669	136	12638	3294	11431	18716	16274	4822	3177	10157	3169	18446	14273	14846	3079	8719	11247	4776	10509	8209	12316	19110	5483	10409	15772	11902	2693	16666	9079	15457	9210	8598	8316	5867	10509	2882	1849	3143	14398	7678	11138	6179	1157	6930	3036	6559	4078	10718	2617	11127	7675	8020	15503	14428	13807	3838	13406	19073	12382	8549	5347	13215	7432	13998	15781
7517	13882	1202	12434	419	2192	18199	10811	19041	14499	17309	6875	2917	16306	2275	9172	14672	13542	4369	7608	5789	14809	17146	2435	9467	15326	19624	8125	18421	19026	3278	16102	10179	11313	2338	9604	19596	13644	7022	19166	18453	4844	13885	19454	15913	78	1026	534	17308	4086	12246	9364	1327	5431	5675	7736	12667	18645	13110	17085	5554	3788	9412	18273	19264	17411	5567	12860	14080	16633	8980	5899	5327	17968	10512	9827	10469	5005	15692	13454	375	13320	10639	17572	3697	13642	12232	2682	755	12245	15236	11358	18427	8657	15406	6370	17490	9583	15676	16099
12381	16603	12953	9853	3969	18200	3680	3087	10592	2043	9500	3174	8812	17431	12801	8639	15842	17776	14064	5692	3172	12224	10034	1642	12516	13614	116	4667	5852	18429	20086	15863	15897	2871	12927	10343	1838	2107	9746	11678	17480	8557	10284	17076	10905	20129	19581	19189	19087	3393	2399	7686	10561	7660	13185	8087	2951	19598	18884	11819	11646	11156	6004	11072	8115	2651	17649	17386	14261	14730	10243	12590	17872	5969	18947	6035	9682	18070	19265	2688	9448	15560	19358	2343	13111	17169	11061	6829	14434	10463	11933	15474	8691	645	16247	1271	10047	15938	6380	9480
8204	873	19519	13260	10417	11624	19719	4501	1453	16782	14834	18753	13039	18032	5772	15326	20174	13606	6488	3287	16802	15560	7014	14053	10839	19612	18928	19520	12057	6676	2384	16205	7988	1737	5981	10268	14864	17419	8585	2945	16843	13644	15550	18101	18968	3677	18818	11153	18683	12166	10113	187	9251	10251	14265	5839	12694	4847	17783	9603	18872	12276	2368	5854	6112	11969	17673	15063	11920	9184	8511	15841	12589	9017	8008	5525	15247	10423	4956	9433	14718	14588	10068	7376	11413	11281	7752	16644	18574	807	12155	9325	9851	6094	2969	9056	19545	12405	5	2312
17878	19495	2925	6845	16390	69	4452	1840	333	9001	2916	12337	4124	2250	10503	4599	514	14883	4949	14856	18923	11458	5101	3287	8776	17092	11850	7719	2146	7979	15008	10277	9493	16080	19902	1932	3549	14515	7091	2012	17757	10076	6150	12411	1227	12650	17981	16428	8471	18657	15663	16843	15692	7189	20150	5275	15826	15054	15305	19865	587	19843	18041	7624	11222	17642	252	12426	1994	5535	7247	12162	8410	4390	3145	17586	6425	1826	7018	12199	9971	13026	2774	8983	19434	9431	14624	2986	11355	4859	19044	11308	15709	17174	1121	206	2195	6856	6430	18516
16575	1978	3289	2609	5420	12271	4948	7931	17151	19106	13037	19912	557	11442	3189	10901	13000	17236	16376	11202	11779	6246	15073	12858	8009	488	10740	15331	8236	18569	1076	11385	15319	1803	1005	13543	17828	8761	7265	16873	19120	7081	2120	1315	9814	10288	2381	14591	7268	19817	4246	1155	10642	3817	2225	16925	4018	16413	8633	20027	13946	15480	13753	14176	10072	9923	19503	1182	18591	9310	4122	14788	5398	7538	7844	9648	3911	2806	5962	3960	4968	3207	19066	1708	17733	15957	14727	2876	6772	1460	10104	12945	2755	11528	5182	2859	4653	17365	7601	17890
14525	19205	10011	18872	9718	12768	15996	2611	8897	10764	18111	3846	19899	17783	14316	4644	11108	6410	13532	13669	17000	488	19404	5398	19004	4938	3272	15791	4925	12198	17896	11180	8211	5810	1858	14682	9751	18781	3770	9590	16873	11173	15714	14925	3928	10779	12555	3388	15712	19973	7238	1390	9963	15936	6406	3802	2440	7481	1459	3035	5005	9808	6861	10929	1132	19676	13605	3035	19609	18265	3529	11492	15816	8871	13581	19019	16782	16780	8823	11967	12803	13672	14461	6683	15811	674	17883	10596	16127	17323	1021	14643	2667	3135	6890	17344	1193	11225	4039	9231
20029	6657	13550	17250	9294	5174	10166	8530	10986	10188	3398	11442	15604	15179	14423	8588	1660	6976	2688	997	12967	11637	10482	7561	13325	14130	17365	3418	17259	18297	12862	5805	13748	16264	20098	19941	15394	14008	15311	5757	5134	5795	14280	18381	1322	478	2793	2948	11198	16780	11528	1546	11813	8641	16586	9453	18068	14973	11823	10212	13215	5011	922	3535	9541	11743	19481	1187	11987	18447	19025	8451	13307	6740	9484	19257	10222	19005	3388	15982	13321	13309	6561	5392	15661	14928	1694	15559	14643	17696	102	20208	19950	1942	19664	15203	877	6126	16354	5200
1321	1716	3548	14521	4855	8813	2834	17150	2582	1189	1679	12072	14031	19937	3002	1621	3372	2461	464	2965	14635	12560	17066	8625	9979	2960	17190	8585	4956	9737	18322	7776	3758	13304	8094	81	19087	4119	2614	15423	18816	13424	11197	4202	1996	7178	18879	17435	1058	9682	17836	9434	3194	17682	11327	19243	10491	10595	15948	1577	5798	5898	154	10942	11990	16792	9168	5705	6745	11017	19615	14907	14340	10416	12612	17613	13395	7767	3515	11870	200	8369	8832	6005	15082	294	15604	17434	2434	4939	15315	16243	1193	7332	3229	3955	1202	6482	6964	11583
518	19656	8186	2662	7031	3603	1315	7643	12680	9580	15579	16408	4476	703	3198	950	10231	18845	19185	14444	158	10366	5536	5135	15688	4255	13596	9435	16447	9059	7125	14818	8997	2625	19836	19658	6161	3567	10498	8357	19454	409	16947	4082	3093	9564	18734	13961	8832	10026	7735	18494	13317	10071	2917	1955	15259	11910	13366	7515	4717	3305	4337	4014	14776	4893	8001	17385	20060	7027	9846	7849	9491	931	5899	10076	14955	4772	426	368	14061	3398	1110	1041	10491	13701	17636	12235	16529	14456	17360	5968	18531	5705	541	9006	3193	17707	15527	8429
8124	120	11945	13560	1250	12706	9373	13215	5852	7007	16153	9424	9387	10226	9015	14284	3240	224	5429	3067	20056	854	12590	18405	4122	8596	6684	11244	8540	6854	1714	12487	8998	8976	12739	15239	8400	3084	19574	17768	10373	16922	3907	16582	9504	2456	2779	784	15456	18563	13910	4266	1978	14658	7642	16247	9904	16590	8776	4250	10806	13100	10325	2693	19051	12945	488	16279	13143	8731	13122	12615	6117	3541	17217	18372	5593	1803	18737	17249	10254	3783	7679	7308	4153	12910	3145	6182	19326	14137	14932	767	11594	2152	17392	11085	17053	11361	9169	6905
15834	9047	10384	9015	3953	8872	6496	5922	13238	7450	4923	10356	9213	1734	9518	5041	10585	8102	7768	2061	1264	15192	18814	6850	9601	5646	13841	7898	19935	13452	2640	9291	3993	19923	10365	15401	11993	12377	4750	2405	175	12477	5977	9820	1809	5068	6082	12969	16466	1465	19010	17398	2674	16232	13890	7794	15515	813	4476	14373	6713	16156	11185	9999	2078	20076	19147	18748	6186	6243	10707	13170	4060	457	2159	15851	280	18690	14378	2312	399	9327	6555	17430	6746	4147	4228	1362	19431	20119	12015	7066	18735	18668	12019	6232	6536	6362	6036	490
10100	18682	403	2085	6053	3830	1455	20167	16245	7318	14301	11535	12166	2550	11615	16669	6478	15609	16856	4489	12571	6995	2431	18379	6477	8809	18690	10960	11631	991	5296	7936	18516	14779	16442	7481	43	14135	16284	6235	8359	7048	3832	8297	523	13485	1813	16072	8709	12357	6056	2737	15673	4509	19461	2717	15746	14518	18100	12814	14726	3989	8237	10315	12925	10391	19649	3629	2897	5769	5177	540	11280	12741	18346	447	690	5492	3293	695	9588	15959	13366	13796	12362	1059	20148	16125	2436	16965	3468	12735	6686	18662	8050	13525	7783	3798	17781	11557
4199	5347	2498	3010	18931	5151	17070	17138	7419	9717	16388	5701	15389	11320	13893	18681	11695	2885	13159	1261	8577	18379	13228	6816	5714	8053	4771	13673	6009	7234	17335	12069	6807	14250	12363	2323	12008	11511	6132	18817	3208	16413	5289	6468	17626	4968	17919	7082	15235	7698	15610	17353	17445	6468	1098	9807	7717	20013	15059	19596	8695	8833	11769	20125	16082	457	2332	8020	3318	13701	5022	14857	558	17845	16165	14019	8999	3382	3130	2548	9710	7731	12999	4979	17992	9793	16260	10665	7110	14245	7138	19086	16923	10340	10231	5216	7180	18696	4086	10533
15438	1327	1718	855	11012	18936	9511	16026	18235	12621	18618	19602	19748	11834	4925	5061	414	4594	642	12690	6093	2457	10374	3405	6759	19925	5237	2896	1932	10952	4011	8108	20164	15509	5526	4889	10981	17408	5786	8652	3103	19225	4836	1236	4977	12976	15843	17173	15204	5267	12305	17516	15047	17490	8010	14457	4585	14191	14381	4186	1064	17800	18611	3572	2596	3922	6689	9748	18447	12661	10589	15836	6115	6237	3788	14717	16117	2243	945	8810	9951	1600	14323	13800	9985	15381	4987	18572	4093	6144	7869	14302	4844	10170	7532	3962	1727	5050	18472	4786
19513	19444	1859	13336	17253	9108	12412	6522	19481	15969	12749	9911	911	8994	6432	2229	3791	7333	5639	14796	4634	1045	16366	4499	4767	175	15632	6425	5172	2355	15985	13072	15765	13321	6580	18299	3910	18824	6251	5944	12518	20017	12159	14079	20000	5224	5389	6483	74	19459	3588	8186	6899	2739	9142	8340	8194	1637	5692	5795	13100	9443	8289	11353	12475	2314	18916	8797	17344	15485	13647	15438	9925	12340	354	15423	7475	19117	14107	332	14261	1396	2132	890	8785	8451	9050	12224	19487	15753	4599	6131	16463	5770	15858	5398	19638	15326	2855	11293
10371	16889	11573	9530	10328	17190	850	15373	3208	17290	18019	10284	625	2087	3797	12252	458	17610	15631	5528	2691	6934	4848	13417	776	721	14668	17257	13476	19410	4850	10897	2702	8517	10474	4444	17392	2531	15982	16598	473	224	16517	18770	17068	15161	18679	8879	13922	18014	5016	8053	15780	17714	2795	5261	6379	19032	13598	2751	13252	6448	3804	2561	6094	17929	19207	3047	3649	19686	14563	6519	8916	8384	4611	16317	4468	18783	13768	3591	10555	13927	1092	16302	222	9262	16889	19600	7778	15563	13621	10537	19016	10121	7473	6137	1952	17636	4259	5417
5637	20189	4973	6334	7988	3229	6613	14898	7193	6968	2255	12859	18668	1625	14204	19055	12341	8968	18879	781	9782	19374	8563	10997	6039	3690	17297	20101	3467	16598	2502	3274	14235	19585	8404	11557	5858	15635	7555	9069	13440	12602	11610	13504	1924	19324	18474	10263	19243	10072	14271	19162	7624	2466	527	10490	17459	10066	10818	16669	9130	5517	3737	3450	935	10675	16072	13614	11031	18911	12827	13894	18162	13987	15611	11203	17591	20158	2699	12833	749	14229	7547	6689	5193	6759	18457	15370	14610	10663	18043	2757	13765	108	7744	12945	14656	1049	1550	17536
8831	11419	5063	10361	19457	17460	4579	8115	6957	15078	9203	20193	9268	13513	17400	9536	3496	18656	4948	3777	5432	6252	603	11045	2613	6890	4475	4269	10824	13968	17242	13930	6816	19762	12182	1886	20002	13809	8919	17473	9509	7192	5643	13781	3657	9074	2763	80	8871	7007	14608	11786	2561	3761	3594	19710	19612	19308	16985	9422	9761	14910	14260	14603	2752	3732	16630	9157	3798	10100	6214	16968	16193	8560	16878	15111	18400	2674	704	9078	13905	16860	10640	6705	2254	12155	5683	8403	15136	8453	11270	1134	7576	15995	15235	12846	11788	9036	3165	8932
10805	1036	12694	15770	5838	9054	14634	17295	14727	13519	4530	3603	14841	6518	19238	9375	18526	7019	7985	11260	14993	8661	18429	10121	13452	1765	9818	13013	10738	2640	7892	16812	2405	5025	4158	4426	659	3160	3566	4049	14672	8851	9411	6713	1717	4850	16670	17714	17456	19310	872	241	18841	19677	17037	4437	256	4910	281	2361	13735	6811	16279	12707	19447	12026	7459	19152	18735	15244	10917	16841	8522	16442	15560	14993	10725	12892	10168	5519	10876	11041	14210	6107	525	20089	10834	973	3122	19161	2253	652	4501	16115	17732	8714	17959	17785	18616	6150
19623	5944	6181	17781	9207	10916	16088	8329	8085	11313	8485	11779	4352	210	2064	8121	18484	10279	3904	13306	9661	9687	6166	15119	10327	9288	2404	19174	7747	3784	8275	18041	10811	15088	18232	10097	8994	12735	16354	13905	15509	5711	19624	12558	10227	8286	13504	12048	3914	9597	15025	8655	11673	6087	4585	3095	15931	12611	11438	15942	19737	13782	13159	4343	19270	20026	4154	16127	7427	10865	5000	18820	20086	15659	5601	6827	16806	11821	3546	2507	13778	18310	3416	11625	13019	2072	17640	12311	16791	5774	12708	2456	8617	9090	15164	4671	4695	7448	8940	14324
3079	4437	17139	9079	14781	2069	7956	16627	14250	987	18038	7644	18506	592	12006	8016	18714	9253	11277	20104	6598	14139	17900	16922	7560	8343	19957	20087	7254	6568	11945	4774	15276	16996	6394	8250	12742	6520	13963	5809	4348	17660	4315	16595	16325	19225	5592	6713	5426	9221	10760	5033	12170	609	6150	5803	7637	7863	8484	9714	17431	9921	16493	16299	867	17506	13078	9666	6347	12055	15597	1666	10976	4732	7707	19892	14041	10416	12776	8508	10981	7674	4973	18705	18503	2266	7762	6288	9632	3574	15161	7316	6463	12369	2576	14479	6744	12251	15503	15403
12915	3191	13060	16873	6839	12792	4208	309	9551	12935	3215	10450	3217	2867	15495	12458	10040	14418	905	16145	15032	2342	6911	6522	11626	6047	10552	12697	11200	155	10028	5530	5340	16143	11352	6075	494	7676	14372	4915	10553	17385	14980	11173	5402	184	12467	19140	8880	11035	18682	5342	2548	12	15717	6390	11822	4073	19476	11163	2807	18274	13927	4189	1894	6524	12271	10596	16217	19153	3329	18928	4281	2582	6052	18890	15996	2794	2806	12868	531	440	14816	18095	13944	5274	11366	20187	13454	4223	4709	12791	1152	8370	6638	10302	10484	15112	4875	19542
9310	14177	16564	2793	17052	3362	1628	1025	1058	12952	17900	13450	12950	15745	10099	15988	15682	8410	16342	12412	17907	984	16962	14092	14242	19164	8967	9848	18617	3219	9653	11812	16975	1577	13502	5899	13930	16551	14204	11264	19225	15964	18664	9453	14642	1606	18838	18534	11128	9278	3689	16700	19810	12512	16840	6224	5821	4613	18867	13918	7182	12010	10796	18803	12297	10339	6096	12237	19010	9562	15481	10295	5018	199	13950	4797	12469	14424	7507	11385	10732	11770	3652	15301	141	5950	6452	8249	15759	8737	15008	8272	4650	14885	16443	19125	623	13387	8872	13001
18783	17958	7572	9926	7546	13066	7385	8958	13604	10736	6338	17178	17273	9107	9190	15691	17301	682	4044	1862	15583	16071	12922	8114	6449	6064	16238	5328	4892	9907	5265	15116	10631	6276	13997	11967	1953	3901	14220	11005	9616	6065	4737	13114	5665	1136	19503	2014	368	17020	9800	9590	9296	16169	20054	4574	12229	16322	8818	14999	10444	7507	9027	3362	18970	17009	4195	11342	12961	14001	15898	11466	2058	2003	16135	32	19404	5138	16290	14030	13012	3208	10052	5055	1981	745	3498	9964	17694	14066	19391	16944	6533	3126	62	13850	125	166	18837	2006
17466	15085	12812	4883	17223	6481	14435	14613	12255	15301	5038	9952	1714	957	5488	7403	18059	12025	8465	269	11072	20073	4501	14331	5329	2808	15583	16817	14491	9753	18285	4973	15472	19217	336	9991	19481	3132	17790	5170	14856	17608	4850	2593	9602	15895	9158	17872	6201	14588	10224	19689	7032	18520	19015	910	18800	3818	7220	7992	15632	10417	3697	1462	19749	5960	11090	16402	5704	477	16321	5368	5055	19636	17847	8778	18317	482	15919	12178	19268	8224	2077	9276	3350	1790	12178	14708	15282	4686	11808	5387	10387	3445	4696	18545	8834	19865	2793	19643
5825	4731	11798	15889	1861	15154	17746	8104	14762	9273	3055	7660	14244	6365	5350	2749	2614	16409	18506	20152	19137	10084	12944	7351	8559	14821	12309	7434	10109	18355	10295	11809	4871	12529	12833	10997	3802	17156	9719	6595	19567	12149	12684	10519	16505	9306	12217	1292	323	7565	1013	14542	3847	2280	9736	3218	12209	10431	2021	3073	12417	4918	6909	4723	17173	12476	4121	16723	19542	1704	14707	2094	11642	13702	7249	10910	10604	250	1250	18528	5705	202	17695	19864	19073	15919	9189	1844	7214	16981	1185	14922	14527	1966	12121	12047	6054	13682	17719	3526
10699	11657	18656	14043	10693	11487	5257	9399	3116	15517	25	10818	15129	9074	5207	15803	10275	3448	19688	19586	7133	16737	8250	14714	18889	12929	16999	17319	14494	13282	16860	5870	19092	15477	14864	13005	654	14050	8263	14214	14522	10173	9047	17831	18450	134	7976	8494	2610	421	11310	7173	3417	312	16128	2490	16461	20007	11299	17642	200	15687	12887	1164	14231	5808	134	17564	15711	1684	8730	1241	6428	15357	6200	16666	1950	1185	10412	8794	14055	4498	5746	9112	9986	16570	7536	17140	3619	6924	17182	2746	5609	10011	2346	659	3126	2593	8685	10366
18809	12120	4390	8048	13441	9428	4772	13210	8188	4470	16317	1004	15950	2027	3805	54	703	11574	12421	19741	11068	3885	4343	11324	2379	9925	19188	13061	5805	10454	11249	2447	13807	6833	17380	16785	5977	13595	16245	14420	18068	1712	19415	5779	1528	601	12695	19750	4478	17334	6451	552	256	13245	19150	12277	7816	15198	3174	10891	8264	5518	10532	10482	15537	20057	18681	164	19844	3257	16871	17735	16812	440	10716	15677	16640	8200	212	11005	16732	2857	19908	17475	17058	16607	19571	13682	2375	14906	15488	7299	3108	19519	8879	13773	7838	6367	19908	13105
4303	19088	18302	2068	7794	1902	6519	19797	1157	14654	12941	8086	12337	18042	12930	9188	6928	4883	5208	12946	16416	2851	134	5607	10864	18628	14767	6758	18987	10565	17445	2346	2978	16282	13265	4802	1381	620	9113	12212	6487	13509	439	17319	6822	11785	3404	6981	8761	6157	12254	19710	11370	1983	3045	12049	16388	9547	920	6319	7839	16368	20072	19281	1043	11392	14728	19713	18618	14580	7189	7176	2331	11277	13379	7294	15758	12602	18849	15068	8699	12206	4771	6487	1337	10274	6328	4032	1603	19473	15277	8125	17791	17181	17101	2138	15646	14143	8062	10260
17396	1894	5555	15547	3990	15944	17728	19859	19871	11600	12751	2016	12295	16142	9173	12247	8520	13218	14802	20196	15010	12974	3363	10345	10941	10121	18536	18662	4766	17989	12129	20007	17129	13217	9522	14979	5850	9164	19775	16607	10498	383	8198	14977	17176	16944	2043	11273	4327	7019	15001	2914	20137	15264	5648	9177	9277	16706	18199	17674	8596	6545	16842	1657	12410	12468	5155	1398	15509	9448	4306	15136	15404	13653	11326	2960	20041	15151	4953	18958	18624	10308	8967	8719	8831	9230	1673	8534	13805	18501	15740	15041	3096	18282	5317	12697	19720	8156	6171	9079
6430	4066	4163	13855	17525	8696	15440	18779	240	7634	3774	4603	3223	2347	505	10636	1032	4505	17073	7255	5648	16343	7226	17138	12646	2542	14061	10618	11389	18995	4713	10323	6683	6632	13756	14656	8198	6238	12887	1085	3938	5298	2864	17150	13400	2312	17083	6975	10147	4562	12224	1819	2646	13351	4498	13161	1007	12888	1617	8832	19216	13907	16470	569	5834	7560	13888	16626	5087	9270	11264	16154	20110	13425	8731	3681	16917	12743	7314	15357	13544	13508	8244	1719	2782	17875	12117	4680	13880	9021	19534	19665	761	15929	10077	9735	10065	8354	18805	7249
15187	3944	5964	5966	666	14495	4946	11688	741	964	17775	4452	3953	5151	9520	15473	9521	12961	750	19574	13264	4166	13533	7658	9772	18072	14220	2657	13724	12520	1942	8240	16697	13617	18890	3912	3943	14488	17800	16360	5379	16946	9473	577	19507	11498	17768	9677	18675	3530	11338	5681	4434	15760	6695	12164	14779	547	7514	2200	10554	18280	3249	14419	10208	4162	6557	2881	13268	8243	19907	3656	1329	475	1508	4715	15364	11215	19026	7655	18396	14960	7566	16449	3460	1445	12578	9290	937	7275	11984	3373	7496	4188	19149	1690	14905	11122	13064	8777
19380	19386	1023	14064	7508	1508	5561	17865	15542	18174	16870	9134	5235	14863	8236	19540	3316	12430	1125	5767	9907	16700	17327	12452	17821	10497	19469	9998	15432	2846	3335	7563	13332	13969	19937	19399	802	6030	9645	14128	4997	424	12984	17782	16256	6982	7672	16366	6206	17041	10843	17396	1983	16432	9246	11065	16531	6284	13496	17679	16760	12913	9619	1387	15510	17781	7121	10503	13567	20039	11922	9769	14179	16545	17530	4544	19898	18929	1271	9059	5507	9989	2994	11308	11003	11444	9737	7809	15620	7573	2031	12663	10766	7376	18429	15615	10805	4266	14933	4020
10549	3339	8974	6575	6667	3681	18831	3022	19844	12121	6081	14159	8791	17620	15094	17417	6186	17246	14544	6237	12163	20009	16991	18305	18677	6687	8562	8570	10026	19715	8771	15830	16169	15368	518	7288	1402	4493	15634	7070	7815	6703	15493	186	15643	20058	18468	7623	9238	7779	17786	8400	11798	9369	1803	15620	13634	1206	10673	3879	242	14250	4261	9899	10761	18042	1606	9189	2489	17267	1341	295	12325	20026	12637	9046	9656	5661	6596	8018	7285	15462	18322	19729	3201	6228	7787	2969	283	15687	16626	16673	7394	9325	19019	4399	10645	17932	16896	13123
10443	10878	4487	2586	1865	4530	14536	3913	8249	9539	18	18890	7329	2089	9664	5966	19366	18619	1591	5074	353	4883	6271	11600	17404	15206	11213	14966	2456	6709	12685	7037	17866	2727	2183	14881	158	8535	426	7184	221	6423	4530	11794	2183	7945	12543	5290	5295	19719	14658	1076	16276	5756	17759	20058	6347	7992	20189	13026	8719	9242	2593	2956	997	11583	2598	12898	14949	19820	13207	17555	11075	10665	2936	4224	8231	5927	15530	537	15889	19238	3145	4343	180	12057	758	12986	1716	14643	4474	478	12262	15314	19073	4113	938	2283	11763	5678
19473	5499	11892	111	11929	15632	12057	3838	16240	446	5240	15686	13984	19649	17634	3791	4599	18324	7297	14507	423	4029	1949	19219	14423	2733	15550	15640	11835	5953	14887	20057	528	10591	9367	13454	19992	5547	11329	12613	3122	6359	3765	12529	19314	1460	18090	13723	5024	11349	8535	4552	3471	20171	5540	5344	12740	2470	8345	6884	13674	898	11845	1127	9997	4153	1737	3044	13397	2236	3377	8010	12574	15052	872	14186	8349	2649	11558	19148	717	19796	15964	12860	18202	563	11922	11583	9671	9192	17727	4138	10113	10589	9526	16425	9535	7734	14196	11220
19901	7660	10268	17744	1986	1867	13822	11967	4046	16575	16255	14013	1976	4717	1142	19255	5969	7768	4544	19504	12716	16522	9345	11226	19566	12620	2195	547	16890	17876	15142	12337	9422	19133	8477	1709	3194	3864	1450	19710	1570	8324	4421	6495	19889	8458	8162	12960	14496	17203	4554	19588	5695	5641	11911	5330	5274	10770	11551	3618	14778	16760	15117	5871	6690	14980	569	4074	1534	1571	1831	16812	2680	15767	14121	15620	6878	11799	16109	16833	5313	19542	3621	14876	18803	5313	13986	19023	9568	16574	18673	8379	11495	15712	4546	3201	17890	18224	9054	9278
11392	6142	15788	15996	17923	1485	17949	13631	13103	19638	1237	5810	13073	11743	6301	1067	1695	4474	14654	3299	8194	14569	2610	18402	11071	2425	11511	16919	967	2652	9294	13463	8861	19449	12094	12924	18222	3272	11780	2827	13192	6676	3726	17296	9667	7251	6337	9448	12468	8348	1770	12846	483	7999	3946	412	661	6113	18685	10689	4924	19443	10549	15711	14550	15981	16607	16709	7787	16133	16264	5419	5381	6791	3149	5683	2853	13582	2810	13896	1849	15079	18741	5047	11075	15249	5627	4884	11772	11766	14642	5195	10351	576	17064	20146	14213	13874	10806	15672
19629	6743	4217	12277	2461	2472	2915	774	14946	15737	13364	14315	18440	2251	10075	3445	19415	13790	8710	6548	16316	11705	17740	6101	17004	16440	15637	5454	19030	3463	19065	5755	17961	99	19513	18611	9288	8348	10591	16687	18748	4511	6004	19171	277	2496	7159	14483	15676	13853	12021	1474	16562	16032	14573	12783	5415	18024	16070	18740	10635	5155	19087	10671	7955	8523	10263	19338	11988	15039	17091	5675	18033	17679	12369	13243	6326	8500	3789	15084	9112	1278	2492	5554	13936	1184	918	14998	378	18885	19114	8677	6657	19162	18127	19389	4233	3235	1719	15473
6166	14280	14224	4541	15748	15585	11808	14210	6121	4133	5317	3384	19508	7137	12954	16673	5331	5517	1789	19767	13863	243	16747	1049	15749	15915	5359	6782	17264	5955	11168	8512	16460	2240	908	16115	14555	4266	14444	14977	857	10802	12090	12189	14326	1032	3555	8566	2945	1509	16891	6275	16425	18507	7318	2972	11406	15151	3853	1678	6920	16050	17184	2936	15389	5767	6787	19325	13728	10374	7638	17905	13822	6759	9274	18405	8318	14182	11549	17270	12735	9662	4999	3076	14663	2537	19710	14583	684	17373	13342	6541	3926	935	13485	19444	6844	14519	16737	12527
15991	10865	5399	11275	9662	3281	16919	7724	10103	12901	14513	6401	11837	4004	9926	11090	15904	5617	4493	17203	9319	8270	16341	15926	9198	2070	6270	18323	14961	7027	6975	2596	7003	19636	19049	18960	16866	2089	4746	16948	2038	13747	14454	14945	5131	8596	3187	6142	19127	7679	9047	10822	14734	6684	13041	1041	6475	12580	19582	1025	18328	8121	180	1010	4199	19911	18064	11891	5594	15036	7561	12934	11520	11160	1453	19458	2445	14783	11668	8894	6991	18135	12567	15510	8864	17038	1677	10268	6085	890	9947	19116	9751	10066	9233	18619	1810	314	19716	10813
5967	15635	15359	17905	13	16937	9838	5852	19797	1559	7514	16344	5587	18563	5732	6276	17219	18940	162	3278	309	10338	7582	18701	749	13140	3599	19147	641	12064	18814	8550	19614	3005	4520	16314	7309	2751	1067	8396	12969	13171	3339	10907	8796	6271	20175	4727	4705	7394	4353	9860	14652	10206	17144	60	4897	8255	2529	17804	19838	19782	12024	12760	12207	1799	11956	5307	12573	12004	9227	6637	18793	1803	12173	8964	14003	11463	13773	1766	15988	10277	18132	16908	12120	3004	15520	2498	16221	11332	9578	18135	2661	983	1788	7943	3796	16944	11913	7472
10837	5593	650	594	16119	1183	12059	8161	12417	19015	13885	15654	18437	16307	14778	5898	18396	12728	10338	11860	10269	4235	12968	16127	10602	11254	4162	19067	16323	5989	14424	17979	14459	5564	1048	3724	6108	4918	17189	7649	8528	8535	11919	6081	19141	15522	14428	16166	2931	16567	7228	2768	10179	9028	16976	3475	4236	4961	19556	19973	1386	8260	16711	12830	15796	3384	19775	2885	10046	12992	2799	5344	9607	3922	10329	19029	20086	5648	18336	4032	11840	17771	17677	5463	20077	7560	8661	8642	3195	13670	12919	15527	4511	1601	5897	14945	11709	15357	6468	4055
5977	18	14913	19843	9979	13323	10391	2894	6538	19181	7277	9590	15547	4868	13837	7705	6237	17590	4418	20067	8854	129	12581	15961	14989	11884	178	12858	3411	9562	13282	2000	3817	12841	15840	10033	9926	5182	16097	3444	9072	11322	3619	1600	13120	729	2461	15822	16748	14373	11293	14979	2068	2988	20144	3312	17467	10277	15138	3838	3198	8471	10554	12187	10302	10148	5041	8563	8371	14156	10345	11798	13566	8806	16690	13963	20134	10233	4093	19126	9914	4896	1776	7581	7447	12544	17727	6708	12225	8516	11170	20196	4272	14738	19959	6128	5507	19455	7452	2867
1977	17386	14810	17665	4274	4257	1356	17153	10967	7864	18273	14778	944	4165	20065	10899	2514	648	11055	5787	11285	7507	17625	17459	4126	16904	9464	9412	18705	17745	618	15493	7659	9450	4811	10415	16806	16265	910	11459	63	15405	18114	1116	16358	15607	463	5937	6257	2646	11748	8403	2833	14791	4279	18223	5437	6435	19839	7918	7607	9065	19200	10765	8701	7450	16037	17151	11614	2826	5993	12235	18581	3211	11974	6145	10430	6292	1630	8925	16848	11606	8513	17353	10443	3706	4738	16305	10652	17530	487	3076	3045	18765	10511	5845	16673	19934	1355	3094
348	14579	12804	6490	3881	140	19193	6171	8519	16934	4011	19911	5963	4052	57	7450	2612	13858	16667	2986	3652	2193	8335	19238	5359	14952	5361	8214	314	15995	14095	5288	13045	18629	750	3566	16167	12590	15338	16675	17911	236	14097	8365	3240	4219	13204	3320	5641	12410	6771	9639	2086	15010	490	9564	11616	439	19808	7203	1258	11189	19743	12443	4641	9515	6983	2782	14869	15748	383	9534	11539	19279	8678	4443	11035	13976	5078	7355	4961	14911	6257	17769	1032	2061	13110	3335	11522	16279	2830	1827	976	6474	16857	4458	7470	11038	10601	4901
4125	18591	8415	9228	13504	6348	3010	19364	12403	680	12746	4407	12955	7313	3465	1535	1017	8889	17623	13519	11101	16428	7212	16173	7318	8879	5415	7376	8137	19205	5600	16026	1166	15408	12467	19138	11779	7362	3287	7255	9926	11972	8959	18298	15964	1033	11302	9077	299	12441	5085	9287	11456	11387	8812	7864	13863	16737	12369	2081	3659	16882	11857	11816	7347	15043	19832	5640	9708	6165	10726	17078	7035	12123	17852	18735	10782	18001	19696	5723	19180	12006	258	7307	14611	14680	16165	13392	5798	13547	13307	1658	6989	4549	5454	8108	15481	10738	16231	10587
12155	7496	540	11073	5591	18274	19921	14469	18371	1824	13484	19078	849	11745	17495	19015	12520	7489	6466	670	10589	14260	8761	19871	3887	5261	19741	16112	9600	716	12069	6301	378	5641	20003	7803	4667	8562	16775	487	10219	5511	12273	7803	6921	15153	7858	7346	8464	9291	12488	1559	13217	5363	3567	4230	4522	4873	12660	5478	6850	6733	19545	5572	16162	14469	9301	4966	5887	11047	4379	1283	10876	4901	10168	15313	12887	3993	3043	4554	11954	5105	17629	8312	12264	14655	49	18478	8394	4973	16828	14233	7055	16187	5757	4541	1722	2538	13447	116
19851	3922	2765	19375	10188	14265	10113	414	11967	18647	14417	19374	7731	3417	18908	16896	10361	16172	11185	17464	7589	2827	10670	15716	7845	10804	18642	2797	1349	2680	14469	2786	8821	9936	3039	19366	8397	9070	20013	6882	405	8171	14386	4089	11404	13226	6300	4753	7601	3116	15620	1202	20089	20039	7095	18313	13966	6236	7851	17288	6274	1081	10755	12357	17639	2757	727	13797	18776	17164	19255	2058	13775	5242	19538	17729	12092	11115	11481	17083	11016	15508	7954	4726	7864	15277	7802	6941	840	5344	16615	15405	11342	7611	16670	20203	6469	8390	13328	4868
5433	18858	6664	9380	19305	13841	15659	14293	12295	5275	13841	12332	11058	2542	12278	14580	1708	13099	4006	11101	3689	2031	13039	1449	13653	6000	12950	17434	16545	8006	7540	15187	13204	12947	6076	8004	17052	7042	1337	8404	15936	10103	9626	4188	15212	10633	10786	8778	15340	20181	5105	19959	17227	10950	3036	13948	15689	3124	17913	7840	387	6663	8302	10528	1025	15428	7151	4474	20097	14548	12898	1577	7788	13427	11732	5661	6985	2558	19104	17102	14928	8311	17793	18035	19801	9854	10444	11068	17072	355	1454	18421	11853	2245	16163	12251	12606	2331	273	1535
10402	442	15209	10413	4150	8980	8513	2542	7100	4706	6113	16860	6969	12469	10084	7259	17408	1932	5216	17172	12457	16545	10188	14398	4074	18209	2558	14352	6533	13851	3933	15588	6103	7381	15204	15327	18824	19527	4786	2495	7119	6196	6312	4328	17947	14380	166	4493	5212	14810	10834	19900	5147	16687	15507	4581	2604	4949	7686	14550	3822	8509	17671	14233	2988	11145	6718	11925	7444	306	10139	17768	8291	18862	208	18823	4733	6495	8007	9099	9768	1932	3869	11664	777	659	1738	13425	7982	9655	15568	10875	6921	17966	9486	7351	16598	5544	10716	3547
10830	470	15574	545	14846	5508	5642	1143	13930	6769	5924	12960	452	2156	11205	10017	19823	7644	8410	3217	13595	2710	5538	10781	19540	16390	10554	12468	20077	5410	8503	12251	1598	3329	4006	14280	5518	19509	8343	10437	16004	14987	17381	10103	3726	834	19484	17827	9661	17125	12646	7550	17126	6638	19577	18283	10451	13500	10038	4704	15162	8284	8268	9748	19161	18094	7649	11812	4452	3269	1849	16217	18923	7284	20022	4835	12568	11162	7145	129	17641	8641	11638	3540	19913	723	8981	5680	1122	4393	4142	17719	8861	12362	471	13705	3349	19602	11830	8827
11115	6004	3005	19967	4505	12846	4034	10903	16239	19313	16812	8214	623	2672	5209	4509	6994	12951	7373	6902	15184	14495	7574	4054	7515	19111	13714	8572	16167	17707	269	8476	2655	19748	35	15922	17812	3696	15644	1327	12781	4541	5835	5953	18872	17443	6120	11973	14265	652	7675	11535	19347	18111	3751	13485	20010	9160	11040	12787	3608	3378	19945	2644	2956	19350	19635	5357	15521	10802	5120	12742	15897	1007	370	14796	14844	17780	14654	14121	1311	5319	18457	4764	1607	652	10663	2043	14761	4882	15231	9761	10901	11317	1876	6980	3825	8218	18040	7414
14400	16564	15659	9517	4455	3581	725	11974	3420	12916	15498	6790	1417	4824	11682	17877	16321	6166	2150	9830	17252	16836	11980	17008	10333	18685	3966	17480	3208	5740	6096	8256	718	17831	7193	14885	7858	16251	8073	13519	5355	11721	991	1193	9001	252	10257	18798	16187	8992	5227	484	1601	11967	11162	5755	13710	3005	19243	16457	5046	9837	10696	408	1853	10048	9473	8710	2425	7705	7989	1450	625	11598	14773	14545	17527	3879	9180	7982	15097	3657	19421	596	1039	11851	14368	19313	14506	10595	18333	15340	9035	1633	18034	1564	12419	9688	13492	18756
17254	9768	14716	3787	19104	17919	1687	11918	8145	11165	18680	3905	10170	14279	9131	8697	15050	16428	19636	13029	15702	9570	15586	19844	11829	19203	445	163	1275	8408	20105	4696	4289	3121	13325	4296	12982	12210	5525	19544	3336	18283	465	2989	6196	17012	13546	12235	10878	9238	9967	3853	18620	5500	4882	6352	6019	4424	1224	15178	7524	16343	15324	3354	5492	2439	904	3217	2526	12883	6594	1395	18091	3908	20191	18158	4500	16640	2152	350	1431	14123	10148	344	9479	3072	8402	16708	13852	16273	459	15688	14272	1591	16336	4289	11766	1043	5357	16248
11527	3123	3339	9404	13111	19861	1633	5808	3363	6920	11161	1953	16109	11406	19326	8365	10072	15767	14822	7	16572	10490	19658	13043	10170	2190	11775	20130	15512	2674	12492	4653	11814	7124	12296	10986	1738	1591	13262	10868	20166	17586	19065	12069	11849	19237	12198	9197	16617	17661	15955	12804	16623	13622	13922	13367	16852	12734	13354	2491	14783	18633	15530	1938	14976	15560	5564	20069	17634	18109	1622	18619	1748	15432	9694	10602	8381	18825	13769	8077	3030	13510	15749	14574	17042	10544	9850	17386	11326	10356	11604	8183	9604	7908	19600	9709	16308	1655	926	18277
2925	10899	8289	12705	1606	7099	18684	15977	13178	13406	11656	17374	10548	11739	1329	13755	9728	2441	5028	9583	17518	17300	10566	16640	19393	8058	13519	12568	18836	2196	15746	16805	19769	18513	7178	17112	17646	3271	10414	19558	19919	15589	11385	17723	9837	11614	910	13807	11332	14766	10818	10086	4233	14816	10400	16682	3674	3935	8365	10685	16877	18034	18618	6946	8679	504	5786	19472	11699	6944	16254	3761	2260	16071	16814	1538	13368	12227	11060	8254	7622	4328	12797	4243	19892	5182	9965	16784	8782	17785	4659	19554	3281	17033	925	9459	4281	13226	6130	14734
4048	15731	9377	942	7072	4134	11728	19842	16986	6057	18981	17280	12821	1926	7245	7407	6537	18625	7340	12078	13092	3720	6701	2819	17557	10856	9756	18981	15246	13092	9756	12078	8706	17280	15018	15795	8129	18997	5486	18092	12840	8706	10856	19435	5204	5204	18092	7250	10672	15784	5204	13092	9159	4134	13092	11137	6616	19378	15773	4617	1129	14226	10442	5205	9756	18938	10442	12840	6616	7870	9255	3871	7529	7407	7407	6710	11137	13818	13892	17142	18997	19991	14360	16986	13892	19991	17888	17007	7250	10442	16624	18625	9756	9756	8129	2555	9756	3720	5784	3202
18997	4134	12565	8706	17120	15491	19517	9159	12521	6701	4700	9255	10898	11521	10898	18460	16624	1168	13563	18460	15246	15731	19435	12078	4700	18088	3202	14226	6701	15701	8706	13573	5477	19842	17280	13892	15731	10672	3687	10298	15246	6616	15731	3687	9378	6701	9255	12698	1168	19435	13818	19842	7529	7407	942	3687	17142	10898	10462	9159	17951	17120	13563	6616	7407	11587	3720	2819	16130	15701	5785	10298	4134	17280	2842	12821	12648	11901	7245	4617	10616	7728	15731	17888	3871	12648	15108	7728	11137	5784	15784	18343	19780	18625	3202	18938	18997	10898	7340	8252
9159	15784	10080	7250	1320	12168	7072	19435	17293	2996	3871	12565	14360	9377	16130	18544	8100	12168	16130	6537	12648	3871	7728	18092	14360	11521	3720	12648	16964	16130	9159	7407	6057	10389	11901	10672	3720	18107	10080	12698	975	18088	15701	8706	19517	1320	10856	18544	17280	18455	1926	12648	16964	18625	19378	10856	17888	18544	14226	10298	10462	6701	9378	14360	15701	13573	11726	16986	13092	12921	12648	4700	10672	15246	5477	18799	18455	13563	4134	19842	18981	12168	7529	12821	3720	17293	5486	2210	1744	6537	4134	5204	12521	15773	8706	13177	10389	12565	13563	5204
5785	975	10616	15795	1744	9159	12521	2618	6616	3720	4617	12648	19378	18981	4048	5486	6710	18799	5785	7728	18308	942	18455	1129	1320	19842	18544	5785	9159	18460	15018	7250	9255	2210	13177	1336	17280	15795	9255	13563	5785	4134	5784	18308	18460	13892	8583	12078	9159	5205	15246	15731	10672	1129	14360	12648	12168	6057	15784	7250	17557	4134	5784	8100	7870	8252	17280	11901	5785	2555	10856	942	13892	12821	16624	3720	15701	10298	7407	17244	11728	18460	7250	5847	5784	16130	18997	5477	2555	17293	5477	16986	16130	1320	9255	1336	5785	11137	2842	19195
10462	13177	5784	2842	15018	15701	1926	2555	19842	7870	13573	19378	7407	18455	18544	10616	5204	12648	4700	19378	3687	12168	10442	19842	13892	10298	5205	3720	10442	7250	11587	18460	17007	2996	19195	5784	15246	11521	13563	1744	9377	14226	17142	7072	18997	12921	9159	17293	18308	17293	8583	2210	5784	12521	7340	10080	5204	8129	10672	7245	18092	19780	10672	7529	2819	7870	6537	5486	3720	1129	19780	10462	17142	4048	15018	17120	12565	8129	15795	19991	5204	5784	15784	7870	15773	4048	17244	19517	9377	8129	4700	19435	10616	2555	19435	4617	17557	14360	15701	12648
18343	5477	942	18938	9378	13892	18460	12168	11587	10462	19195	10672	1926	16986	13563	6710	17120	19842	6710	6710	10298	4617	6537	5784	8706	16624	7407	13563	18799	3202	18107	18625	2210	18938	18092	17951	17120	11137	17280	18625	8100	12521	13177	9159	12648	16964	12698	8100	3720	17280	17120	4048	17293	16624	13573	4617	2555	7529	5486	5486	17293	10856	3202	5477	7250	975	12521	10616	1744	1168	17888	14226	15701	7072	18107	3871	13892	17293	16986	9756	16964	18997	8706	3720	18455	13573	16624	18625	13892	7245	13892	3202	1926	13892	6701	16624	10616	10389	11137	17293
15491	7250	975	18308	10898	10080	1744	16964	8706	17007	17951	8583	7250	18938	18625	1129	9377	19517	12078	4700	7529	4700	1129	1168	1336	7870	15491	12521	18308	11726	9255	10856	10856	12698	2819	6710	1129	16130	2618	17142	12565	18938	18997	13573	10080	975	19991	2555	18455	17120	16130	12921	10298	11726	2842	12840	11728	7250	19842	7072	2996	16130	19435	17557	17280	18092	15491	4134	15491	14360	19991	2842	12078	15795	8706	7245	4134	10462	6537	17888	17951	18107	5204	19991	18997	9159	5785	17951	12565	16964	17280	11137	19517	7340	15773	10898	15701	10442	1168	10442
3871	6710	3720	1926	5785	16624	5847	15701	2996	9756	10616	6057	1744	4700	9377	7529	7340	2210	2210	17280	1926	11521	16964	4048	17142	17244	11728	5784	12840	1129	18308	13092	10898	9377	17142	18997	6057	11728	11901	9756	16130	8129	9378	6057	15018	15108	6616	13573	6616	7245	4048	942	11137	1336	10462	17280	12648	18092	13818	15108	7072	17007	12698	12821	19517	12840	12648	6701	10442	19195	14360	7250	15731	12168	16986	13092	6616	15246	7250	1336	15731	1336	7870	17293	17120	12565	8252	7245	4700	12565	15108	18460	12168	1744	8252	12840	4048	12521	13177	7340
17120	18088	17007	19195	19780	2210	19780	8706	3202	8252	5204	13818	12921	2819	7407	6537	2555	19378	15491	8252	14360	19780	11137	16624	12840	6537	12840	6057	13563	2819	2555	4700	11137	11587	1926	942	3202	6537	18625	19517	942	5847	19842	2996	2555	8129	10898	10389	11901	18799	7072	18544	12921	18088	13892	5205	13892	2618	942	19435	12078	7072	1926	18981	16964	10616	16624	7407	15246	17120	7072	16624	10898	19435	17888	15731	7245	6616	12698	8252	18455	18981	5847	3202	5785	1336	2819	9756	19991	15108	17007	19195	19991	14226	13892	1129	15108	19378	5847	9378
18308	12921	11587	17007	9255	2555	6701	12521	14226	19378	8252	19991	5477	16130	19378	15108	19780	16964	7250	3720	6710	9159	12565	7250	12168	8100	10462	9378	18343	7529	13892	6701	14226	2842	12648	15491	18088	19435	15246	15491	17293	10616	6057	10442	17280	15491	18799	11726	1744	2996	11726	18981	13573	18938	12168	18938	17293	10298	19517	11726	11726	16986	17951	10462	8252	12821	6057	11521	9159	18107	19435	11728	2819	15773	5486	9255	3871	18460	12521	5847	12698	12521	5205	17280	13563	12078	15491	18544	18544	15701	15795	16130	18997	5847	5784	7529	1129	4700	9756	14360
7340	5204	12921	12921	7340	7340	15773	12648	16964	18107	7529	8706	4048	7250	12565	4048	11587	18981	17557	16624	1744	12821	9756	6057	17007	9756	12078	17951	2819	18799	10080	11137	15491	16624	18981	7407	18308	18625	16964	12821	15018	1320	16624	19517	5477	5784	13177	3202	8100	4048	17888	5204	19517	6537	7870	1744	18107	3687	5204	13563	15108	5204	18343	6710	3202	7340	1744	17888	8129	18938	16130	18997	8706	15108	19780	2842	11521	4617	5204	11728	10298	10389	10080	13092	12921	1926	13892	19842	12921	11587	5204	9159	12698	13818	12821	2618	7870	6057	10389	5205
10298	17280	2618	11728	3871	11137	2555	1168	12698	10616	15701	18997	11901	18092	19780	8252	5477	10442	15773	11901	2819	5477	7245	8706	15773	1129	15018	17244	1168	18343	18997	2210	12698	18460	2210	15108	12521	7072	9377	8583	17007	17244	16986	7245	9756	13818	6710	5785	5204	12840	17293	5477	17244	7250	11137	3202	10462	11726	11587	7529	13573	18625	16986	19842	7728	12521	5477	10080	10462	10616	15773	18938	7245	2996	7870	4048	3202	17142	11137	10672	14360	18092	18799	9756	7870	19517	14226	11521	12821	6616	10462	15246	4134	10856	8583	9378	1168	12698	18938	9756
6537	17007	7728	4617	6710	14360	5784	3202	2618	11901	3202	18799	12698	17120	11521	11521	19991	6701	9756	17557	8583	19195	16130	18625	13563	12521	12168	17007	12521	10442	18625	7340	5204	9378	16964	18455	942	12698	10672	10616	6710	3202	18343	18107	15773	1744	7072	2842	17951	10616	18455	13892	975	11137	18107	19378	15731	18343	19435	2210	16986	2618	5204	15108	12698	18088	18625	15784	12821	10856	9756	4048	17557	18938	19991	2210	7407	18455	5477	9378	16986	1744	15491	7728	8583	18625	16130	15246	10616	3202	11137	11728	16964	17280	9159	4700	12565	18343	16130	17888
9255	14360	8100	10672	7407	10389	942	1744	12648	6710	17142	3720	18308	3687	17557	10856	12698	19991	8706	1926	13177	12698	5477	2210	19991	13818	1744	12565	11137	7407	10856	18343	1744	8583	5785	18460	5784	2618	16130	4617	14360	5486	975	3871	18107	5486	10672	19842	15731	9378	2819	10298	12521	19780	8252	15795	14226	19842	6701	10898	7870	6057	7072	10616	3871	18625	1926	8129	10080	3202	6616	4134	10462	9377	15701	18938	15784	7529	19842	1168	10442	11901	4700	7529	12840	13563	19435	8706	7340	17888	10856	8100	17293	18460	12698	12078	16986	8129	12168	18460
16130	10898	19991	15784	2996	13563	12821	10898	18460	10080	10856	12698	2842	4617	15795	15491	17280	3871	10672	10856	12565	13177	4700	18938	12078	12648	10080	13818	8100	17280	5205	19780	15773	975	12078	3687	17142	17244	12521	4700	17888	18455	10298	10080	17888	18799	7245	4617	6057	5486	11901	1336	18092	15773	8100	9255	1129	6701	16130	12168	18455	2996	10462	15773	9377	9378	10856	1336	10856	5847	4700	18625	4048	6701	17280	5205	7728	7407	7529	6616	2618	13563	2842	2618	5847	17120	19378	975	12648	17120	7340	9377	19842	4048	12840	15784	19378	19991	8583	13892
6057	2842	19842	14226	16986	11901	16624	13563	13092	5486	942	12168	5785	2618	10442	18981	12840	7529	19378	13092	4617	17007	15491	18981	19842	12168	16964	15784	10672	1744	6537	9255	16964	5477	15246	19435	4700	17951	13177	15018	15108	17293	1129	16130	3202	13177	15018	15795	19517	5204	12168	4617	15773	17244	5784	18308	13573	1320	3687	16964	8129	17557	17007	4700	12821	14226	18460	17120	4134	6057	7529	2555	13092	19780	15795	10462	5204	942	17007	3871	1129	15773	12821	10298	12648	19842	7245	9255	15108	16986	17293	18455	10389	16964	5486	18343	9159	975	8252	16964
18544	6537	17120	13092	19435	13573	10389	5204	10898	15784	15731	15108	13092	15246	6701	10080	16964	4700	4048	11726	19991	12921	17293	19991	1744	15491	15795	5477	3720	17142	15701	11901	3687	12648	16130	11587	17951	18938	15731	17007	6701	1129	10389	18092	18625	17142	18343	16986	6701	15246	18981	18799	6710	5477	16986	18799	10616	12821	975	18799	12840	4617	13092	11587	8100	18460	15795	15108	6710	4048	8583	8706	18997	14226	19517	16130	15108	1129	19517	15246	7245	18308	17007	1744	13818	17142	17007	1336	15795	6710	16964	8252	14226	5204	18107	5785	6537	15795	12521	18981
2819	9377	16624	19517	19195	19195	10298	10672	12168	10442	15108	5847	5486	8706	12698	18107	18460	4617	13092	8583	4700	18625	13563	18799	18938	2555	17888	12821	975	11901	3871	1744	7407	7072	19780	5477	7407	5847	12698	4048	2210	18625	18308	11137	13818	7340	15784	19195	3687	17244	4617	14360	16986	7245	7407	11587	3202	11728	18799	2618	11587	5205	17293	2555	2842	14360	2996	10672	13177	18092	8252	6057	12168	3687	10898	7728	17951	1320	8100	2996	9159	17120	9159	8129	942	15491	13818	1744	18997	12921	4617	18799	2618	6701	7728	18625	19991	10616	5205	18625
17557	7728	4134	15246	4134	10856	17142	9255	9377	18308	19842	18544	10298	17951	1744	16986	12921	1744	15795	6616	15731	13092	2618	9255	2819	1168	15108	6537	18088	14360	3202	14226	18938	18625	15795	11901	15108	5784	9159	18455	4134	18343	19991	15491	1320	2555	9756	10898	13573	17142	2555	12078	11587	19195	12921	15246	4048	17888	18938	13892	11728	1744	15773	18308	12078	3687	7245	2996	18460	18997	15731	17142	18938	15018	11726	1320	5486	10080	17293	12168	18107	17244	1129	8706	5486	2996	15246	2618	7072	9255	17120	18544	10442	7728	16130	16964	6616	18308	18981	16986
1926	12565	18308	13177	13177	8129	11521	16130	11901	2618	18625	5477	18544	19378	16986	15795	11901	4048	8583	1129	12078	17951	2819	17951	8100	2210	5785	13573	16130	10898	10389	17280	6537	8706	11726	2618	1926	13563	12840	12078	4617	7728	8129	18625	7870	5205	12921	5486	12078	19378	18092	18343	4700	11521	19195	19195	5477	17951	5785	8706	7250	18460	12821	7407	17951	15018	5785	12078	2555	12698	18088	10672	2996	18308	3871	18544	5477	5204	5785	8129	1168	6710	12168	15246	10080	5477	10672	9378	15246	7250	8706	7072	1320	15701	975	15731	17142	13573	7245	19378
18799	15491	10389	17557	19991	942	15018	9378	18799	18997	15491	10442	6616	2210	10298	13818	8583	8706	4134	11728	10856	11728	18107	17120	15784	19435	17951	7072	10898	12840	11137	3871	7870	12078	15701	7340	7250	10856	975	18544	2996	15108	3202	12821	942	7245	6701	11137	4048	5477	18544	16130	9255	11587	19991	13892	5785	18799	15108	10080	8583	8100	11726	9756	4048	7728	5486	5784	1926	15018	9159	15701	12821	13092	12840	16986	6701	5486	12565	18460	3202	9159	5477	7072	7250	3202	18455	19780	9159	942	6710	19991	8129	16986	14226	6616	11901	9255	9377	18343
18460	17142	14226	15108	7250	6616	13563	14226	4048	2842	10389	5784	6710	12078	9756	11726	3720	19195	16624	10898	8100	12565	7072	1320	18544	1336	4700	8706	13573	3871	13573	19435	5785	11726	19842	15018	9159	16624	19780	2555	12078	16130	15246	12521	3687	12565	15795	18308	15784	15731	19195	5785	5205	6710	5204	18455	7728	12521	8129	3871	6710	10898	6537	18460	15784	2819	942	15701	18455	11726	13818	8129	17244	16130	14226	7072	14226	9159	12648	15701	13573	13177	11726	18460	18544	9378	17280	7340	19517	7529	2618	18088	8706	18997	14360	15491	10462	18981	6701	15731
17888	12521	8252	9159	15773	15246	15795	17007	15108	18799	5847	16986	2210	18997	2618	4134	18343	3202	19780	10080	18625	4048	2555	2842	3871	3202	7250	19842	7250	9756	3687	15731	12565	1320	19378	13177	15773	19195	2996	7250	9159	15773	15491	12078	15108	9159	17951	15246	1926	1926	6616	1926	12840	19435	13177	14360	18088	2996	8706	3202	1744	18092	10389	13563	10298	11137	7340	15795	3687	7529	1168	4617	4700	17120	12648	7529	8100	19378	9756	16986	2819	3871	3720	6616	10298	7250	2996	2996	2996	12168	19517	17951	12078	18799	17007	18460	11137	7072	13573	16130
7407	1129	12648	6701	5205	11587	9255	18088	15018	12698	7072	15773	8706	17244	12648	16964	1926	19780	17951	18799	18460	2210	17951	18455	5205	18625	19435	1168	3202	5477	18799	4134	17280	15731	10389	9378	10672	17557	1320	13818	12921	3871	18088	6616	13573	7870	1168	16624	16130	16964	975	11521	6537	17951	8583	7870	18308	4617	10442	17888	13177	18981	18308	11728	1129	10462	17293	18088	7870	1744	13563	17293	18460	15784	8100	13563	13177	10442	13818	3687	7870	1129	12521	15784	2618	2842	2555	14226	12168	7072	1744	15018	975	15491	11728	18092	19435	10672	975	15773
6710	17888	18107	5847	8252	2618	12565	15731	18625	9159	19517	17120	18107	5847	14226	19195	14360	8100	6057	18343	7245	6537	18088	13573	15491	3720	17557	18308	2618	19991	13818	15701	13563	6616	12698	2842	18799	18088	6057	15795	6057	9255	10080	19195	3871	17293	17557	7407	6710	16986	12698	18088	13892	14360	10442	18981	18092	10462	3202	8100	13892	16964	12078	13177	7245	1320	5784	18343	19435	17007	8129	5205	1320	2210	2555	17244	16130	12521	18997	19780	15773	5205	6616	10616	1744	17007	15018	8583	11521	18092	11728	5785	16986	9378	1320	19195	2210	6537	15018	13177
3202	12168	15731	1320	13563	18997	17120	12078	5486	15795	13563	975	16130	6537	6616	15784	15246	11901	18544	18107	15701	18799	11726	18088	1926	8129	5847	8129	16986	8583	2996	2618	12821	10672	975	5205	11728	18460	10898	8706	10389	13563	18938	975	10898	10672	7870	19435	17293	13892	18938	13563	17557	7728	1744	12168	2210	13177	18460	6057	18544	3687	18981	18088	17244	7529	8583	18938	16964	975	15018	8252	11587	18460	9377	8252	10389	15701	16624	14226	7250	942	3871	19435	15108	3871	6616	12821	3202	2618	17888	15773	18544	14360	7250	12168	18544	11521	2819	17557
19780	4617	8706	1744	5784	19842	15731	12698	19195	7072	1336	19517	7728	7072	14360	18092	15701	7072	11521	19435	17557	18997	17142	4617	15246	11901	7728	12921	1320	8129	18092	7870	9378	11137	12921	18343	12840	19517	1744	2819	17244	10298	4617	2819	18799	18088	12821	3720	19195	10462	6057	10442	19435	18107	16130	10462	13177	16964	11521	18308	18938	18799	7870	3202	19435	13892	11137	7250	13818	4134	5477	16964	8100	6057	7245	18625	5784	18308	3720	1129	5847	6057	10298	9378	17951	12521	5847	18799	4048	3720	10672	3687	10080	19435	18455	10856	15491	19842	7250	5785
17951	2618	9378	975	15701	1926	9159	8252	6710	18455	2819	11728	17557	5204	17142	8583	13573	12565	17142	12840	5847	5784	2842	3687	8583	4134	18625	18625	13818	12521	13177	12698	15784	4134	15491	19842	12648	19842	5205	13092	3720	12921	9159	17557	4617	2842	3202	6710	17888	4134	1336	18107	7072	975	10389	15784	18938	1744	1129	19780	10442	12698	19195	17007	11726	19378	15701	11726	19991	10298	11137	18343	18092	19378	10616	5204	5847	1926	5847	6710	1336	9756	15018	1320	8706	15108	2842	12521	18455	13818	18088	17120	13892	10298	16964	11521	1320	1336	11901	4700
8583	10298	6616	18343	1168	15108	6616	13818	17007	18625	8706	17293	8100	11728	17120	11728	1336	17888	7072	10616	10442	8583	10389	7340	18308	17557	4617	15018	8706	7728	17120	6710	2996	6710	13573	3871	18460	1129	19517	11587	13573	1336	12840	15108	5205	19378	15491	11521	10898	11728	942	18997	8706	18544	17951	6701	12821	18107	12821	19517	12821	12648	18625	16964	19842	9159	13092	8252	18625	17888	5486	975	18455	9378	10442	11587	7072	2996	17142	13177	6710	5477	3202	17951	19842	13818	1744	6710	12521	15795	9377	10442	17120	5205	4134	15246	9255	9756	11728	6537
