4967	1795	3292	14144	6506	8920	13083	17023	11382	17292	8376	13869	18247	567	18020	16795	2113	6569	19267	593	15222	19052	3550	4940	16573	5149	12361	3780	5007	17916	7331	5444	8927	7461	15627	10542	7036	15865	19052	5400	8626	11506	10186	12345	11612	15224	4431	12996	17062	10262	4931	5156	17113	8133	17515	1181	15869	1985	6282	389	7224	19605	6368	10658	7477	9599	17666	3083	18170	2389	780	6043	8845	14259	9715	15956	16935	18257	17337	3321	13531	3488	2476	792	15341	444	18769	10399	949	17691	19776	15414	8174	12348	1222	11027	12361	19379	936	3301
12459	1889	3457	11470	16319	16009	16714	4820	8845	6631	2622	4908	268	1461	11568	17062	8755	300	11146	2581	10812	12756	3446	10461	4506	4467	9799	3676	479	1335	2926	2170	15708	20112	10083	13180	18196	12564	17200	3780	18927	10214	15027	5358	12832	4145	5452	5455	16180	14854	1899	11752	14472	12289	13875	3923	12505	4525	8054	2302	8986	9553	10593	3396	18697	11409	7477	634	16677	17632	2606	15801	3923	1244	5281	9715	1805	5780	16179	12011	9235	13052	6492	11015	12709	2469	15801	8865	4366	503	272	13091	16606	19579	1774	14868	9977	6189	2290	7229
2968	6159	14202	1674	18769	3734	15907	15414	9293	15535	10106	15470	6424	3166	1494	11120	3551	17571	3676	12547	8457	4799	7222	14843	20106	12039	16543	10974	5106	3360	16793	291	12649	1674	17700	12073	12614	12778	12282	11018	11568	7699	18941	4416	16905	16214	5883	8978	9546	17799	11066	1872	12604	5449	5198	6494	8986	12577	4318	7577	19460	6453	10186	11621	12701	8755	12294	12011	16495	5576	9370	19847	2076	19958	3598	10499	19384	14990	14943	11848	9339	885	9622	9347	6633	2789	15869	6051	11510	8033	14200	19008	14259	3823	2463	2756	17700	1635	15867	9237
513	1937	11386	13636	570	5014	14201	649	1434	1451	14860	18342	13414	12973	1489	11752	17444	1053	19382	8867	18704	1569	10690	4820	955	6805	5007	5294	9898	1618	19054	5631	5747	1434	9140	8684	12724	13130	10974	9980	885	8718	20012	1314	19584	14990	17331	3406	14342	7825	6491	7502	3999	4652	1741	13842	18247	10481	7847	19046	11307	10456	4258	5874	7222	2285	8168	6189	1519	4663	14190	2732	3925	7024	4691	885	15907	649	10252	11305	17849	13493	20004	1471	18380	16668	4494	13736	7824	2653	7823	2303	2971	5370	18596	4761	1797	12115	7324	2307
20056	15663	13495	20022	17392	7268	486	10696	13242	11837	15415	19372	12309	7316	14588	5661	15066	10827	6235	269	10454	199	3737	1322	6674	311	15146	5083	18747	1324	5514	17896	16087	12823	13569	19375	718	13279	6962	8766	13116	541	17913	20005	5348	9090	4348	11899	11444	13362	19481	15503	996	11669	7098	13368	3442	15555	443	1316	4534	15676	1571	4936	18701	1160	2632	7977	624	3130	15779	11732	2909	12138	6743	1063	1703	1876	14716	10276	8103	5518	19211	2590	3216	4796	3580	6683	4956	5669	12340	12076	18405	10201	6083	18778	7630	9301	4084	2106
7031	4322	974	18793	2693	17262	9198	3029	5180	4681	16085	14365	3763	13631	13058	19068	15046	11561	888	14365	3972	9843	15400	1515	2150	13903	7515	7452	11638	547	13104	9627	16864	5995	5330	10855	18808	14092	19126	14544	12148	14658	4643	17501	5652	17569	9716	14632	8731	7170	3113	6644	12427	935	17336	4614	12803	10071	3960	19603	3709	5025	17430	6244	6541	17386	14946	10950	5105	1615	3099	17329	34	11395	6474	15513	4614	8341	1517	3478	11371	8514	10950	6465	6570	15293	7316	8146	18949	4948	12950	2026	8273	9973	13709	9675	9300	8232	3761	18397
12829	3450	2370	14625	7621	6180	4796	9447	12320	8795	1660	2546	12151	6331	1437	19917	7625	5995	2797	15239	10325	19472	1543	12483	5600	13000	13236	4776	11948	7976	14366	7226	15568	8707	6126	4889	3663	13864	1546	1039	8795	6598	13203	14549	14642	3763	16148	11451	14354	12545	2983	7022	11317	10548	8625	13635	19862	16877	2739	19025	13347	8138	10332	18309	10917	10361	14512	14821	5825	218	6999	18832	6913	9971	12283	17466	18422	14443	10637	19740	11318	8724	17688	1866	1407	233	10295	14618	6236	19240	15243	5227	19926	1924	20198	5909	5229	12650	16369	13260
3114	19268	14820	9411	20096	3134	1046	6632	17474	17000	8440	16522	6659	11829	8863	18628	8512	6780	18477	16101	16770	16675	1381	9033	7597	7848	17749	7498	5214	17398	2654	19187	8426	12861	2535	4266	12481	733	4879	8231	9738	14071	4098	8547	6449	16256	9316	11093	7526	16881	10386	16359	15552	18201	7566	7253	2838	20107	6467	2339	2892	9624	9033	2275	8023	12574	10076	19808	17341	6878	6854	15023	9911	10945	3405	14861	19926	15551	11167	11124	8343	4238	4689	9928	12363	6514	28	13935	11373	19609	12101	6985	16614	1633	5097	12609	4130	18677	8987	17885
11619	8843	1725	3379	3085	3059	17167	15515	7452	9147	8760	4627	2964	16458	5172	15560	798	8134	2655	5189	18376	12550	19532	2406	5697	9757	17981	5387	17994	6215	4088	6773	9534	5799	19166	7565	4272	19839	807	3639	11829	6329	16386	3635	11885	6957	8230	18825	5317	10431	10122	15242	4335	18174	11108	1858	6176	8677	1585	18809	17833	7038	16330	16890	8319	16528	3765	15901	15408	11981	16873	9577	9049	3760	4818	8690	17378	16264	16235	6164	8776	12537	2470	2287	13168	14776	15559	12197	6664	14320	12433	16584	5629	4655	7199	17398	7654	9028	15202	8795
4932	12629	2376	7908	11558	467	6030	4982	5134	4919	19566	17757	4594	919	4562	8017	1187	15807	197	4711	19313	3372	15663	6777	6098	13265	6499	18283	19025	15937	3966	7052	10458	20125	16049	6519	1749	12802	4949	12251	3344	9142	15915	15179	16692	1056	13671	1992	12139	7083	3532	16123	18365	13982	2300	9590	13831	17249	15885	15581	11165	14280	3755	19858	8151	17804	7066	3060	8863	1010	13046	19104	13276	1582	6718	10258	14096	15487	5214	2323	14283	12754	9924	4205	12916	13543	1215	1535	15948	80	5728	6397	3969	8559	6337	2870	4089	4455	14615	13729
12784	15686	3535	5284	15732	16229	12257	14927	12941	3866	7437	3801	15942	8107	16167	7738	13953	4776	2526	10224	5988	20143	14249	9530	5960	2190	3705	181	7333	4511	6969	10716	1321	3384	7195	2649	1973	12187	16169	14128	9048	11329	12320	5956	4313	16406	17653	3771	19730	15171	5587	341	857	8878	18084	11665	1950	20048	4223	4255	19472	12038	15387	8081	5584	19322	3168	1267	12568	8358	7417	3713	601	15212	4231	15493	15980	3006	18501	3586	12775	9218	1482	9645	243	11693	3779	870	13097	4746	14276	5017	13413	6601	1726	5685	11377	15988	13498	1997
4452	19564	9163	16930	1198	11544	2945	15794	399	14351	18899	10581	18691	9933	18477	12477	18506	2797	11627	19684	3549	13348	19256	3160	11602	4435	19583	3743	6638	16442	14568	6004	18705	7264	10809	14137	19594	15479	18396	12025	8997	11849	15547	9547	3554	7826	4495	15672	13731	17180	11583	7422	19892	13777	12836	1932	3126	9277	2067	2332	19006	609	9006	16012	1237	13453	16489	7358	7833	5005	9164	13770	6629	3170	17730	122	77	14734	7466	11709	13541	17791	14632	11326	7677	17079	4634	16343	1134	3846	4479	6812	10159	10256	6116	18228	7642	2934	17877	14647
3770	12067	17757	17446	8355	11456	17646	17930	16794	3576	10673	17031	6027	18173	8760	4812	8869	8316	3859	17075	16279	16031	7540	10766	2220	15010	9023	16568	10472	16094	5078	11	4668	19178	7070	8902	8858	2780	5414	11989	7534	862	17889	9635	18028	2684	8948	2153	7719	7310	3935	16221	9221	17217	9026	9214	15693	19369	6933	19836	10674	7385	13017	16501	16359	1152	16933	16335	16708	9353	1584	6171	2178	728	4143	5783	16695	5723	2646	2298	11755	4397	2802	7876	9280	6161	11732	8320	18889	12076	4160	7531	18958	18283	19469	18914	13829	3132	14852	2506
19957	875	8270	18070	7778	4904	9832	14145	17100	12438	1816	4671	13003	14449	4747	9113	2410	13758	17740	5880	505	2913	5434	16377	17629	6875	13706	8707	8647	6545	15560	4143	6765	18400	13781	12815	7837	19131	239	10804	1912	17398	771	14099	15005	13063	9421	10830	3385	9838	5425	81	18968	4566	10304	16712	2945	18538	2468	14628	5837	11780	6969	10353	18740	17572	18292	11877	6755	19735	12924	15135	17303	4643	18696	280	13669	19062	20166	16590	16119	14231	19782	16616	9821	17043	8259	1725	12181	7643	20152	124	10588	8465	2830	12363	978	19086	6913	8101
16134	19469	6096	9832	6421	12660	3162	9046	2	2827	8312	6376	10885	8363	14264	4689	664	9354	15976	6410	19925	8141	3471	14179	10189	20013	14896	8765	15162	12433	14780	5895	13496	17087	19907	18727	15272	14743	13929	2298	1725	4871	1814	708	11764	5214	14680	4399	15050	19745	13986	13026	3427	13809	5967	18587	18541	8280	12181	15926	7274	3629	3519	18036	3200	1924	4026	7928	4392	994	5680	18223	3067	19017	5692	9963	9763	7018	5913	10902	16203	10588	6790	7234	16476	18886	4586	12633	10615	2434	9510	16271	15353	12049	8647	5528	2515	10799	13578	2612
10385	2354	5813	19421	11370	15631	14463	5	19782	5726	10986	6845	4753	7989	18161	12138	16873	6186	15880	1157	19944	19977	4977	621	16079	19888	14268	2174	1827	12652	4612	14393	14610	6930	8342	4353	9821	19407	2506	14589	8806	8446	3085	9725	9893	11795	10698	7945	12557	17864	15900	16088	5462	2138	10460	17376	18974	2089	12593	14989	3482	7179	15064	11181	9116	17769	11201	12668	9131	19731	15982	74	15568	5117	19596	19807	3343	327	18376	12424	11664	11041	9710	2970	11065	18931	9748	8051	354	12781	4306	633	12101	11293	15663	11485	13375	14644	6518	1954
16275	11247	12924	13981	14605	11332	7039	5599	4841	12581	9005	760	3967	11682	18163	16904	9300	714	11430	6859	6081	16220	6163	6135	1467	18681	17122	11161	14598	10798	13064	17350	4082	9444	17052	6909	4755	4480	12688	16604	6629	2072	9493	8910	20022	2156	18224	11414	13494	2763	2843	7290	16323	17979	11744	265	11997	16307	10740	14903	14439	10634	1920	10475	3475	11938	5789	1516	2392	19836	345	14057	3475	14173	18729	13323	7145	3162	3261	9402	9912	594	3605	19160	12008	10339	9510	6795	18019	4150	8517	8701	9047	11138	10280	9030	14233	11225	16635	19613
19908	12808	9158	15364	8360	12258	6471	7151	5975	13433	19131	1022	5309	10589	18225	3329	8779	2715	15074	16914	4279	17564	20188	9189	17110	17563	4966	13009	8433	525	1993	1327	17565	16952	9595	13450	19078	16730	17141	14153	17443	9782	13540	3334	11401	491	1016	14031	2662	6836	4054	16447	5989	11622	17769	8704	3444	15811	15008	18068	8002	6816	11324	6842	9458	19437	15979	17371	14353	15656	14787	8925	1562	1885	8232	587	15184	18916	3966	1983	11971	4184	7744	7891	6085	12989	11366	4149	12584	9818	4573	9421	18109	4873	18438	19324	11668	13319	6082	17521
4065	10301	4123	939	10947	16518	9714	10145	7086	14556	16934	4655	6201	17488	11318	16358	5521	1622	11170	2242	19806	10592	14682	2755	967	15168	9314	16386	10075	15839	6430	4173	8860	16484	16627	17578	9509	6365	15792	11694	19350	3222	19087	215	11197	1204	10247	14955	17839	1496	197	12262	13003	9871	6283	7474	8394	16565	17208	5133	9116	1137	12167	19745	11531	5288	17606	11398	8266	13570	6601	3291	11557	1043	19885	10168	19381	3882	19463	3673	1389	9219	8603	10450	3132	10328	3851	8530	3084	7943	162	13450	6916	10018	12053	8237	1756	19843	3420	8018
6064	4030	11614	19603	9202	1921	4792	2489	6200	3264	5271	2734	17370	18747	14208	1528	383	6669	9558	15416	13432	4829	12196	19778	16105	9446	19138	13828	8522	13917	7437	279	2727	14912	9078	13348	19632	18515	2349	18005	8551	2070	14513	4796	14413	7121	10177	6900	11899	560	159	8068	7109	9543	10525	20082	2020	1515	15842	7977	9554	12244	2724	20131	6378	7501	10415	3247	9096	20098	6093	1588	8953	1652	6703	19079	7075	16311	7633	16113	1134	18299	10105	11920	14647	3365	17458	2458	6186	13731	13925	1710	17301	17100	5648	1350	11346	14231	2023	17858
14628	6058	19624	15916	17374	10328	8325	17851	12085	15263	6864	13405	8948	3659	6764	8438	5260	15571	11829	12792	2905	16240	1880	17673	4161	12232	14174	3882	890	13817	899	5308	14430	12130	6141	12655	16651	16729	4322	12155	3716	12090	18201	10882	10475	4476	14588	19571	18574	20146	14057	16077	13896	20167	12560	19507	13973	3444	12199	12180	19389	13267	241	16912	17768	4376	3444	16998	7912	20031	6586	5223	3478	6882	3972	18679	12359	305	16896	19205	11351	19892	9367	2046	9602	8421	3268	13846	9101	18466	10801	10960	17578	9539	14603	6037	6568	13413	6682	7676
798	6365	6580	6192	16830	14609	2031	7973	9903	991	3421	644	9351	16720	1589	2526	8131	10272	13592	17270	4130	18713	17137	62	3140	6975	10026	2165	8012	12925	15292	10733	2133	1887	1691	4075	9070	17637	9080	10631	17156	17652	2367	19634	4561	18848	12004	10391	12339	774	8850	18512	8785	11533	17727	14292	13935	16091	8914	11628	9940	7849	16007	17915	12916	1506	8358	12819	74	15363	6981	16354	4135	18188	11162	19287	5750	6998	8034	10152	14729	1816	14864	14054	15070	18669	13710	12381	18338	3355	1127	3085	19072	414	11122	19770	9686	7988	2963	2673
14261	20048	15368	14245	12393	18273	15149	3314	2443	10986	9723	5331	14785	14603	17225	10871	11920	11136	3604	18469	7168	459	4660	9932	10742	17384	15477	9443	695	10294	8747	11387	11997	175	8132	10865	14012	4568	4243	10296	16150	4684	2101	2538	12846	5900	4335	4854	18178	15898	12672	18299	13768	8246	6639	3096	3656	3382	14856	18884	3889	17569	7125	18152	11331	7514	8154	14458	12699	10351	13027	10871	735	8396	3808	2281	861	3558	11676	13282	6905	11770	4686	10800	9643	7643	10144	624	19778	17	19380	4998	4627	17623	19634	5434	8987	14998	545	4146
3051	8214	15152	5714	12333	16345	16486	912	6190	8348	12430	11971	6471	14875	14221	9125	12067	404	12176	10017	7162	4306	12552	18970	8417	3096	1022	15832	4266	7992	9335	9896	15076	12741	18036	2216	734	19495	18777	13066	14411	15682	8813	14087	10028	11159	19760	10900	16952	12236	17675	2382	4427	1621	6583	18507	11159	17372	982	12030	19855	9557	2547	9834	3619	6281	18174	16128	13432	12311	9627	9276	774	7892	3123	438	3103	10448	8415	9002	15112	2959	1549	13557	6093	16126	13664	2873	14841	9418	10474	4627	9644	1141	13051	20181	15929	4906	4012	12957
5637	6360	1900	19237	9345	18893	20190	15631	12475	12332	3878	11303	5955	17221	6067	2410	1012	7934	16830	11262	485	19474	11327	12801	6986	10590	2765	17277	972	4201	15764	17878	11387	4783	15748	13398	5390	126	16276	18448	3188	8128	11232	4648	16607	5694	12655	17851	2129	12534	19853	7885	7459	14954	7081	12976	1865	17224	9079	11287	12913	2916	4268	15000	14849	6911	7978	859	18971	6457	15823	17041	69	9354	11954	12444	17516	8080	11248	15771	13628	10013	3907	13376	4980	6037	1636	1328	14974	3468	5085	6087	15263	4784	6228	3458	19095	6653	10625	10931
10695	1597	1553	18798	11786	14536	15568	11264	8631	2247	9853	11286	16277	13724	4896	11954	1125	2101	1716	7608	14266	6844	12106	11331	16001	3953	1769	15802	18075	3498	8062	13460	7531	7629	19087	12777	3705	10865	14153	5076	2807	5399	15153	6976	2406	15093	14529	9892	12051	8514	17012	7611	1992	7980	11349	17941	19462	19170	19778	5145	4063	13024	7319	13342	16027	10772	18294	5167	2689	5812	14957	1474	16797	8006	11550	18753	4445	7988	11581	7696	2004	13455	8251	3639	1916	18779	10693	19168	9822	12476	8981	18225	16238	2916	14574	15301	2983	2994	8796	8770
11636	14662	10065	4791	16047	12253	14905	2540	5550	8363	9921	9288	1125	6903	4274	12543	1184	11288	11594	6921	18223	19998	7916	18157	4104	7796	17536	1804	13933	285	2852	19232	16274	17435	14504	5094	6780	17491	7628	4522	15824	9575	18816	13231	3617	7665	13106	8615	1730	18038	7067	19437	2088	18235	9822	8119	697	10182	5632	15770	19147	9851	4817	9310	9934	4016	15373	781	7220	4142	18444	1961	2617	1728	13672	13387	15552	2839	15960	16112	16956	4322	18763	19595	429	5346	11230	13463	16091	15544	1991	5043	9383	13747	1588	10766	280	14421	3918	6531
2492	3882	16088	14055	14074	11682	5781	7628	7809	12573	1081	19943	6350	1033	6276	12721	9164	15225	13304	14048	11488	13425	1437	1246	18617	6773	9404	14770	1416	16174	9246	1185	9257	11812	5869	17257	16461	10657	17999	12747	9768	5381	3399	7414	11313	3623	9394	13341	19651	9889	20067	9203	6389	14012	7630	5061	8789	15586	20047	13507	4643	19838	16363	11606	3710	11191	3189	7276	18813	17201	4063	2112	13143	6940	10326	12727	7838	13682	17694	9924	11982	17304	3558	6784	18814	19059	19610	16527	5600	5701	7989	14533	11626	5577	9036	6686	7182	16584	14642	2884
3709	5441	843	13209	299	12475	7900	4623	11874	2078	17346	11139	11973	6432	14935	3184	1788	20020	17546	4149	765	9041	811	4503	7041	19172	5300	10551	12054	17737	11845	15636	1612	6667	4291	19115	14588	12366	2445	2835	5981	7447	11404	5361	15878	13701	13153	15178	4142	5126	17811	13638	12533	3689	10959	6594	15233	1756	11907	16880	257	7159	1725	439	15951	18720	6171	3008	3431	11316	8236	6731	9495	4879	14792	16669	3205	14599	9243	19120	11457	15216	15319	19300	10963	2356	17679	9429	3060	16317	3121	13735	15644	6584	12339	4254	15336	7338	6121	16712
7767	5917	2636	11498	8709	13680	3022	13435	17128	11619	10210	16881	11722	57	6957	12492	5124	19324	10141	135	16627	16615	15293	2061	8075	13561	9992	6690	15792	19834	9258	305	11155	13159	3880	8408	658	5749	15481	6850	935	11967	6596	5789	4243	3529	4847	5254	8828	15794	8253	650	18438	13250	10519	4812	19539	6141	1982	11202	15685	11014	396	12868	10564	9681	14196	3362	10312	9213	3460	17750	5976	9101	13209	15444	146	9052	16965	788	9189	13678	7655	4316	8200	6918	6583	10915	348	18016	10425	14033	13173	10396	1997	15031	12	7840	5500	19265
17384	7790	9232	6421	2342	17845	4328	13968	14225	8835	9415	19452	15276	2492	11662	9118	324	3388	6994	7144	16220	3121	15503	11189	16752	3105	8776	16737	15074	14365	14400	5942	17039	17586	18272	19989	1684	2735	17606	919	13598	1725	8049	7120	6342	16063	19582	17129	13118	1950	13125	17163	16054	16299	4566	18178	8726	15288	5657	9375	11585	15571	19529	894	8025	7509	17610	18017	11707	6319	3473	2381	5283	7985	10484	14664	9832	6645	4223	15821	3682	10469	2248	2794	7875	10599	17719	2871	7982	11585	1957	19250	4259	10931	12079	7592	1347	3847	19481	1722
7532	19877	8788	10189	7018	17178	18315	8789	16983	3474	18026	11823	8828	1454	2087	15849	15685	19489	12336	16823	14672	7808	10826	1217	3462	11129	6421	13625	10189	13781	13601	2422	18803	7556	13202	11277	1642	4854	15979	9430	16216	19223	15527	122	6812	4720	3305	10463	9413	9555	1582	15771	5426	3299	2105	15849	6495	373	7964	15317	9033	6014	12192	10175	15846	18000	6478	16916	17119	6713	5429	7033	16910	7396	17159	1734	6753	2934	9802	5959	19904	4151	1708	17804	3685	7638	1679	16292	15659	17532	4095	9664	13359	1039	20188	2868	16715	1131	17411	11464
2130	9409	3732	6093	14527	9766	11472	3743	1646	4997	15238	19693	9747	515	4603	3132	5924	2393	10120	3629	7472	7349	11449	10437	16953	110	965	9459	2183	17928	17401	7682	7708	19026	18402	12281	4402	15140	6220	14371	170	11121	18286	7345	12739	15469	14917	4692	5049	179	4257	16133	19941	7423	3983	5475	5930	2175	9173	6155	13547	4080	16429	6236	13721	14292	15593	8359	17688	4717	13291	2761	17783	11223	14791	6292	19332	11061	9307	8329	14755	11896	17816	9449	16733	17851	794	17549	943	16447	2448	1159	15691	426	14015	1455	11581	13646	14639	12339
19838	13007	9252	6929	12664	2773	10177	16548	15068	1324	1535	9080	16816	3248	8311	2783	3217	1975	7285	7297	17732	654	6338	8727	7216	15102	6909	15423	1815	19118	5292	11434	18274	8925	11496	4315	15642	19667	14245	4684	16800	16400	4421	6376	12112	7394	3495	8850	15511	17249	19758	16564	2829	1009	8236	12981	3160	9069	18841	4753	4205	15848	14331	1004	2478	16012	6304	3776	7045	5270	8637	2695	9535	14497	4274	3257	7973	1485	3153	19176	9077	12121	19732	9652	18558	11090	19574	13382	5910	972	5993	13610	2657	10089	9015	14522	16766	16290	4082	6674
14518	18874	2598	17486	4752	16375	16794	19568	18501	12591	12615	8179	17273	9305	14035	13146	4903	4280	11414	12159	8805	15462	11695	17979	8514	16853	1456	1657	19658	5593	7985	6833	16529	6916	4637	1113	11611	19610	6224	4086	11366	10273	8882	19699	4006	6278	18691	448	8909	18646	14460	11596	45	1033	19994	18562	3143	15950	2682	17646	15456	16663	10941	11900	12988	2374	15996	17621	8009	12814	12992	12555	3637	12988	7671	16791	11300	10507	12720	14887	2232	1703	6899	11140	17986	10256	5123	8941	3693	19497	9601	1997	4173	4804	1118	12871	4919	751	5575	8914
14173	13037	3372	13307	8244	1819	10333	12219	4482	11641	14707	45	5995	807	5425	6360	10387	8863	1317	8789	11119	11473	6112	2440	12695	11910	15348	3606	10710	15717	9814	18376	19072	485	3533	4558	325	6406	18949	13316	281	6601	11161	4549	14628	5153	15471	4470	11932	6500	5602	13980	15590	2111	1887	17443	17481	4570	8613	17883	12894	3597	16358	15530	12930	13000	9080	19039	19476	15036	2500	10981	3189	12887	5463	19117	15519	15055	17037	60	1542	12375	18696	19610	12606	15119	3105	14347	19760	2575	823	8007	7369	8146	11922	7790	15431	6998	1864	733
5782	11371	1358	6835	8130	17475	10233	11143	12049	12782	8384	19088	15899	478	15377	19695	8304	1978	15583	3271	2046	16965	9294	5119	17865	6955	13582	19923	8779	19076	1152	13017	18241	13868	10897	8535	6981	10604	12504	19299	13806	1719	819	1986	10233	17958	19657	14731	10525	4772	19466	15142	3378	14756	13228	12199	13732	16976	11627	5871	1921	411	19128	476	15416	9630	11298	6672	3519	3237	1631	16386	1558	18680	4660	4306	3005	7971	19394	3742	13978	3070	16672	16505	6905	5770	17847	7776	6645	10924	18753	10665	7782	12688	18586	16671	1802	14186	16950	4158
16925	4588	14191	2858	14674	18734	7501	13689	2675	14216	10999	1346	16427	19683	1997	16776	7713	16946	11795	8188	10645	10523	1207	6209	16797	1193	2829	1137	9301	18261	54	17420	11287	15502	9503	19838	10885	11105	2124	9579	305	5982	14370	9163	18235	1802	14666	14491	8000	1114	15969	6964	7056	15821	9861	18814	1789	8484	6899	5104	907	9389	18628	15328	6780	9268	666	14967	17381	10805	9108	20101	451	19955	9959	13104	5790	14564	18880	10747	5843	8980	688	9366	16448	6939	433	239	3067	6667	18829	476	6465	14974	18325	16589	12760	8702	3797	8880
16295	378	7354	19620	7608	14368	2854	10175	17191	9444	13496	18921	12633	2945	13925	576	20144	11396	15703	13587	14598	8124	18777	8649	12342	9442	10443	1424	4119	10984	10993	20077	12452	9594	2331	19589	6693	16878	1682	5347	10361	18318	809	10137	15285	3143	10652	18273	981	6000	18590	4702	2456	6740	14544	16830	5541	12336	17759	5202	15171	19489	5926	6153	1083	451	3391	3417	2068	8041	4307	4771	18017	10515	620	10677	653	2143	9858	689	5011	13953	5623	2146	3030	16368	282	4561	16337	10747	16780	7783	9606	16562	19474	13774	10109	13209	15947	7368
2562	8709	17901	13262	14833	13099	560	63	4411	5450	12138	9049	4386	9751	15371	19304	7532	12036	2442	5034	1650	20125	15063	3002	14428	15053	14462	19777	3461	13969	9639	17497	15070	2795	12710	13041	18339	8535	5869	14429	11617	7318	1293	19332	563	8263	18531	13307	976	2408	18591	8224	2045	6738	384	19367	6974	13041	13757	10938	18416	7833	13621	9707	7487	10591	8130	16527	3354	14610	15863	12497	18474	2788	5946	2558	4374	524	9714	14430	4719	4332	10295	1496	13105	15099	17688	19980	19892	8934	1350	4188	15659	7534	11444	678	8319	12182	3198	2594
19854	10774	14366	9231	1625	17051	5642	20022	10034	13877	14617	8226	14128	5415	17135	3506	5100	13923	15487	14520	9300	9735	3904	17374	184	14667	10042	9619	13335	13891	4496	13974	18702	10879	3908	16138	15714	12310	15885	8280	7316	6050	4282	9751	10046	19455	3657	16894	1961	6910	4564	532	12695	14615	12629	4581	17832	16586	19775	5592	9769	8488	19943	16883	9731	1834	5214	17724	1350	11703	14518	13017	16950	3444	14647	5420	5487	12357	2654	1793	13846	9065	1625	5909	20192	872	9627	2964	19458	6986	18656	195	18321	19629	4327	6355	1703	14900	15323	7807
4442	18293	18028	9606	4086	3435	7065	6988	19377	7985	16115	452	15047	7049	12244	12716	7110	10773	2780	8464	16363	10635	10314	15735	8843	16659	2990	9151	20161	8474	13029	16901	12735	2	4307	3601	7815	19652	1445	8207	3441	9296	13472	3320	907	12960	4341	18189	258	18845	18702	1229	17906	7213	16996	17322	558	7836	4240	2702	16777	3428	5681	19649	11168	18718	13729	16274	6544	1017	16122	8698	5116	16123	4699	16024	20044	12183	19996	14592	8782	2706	18241	9874	19330	8818	2094	8980	7514	11589	14592	5680	15559	2	18860	3702	12758	17832	5413	12504
5425	12574	13037	9615	1766	2368	10980	978	16460	2216	17262	14603	19461	279	6256	19816	12803	4188	2300	3566	13303	19775	5557	17326	620	8369	18574	3057	19368	6356	4533	10765	20109	15360	7527	1696	17148	16676	9701	19232	3904	17172	3993	4562	13202	8869	1131	13864	10503	8770	2702	15066	15573	5742	1573	5783	17372	9600	2353	19635	15816	8226	20021	12332	2527	5349	13746	5983	7906	10269	12235	10818	13125	13365	3165	9829	19885	7574	14810	4893	3875	9769	2446	12736	3424	15685	10049	2209	7507	6624	20118	13658	15327	4726	16306	3067	10028	7196	13432	15144
3110	3116	13404	7175	6182	17859	14776	8389	12339	18862	15574	13914	17128	2480	8146	2465	12822	5511	12530	8776	16810	13	7837	12194	1743	15702	20023	3435	8119	5207	9238	2779	19487	15352	14802	6394	18293	12829	15579	10412	12190	15047	905	5457	14634	3533	6708	13507	7492	16548	13315	14470	3900	10480	14539	8092	18765	12420	14913	19693	10165	3191	16283	18412	14459	631	6155	8662	16608	711	19614	174	6394	15357	18948	11902	13115	8454	6033	4816	16091	6411	8563	17035	2549	19686	17430	7934	8044	7717	3211	13111	474	14001	19044	8639	1622	5111	14525	4343
5682	698	8862	10824	16170	13063	9330	16819	13927	6855	12196	8882	8559	5153	4374	11892	10148	6094	1803	16238	8548	3474	11786	9838	7141	3994	13029	17918	16583	12583	17876	17166	7374	13394	3363	425	20204	3605	9932	1581	4549	10141	15510	3819	8716	19243	933	15964	10687	2171	9231	14752	6061	3337	7547	7124	12989	12692	12650	12792	1727	16401	10552	19113	14940	10226	16505	18390	13700	12646	17119	6722	7388	5384	309	2370	74	2576	16715	12271	8773	3461	12637	14818	3274	15764	9484	9616	11249	18425	16335	9515	9962	11740	17474	8678	13140	17378	10954	1953
8615	7982	13507	18453	17791	2251	2773	4354	6301	19690	19496	18370	14614	2488	20174	11053	38	9269	17355	5046	11628	8506	7207	18714	15327	15165	12612	12465	9791	16260	4411	3156	13702	9749	6838	12589	17751	2709	17358	4935	6914	15312	10156	2250	9214	11835	11925	16235	17784	18931	2662	3378	466	3165	14519	15597	10773	16390	4437	18272	14892	11497	2067	5612	7284	3425	12429	5003	1400	16380	10739	3235	1711	7376	3969	15202	9567	18610	9072	13806	7595	17163	10532	13527	14623	4130	9886	19693	20015	6588	9851	17493	16264	3816	20166	3579	5584	2823	1834	16896
18486	20051	10947	17919	9808	4272	16362	17943	3649	16826	6899	13011	10431	10623	16975	7385	10565	8548	2979	14374	12530	17370	7745	11920	16801	10259	16805	3448	3288	7017	11906	14651	6652	9595	15276	15936	17687	19021	6232	8657	9761	4647	2856	6436	3217	15192	6555	7170	13433	9258	19085	6705	17677	13336	9101	15646	2827	7696	20182	5656	124	1892	3678	267	6031	7665	601	19969	3765	16203	3177	20021	10887	11159	16352	6217	5374	6403	19807	11589	8194	10357	3642	4773	17560	14392	18324	16302	16241	195	17652	11659	2986	5044	11740	18549	13898	13910	4439	10500
7957	14067	15285	6297	11917	3506	13679	14015	7547	15981	7323	13710	13717	15148	15175	7228	1049	13169	5089	5686	3933	17302	8863	6684	11124	4965	12	1251	18730	5609	17694	4435	13413	3047	14019	7925	12464	7166	19205	2946	11708	12138	5688	5575	12277	15163	5594	15644	181	15181	4612	3409	9901	1601	6596	16110	8128	7873	16923	1364	8085	2473	14674	7547	2715	7313	20142	12297	553	19519	9577	16593	10086	11906	20187	11694	4275	14869	12224	3357	1869	11842	18467	6489	18100	10411	13185	5665	15214	15594	15969	11986	9449	8923	15897	2542	15374	7897	10765	4792
2715	9465	2176	18305	5056	11073	3719	17877	3372	1163	451	19048	7080	5877	7066	4603	7274	18266	17193	13750	1876	267	6307	12247	16496	2688	7708	8370	15459	19049	19080	19810	4977	8056	9457	9461	1184	16258	11691	16241	18005	10582	19265	20073	9242	10108	15791	14231	12862	4764	236	10370	3869	7164	12417	3023	123	13103	6358	11558	1293	10418	18239	2453	5633	14745	8349	1503	4032	15144	7690	15320	18584	1992	8302	11457	12227	5290	3307	7155	17535	2200	9523	12833	10470	9403	4479	12941	5547	18329	10773	19482	19358	10874	8504	20161	12145	3774	15450	3131
8480	12126	7654	11352	8753	5402	6215	6366	9601	19785	18957	9316	1458	5039	12475	13900	5601	16896	10632	12069	10293	19497	12357	10540	14745	14808	12366	4983	17438	4263	2171	5835	179	6499	16565	4253	3279	19253	17402	10952	5984	11293	10928	4915	8827	11233	1124	3435	697	9641	732	8041	5211	9749	19126	7120	18837	7830	15482	15769	7083	8058	10469	4341	6539	9294	7086	17491	18429	1971	18946	9415	19069	19613	3907	12026	7110	15765	12755	17702	11260	9841	6166	17567	5253	4469	6347	2546	8760	8859	18117	11760	10843	10747	4122	18315	17748	19057	2193	18346
15117	19979	14221	9136	14954	7183	10675	2688	9304	13328	14551	11140	16647	18439	1687	11827	14035	11920	12786	7561	19130	1891	7070	2270	187	2803	8544	11321	5512	6297	7744	5470	1023	1110	9863	7832	7052	17087	10912	859	18734	3964	6773	15983	813	16043	17629	8070	16112	19171	8449	12615	13714	10692	11739	13957	1353	12951	19762	15169	18370	9178	13486	2183	5612	12590	1126	15168	12434	14109	2625	6306	4411	7138	7898	811	2477	15318	5283	4212	15494	12580	10559	19359	13478	19188	17587	7738	9815	7743	3519	16995	1770	7560	397	1150	14251	3763	2596	20026
8208	15984	16676	17430	1593	10162	5887	8637	19124	683	14980	2965	15542	7720	6288	18312	16152	9351	11062	12738	207	9108	5327	7070	16703	18909	7951	6258	18276	16856	12859	11457	8921	1052	19994	18068	14653	295	16204	16901	2003	16845	779	12384	5254	1789	11331	6251	10215	9767	13122	194	9014	19044	4020	15359	7540	15635	6932	11777	11434	5066	7581	10697	7099	2536	198	11575	16794	6018	12447	7431	3879	15259	15593	17407	19497	4886	19653	2327	13687	18838	14761	17871	11826	12048	19820	11816	3769	3770	15537	4465	14564	10189	14424	4997	18756	1110	10463	8548
15352	11975	16774	12262	16642	12464	4896	18538	3281	7214	10950	3645	9516	17237	1746	645	19312	13540	8805	18628	14834	3679	5599	5043	6116	11819	2171	19353	17083	12262	14373	6878	5870	14133	6053	11202	3114	11986	3203	5830	3044	7553	10500	618	16836	3774	14159	12657	19853	10031	13484	7133	10842	16715	13885	19971	5696	6829	712	650	8902	10269	6551	13314	1379	9059	197	2072	6903	13963	17868	12145	15560	13705	16833	18643	8825	15002	3085	5392	15875	7285	7192	2624	9379	4029	11303	6108	81	14064	11313	16633	14776	3540	1722	19688	1672	18751	17148	7057
17900	7393	11031	16864	16061	16702	19381	7299	4817	8541	19381	2715	1860	12932	13024	14973	5389	481	6940	14549	12136	18238	11199	11611	1224	6369	2632	9405	8342	16548	16354	10288	3497	16314	13432	8243	10441	20007	18271	19220	2192	8371	17610	8299	2221	110	5977	15166	17921	4802	8750	2777	11292	8585	5886	17643	14833	4592	10922	3668	12560	12809	11601	11641	1037	9851	17802	9915	14642	10872	18988	1389	11531	13314	8731	11332	776	1579	2659	17968	12296	3156	2028	4957	11055	4683	10992	19116	12662	9006	19073	17458	8109	18971	6946	7380	12977	922	1396	8941
10040	16499	4720	3352	10454	6040	11223	11965	17092	9340	2060	15863	6108	19125	18312	1267	14531	19638	17806	19304	10043	6948	3128	7742	171	13661	13336	11686	17572	16036	2234	2752	20120	487	19306	5765	17370	6355	11453	8365	2477	10601	4533	667	19401	5854	18628	15444	4075	4224	14516	12783	8921	5245	13533	678	7218	11098	15958	12982	17309	19185	14323	13973	13500	15719	3944	15347	12853	7924	2038	6576	13800	3656	19903	19675	9802	6490	4255	4601	13635	16508	7705	1372	15719	16199	590	8779	1301	4427	5394	3465	200	14099	7917	14632	3752	3393	19230	13410
5520	1389	10782	5390	9697	15403	3084	12804	14108	2223	18807	9728	16486	2171	16630	11978	18324	4612	6374	18336	17371	2453	8041	8951	8686	3964	904	18838	12981	13147	5492	5702	811	15672	953	8551	8635	3642	8109	15010	6063	1662	4868	6765	12599	5112	9467	6722	5612	6723	11404	18248	1164	9821	3558	10676	10610	12741	19264	17590	528	666	1141	14339	111	5572	19928	4503	18445	17784	10543	11551	13719	4388	3510	10938	16279	6565	16700	18517	13879	9730	14501	4422	14069	12449	8359	6271	15134	2774	19988	10304	968	9636	4044	14035	4801	13824	7427	11462
19944	15839	19489	11792	17108	741	972	13247	8813	13265	9069	1541	18859	6533	10801	9027	9557	16463	14269	18683	2398	5240	17959	10561	1729	5317	12067	16833	9559	14130	7110	1324	12167	13927	13584	15416	13981	14000	8241	7858	18446	18429	2923	5481	299	12010	18374	18483	3130	6038	2553	13281	1309	8417	2934	14563	5530	13687	18848	7674	16213	11969	7406	14159	16827	3493	9997	15754	13450	10502	18861	10075	14780	5240	6597	19666	16378	11200	12757	2864	19595	1443	10084	5126	13856	13023	19217	8782	3308	7898	12252	3567	9499	12054	9559	4623	14896	8836	16930	10638
13915	4401	14957	4713	295	14400	8639	6157	10517	4080	12025	15586	17264	1485	6498	16316	18178	17533	1111	2244	9694	12838	2107	485	10357	2718	11915	6425	15750	14810	8802	18898	446	12259	8397	10227	4841	9892	1679	15803	620	18693	10148	17923	7531	15050	14339	2853	3116	19181	11923	13135	6201	11576	18388	16165	1780	16998	18622	3907	20130	14914	8408	6936	13710	18090	9160	972	17491	17882	2546	19006	13802	8989	19276	13176	1640	16402	19457	7359	6200	2027	3837	10169	5119	2859	18890	7971	3747	7448	15236	18043	16968	151	8701	14721	15456	16637	242	20009
4135	7423	1692	9064	18179	8992	1359	12047	17724	18315	12152	6884	17971	7312	2535	16902	7109	13089	517	16036	3926	3366	7122	19150	1317	5042	4896	3035	11483	8563	18282	5849	13215	17181	5521	5274	11312	17754	10923	323	13905	12738	12984	16764	10941	419	12241	10247	15129	16201	2208	17385	19988	12475	9389	6321	8771	18921	2699	8870	9515	14027	20070	13073	2159	1013	2507	16635	1793	2306	18945	18679	11268	3462	467	8223	15890	13090	16055	8236	15118	19318	19638	2708	12976	6595	12708	6047	8693	8154	11209	924	7832	7655	1655	3294	10603	9390	9508	17578
10139	18681	5289	5065	4755	7031	8469	698	4039	577	18246	5499	14027	5708	12687	13463	15898	9096	7374	12145	12232	9366	9841	8044	9682	8367	19597	935	5932	4847	16377	1652	12189	7162	10901	3322	19836	20028	18622	14440	19217	12514	17713	4489	3128	18070	4660	2739	12400	10544	2694	19934	8709	6180	6687	11497	16974	16302	306	17	19364	11229	10320	12567	14187	12836	17811	10919	18661	6958	18082	15284	9453	9397	12599	7380	3732	19653	816	2078	610	13017	7566	12475	15847	17151	13723	14688	3163	5237	94	12757	5214	3576	11182	11758	13877	18291	2245	12123
6063	2428	19785	18901	16349	849	10687	7925	7474	3344	14315	7187	10655	18511	9721	1876	19376	7864	4478	14861	15863	14876	8271	12273	16927	15265	610	17896	8180	11910	20191	14776	3911	6981	11896	17992	10903	19483	6328	11618	7079	18467	11784	3110	10228	11602	10066	19318	19357	3777	10933	11084	9214	19299	459	6682	17261	715	10120	19652	8000	16152	16585	7840	18503	4645	16388	14628	931	13717	3450	7928	19142	11328	4904	7164	6211	10020	7509	18013	8114	9964	16670	7275	4764	16999	14834	16143	7634	7501	14991	7789	7138	12848	2916	15426	14426	77	4591	2070
1110	397	16083	1762	6551	3518	7125	11217	13687	17876	13831	10993	668	15449	1858	299	6337	8244	5681	884	9	813	3928	3911	10692	11336	16643	16110	6559	16422	19366	18054	8660	19012	9415	19627	4923	16302	11526	2027	4713	11323	14718	319	5563	13211	3143	3621	10735	8243	5688	13011	1921	8910	13282	18016	17385	6020	5738	19771	889	1983	2358	5877	10814	11361	18429	3176	14153	4910	1869	2093	4841	1938	14628	19880	17127	3775	18949	13673	11884	2811	9509	12827	18416	16369	2259	13265	3315	19025	17008	13171	5187	19752	18505	14592	16426	18842	2434	18930
12644	468	18549	3799	14756	10208	1573	16043	15431	3096	9805	11299	10247	15849	20200	9251	15336	13616	15514	8948	923	18309	15872	3796	1020	1589	13525	11312	5868	13010	12251	4018	4519	5551	1017	1302	14120	11320	13276	11933	1482	11068	4774	12052	8736	12593	17981	1265	14672	12054	2311	15878	11640	1090	18800	12185	3085	17190	15354	15394	12474	13382	14560	505	11619	6842	7304	17250	9769	14762	9716	17992	9209	1258	13321	9923	7299	326	1352	13143	12167	1660	3910	1486	14074	17201	5164	12094	14573	15834	6511	16028	6202	10824	2011	4758	3708	4819	17653	10903
12946	3774	5487	10280	6412	8639	538	2894	9967	16187	972	14368	13	17086	9989	10559	19389	17640	11581	1858	14776	13745	2190	15845	8791	1065	13985	17173	11744	589	10387	14940	18087	15076	6777	13453	4088	1190	14491	4401	14987	10162	18097	9862	3670	9282	12988	13169	10902	13678	18271	17901	6203	14129	5663	7216	18273	12038	6376	5079	806	17263	17453	14636	262	18163	16448	9820	15805	12224	19702	9073	15714	9057	15851	16910	8415	5642	17932	18265	13741	14194	12755	1368	15593	16540	13711	18698	4738	9168	12802	16957	8870	9841	6939	9593	9156	14852	19119	8295
15234	11843	9630	15071	9912	8502	13553	12685	1920	3350	19055	1382	5342	12961	8503	2090	3222	920	940	15272	3267	5061	18705	8289	834	3204	1299	12194	5699	8357	7446	15628	10045	12710	3642	8241	16240	15406	7444	19534	6884	4069	11528	16163	14196	15735	1404	5217	3763	16476	19710	11800	18691	12543	20072	3690	2565	6360	18103	5610	9423	15692	13204	18030	16991	14980	621	6622	14670	15620	17401	7803	4684	16193	18457	17317	11950	10868	16335	15527	14555	5611	4903	14007	446	18162	19755	17737	7968	15327	16020	10581	7193	6248	5439	17122	12784	6511	11177	10663
14632	15976	4562	12088	1232	9366	11368	18171	1012	16595	1056	10472	10384	11010	18177	4267	6380	18918	6126	2	11256	9405	2591	16595	5393	13138	5891	19527	12106	3389	9757	15255	14613	18355	15227	5640	19344	5120	3782	758	32	7608	18861	17546	5164	10385	16589	10561	1173	10071	19603	12584	2614	16864	16963	16567	3947	14330	10347	12721	6187	1992	8247	4880	2353	15960	11153	17561	17838	11475	4776	1132	3183	17560	7539	5638	12687	9	6927	12830	12283	4212	12791	12427	17191	1474	8068	4546	12532	3351	10477	4551	14355	7507	10695	6196	14650	10472	625	2748
9991	387	117	19838	2715	19865	12530	14744	9189	8195	9383	2680	5938	9211	6654	7623	6352	10978	13968	2786	15457	666	18484	12159	14508	11468	13744	9424	1282	13719	18039	15995	372	7876	11606	3639	19327	16037	18563	3640	3515	19759	4968	11071	19086	4069	19330	15583	4088	4924	6520	7110	15579	8742	7656	16837	18494	4457	3114	8959	14177	13323	8559	2020	14925	17681	4968	14331	15046	8404	3742	4586	15477	1316	13567	9353	5646	2724	13593	13463	19399	16644	682	15622	13819	6348	3162	1814	13769	367	7012	12270	12237	15552	10326	12382	10104	9033	6252	11808
12499	16363	8447	13690	17008	1913	1543	19179	10855	314	8719	16552	6744	12255	4279	6731	14935	1722	5299	13766	3029	19123	10596	2090	10	8950	3825	2580	19048	16730	16090	5860	1337	15988	6498	19211	16991	7369	10941	7010	12403	7242	17865	16174	18524	3099	9287	3540	6331	11177	15521	3800	8967	16725	1082	16066	16812	16357	18998	13604	13668	4458	5950	16383	14423	17618	11140	17696	5858	1007	18362	13653	12382	4044	9567	18422	2696	11982	2746	1347	18687	16728	2103	13973	4139	3427	8545	9059	4443	5617	15693	2186	18962	1456	11456	1686	5726	4999	2248	14818
3657	8469	11301	15569	2468	19862	11559	4017	1290	19808	3763	11254	8250	14941	700	2986	2657	4965	5379	16610	7798	19653	79	12074	1142	4878	10403	19735	3174	19612	3458	16848	7734	7572	4107	17135	4702	6952	5261	7223	4773	12736	16857	15228	12464	12695	12667	8415	1414	11466	18033	77	19152	2611	14373	13045	15748	7442	8859	5781	4238	12853	16810	13778	11923	6845	3634	3669	9296	3379	15513	16754	9158	8566	11555	3645	16617	7367	595	10946	1340	8851	11049	15811	299	5621	1153	16378	3639	8081	17169	10228	2473	8239	14549	5086	5344	19118	8381	5964
17327	6359	19563	13322	1368	2028	15284	10119	17183	19994	6618	14090	20032	5307	7413	2582	10243	11492	1983	1530	6632	17373	1416	17411	10632	13218	7522	2094	2924	9731	10934	3067	16425	3875	15540	5288	3742	1487	18366	14194	18858	4036	17061	16042	11913	16460	7295	2011	13064	16436	179	17943	14870	12743	1530	17829	6765	14250	19564	19126	10371	18624	13624	16362	3075	4511	1673	9530	6484	14055	12674	19773	14910	13928	372	161	2763	7354	17474	11084	6040	17905	4900	8651	14284	20146	1550	253	3833	18486	476	6762	17038	19941	11179	19107	18713	838	4184	8556
15724	1586	20000	4313	4720	13173	16091	13000	6903	14417	19074	9604	6190	3473	2241	2354	11682	1398	14000	3960	17543	7842	12154	12185	17604	7257	9067	14044	4552	9829	9901	7359	1032	19221	1942	4739	11511	2021	3932	12838	4732	15811	13187	2186	3339	10507	13427	16059	9965	9411	1682	19995	1327	19667	13773	17663	2105	17833	13026	1241	2983	16766	6674	10147	14635	18095	15686	1541	6745	19400	15802	16709	16459	2456	7674	10049	17910	13000	14878	9409	18861	17033	10587	2128	7742	222	14242	4742	14904	8232	12685	17971	321	15117	4244	14776	4884	7114	8137	18656
9274	19574	16267	9016	19765	14752	19224	10791	8425	18796	6538	9861	14035	3689	6693	11602	1141	8993	19536	3435	17072	4503	161	11740	3765	15911	10652	13116	11135	2608	4186	3746	1487	17954	12777	19805	1486	15288	8215	3229	1556	18807	15958	17469	15297	17257	16013	12836	14560	3044	6399	4811	603	5560	4280	11306	6743	20095	14504	3776	11351	17194	13513	3855	9736	3220	8988	7538	5063	2787	16956	12742	3370	9156	9857	2673	18250	15790	1948	16079	3735	280	1942	6592	8273	5034	8104	6762	18506	8884	11771	17220	18536	16174	5338	12960	8544	1549	16063	16314
7203	12148	712	20102	1924	6698	14189	8685	6911	6401	18286	14993	6923	17345	5696	10344	19806	13128	3769	12699	875	18624	2998	1891	7736	6565	16489	642	1535	680	19592	6435	14268	11885	18113	11053	52	5893	11827	10034	7345	11627	9498	3025	16603	19939	19571	3051	13806	9608	7373	181	17754	14401	154	6639	2094	10747	20151	19184	10606	16120	16159	13387	396	1790	855	15947	2646	8226	11449	9072	15523	11843	19688	17476	6975	1780	8244	18638	7006	13593	14648	6390	791	14555	10806	18639	8603	16835	12721	20098	4133	19109	18796	11575	2672	1691	8460	1946
19474	15456	1522	9049	3350	11626	11745	10100	1776	15334	19583	14651	15070	19872	9403	13550	16991	4369	12645	4407	5984	6861	13623	8209	13430	14196	8205	1725	3391	13484	4122	7718	19804	1578	8702	17330	2233	19883	19158	10876	12811	16692	5335	190	2680	11400	4303	14046	8710	11092	1023	19899	16866	9074	12491	980	11863	16066	15457	9282	10447	13505	8068	1485	14977	1098	7095	17409	19484	9262	11704	3342	9136	14633	7572	6221	9817	18329	7748	12829	2484	18236	8079	2906	18723	14619	9218	2703	11418	9907	14216	1601	14524	11145	6105	6957	18752	15958	4259	5902
18100	19998	703	11619	1424	14922	172	5633	2906	9106	10497	15428	7050	13717	8679	19660	18669	4983	17334	9805	14555	8249	9072	3533	7423	5325	16937	5663	4188	7442	18729	14961	5015	10823	15205	11333	6758	17061	11336	9608	9021	17479	14709	5561	15611	18515	17033	148	1027	11843	6490	13692	9694	14176	3428	5368	5640	417	12346	19141	448	6281	12400	7447	8816	1375	8339	13879	15439	5768	19156	5136	7992	557	8132	5381	855	7731	6855	10182	19907	7099	10074	4646	18104	17694	4566	12275	9050	3283	10258	4087	10610	13211	14559	6941	11608	3008	17824	132
18537	6287	3955	4674	15503	7119	17261	1876	299	16873	17639	18574	6018	221	4244	5481	6967	11245	1241	16417	18908	8443	6321	2710	19678	17707	2208	7625	13865	10997	5570	13358	746	5639	7189	7373	11463	14618	12328	7619	6014	16777	3957	16049	11533	10097	466	200	3051	18909	9422	1946	3555	6295	478	12433	12117	13203	7178	13365	642	9722	15392	11492	13795	4784	12990	3418	11561	4146	14356	759	789	12024	12069	17024	14986	17300	17548	1322	9509	10222	801	12706	7199	19015	12026	5364	9065	18953	9857	12808	17992	13224	18365	6334	14417	552	6795	2920
9406	9	3657	18387	6328	12989	13894	7540	14935	17284	10782	334	9952	17783	1581	19576	2935	3837	17415	18235	13368	3702	2213	3976	6463	15602	17832	17117	13968	6796	79	5243	4046	15409	12838	10903	18379	16083	1432	5265	19317	17794	17626	13510	7365	12685	19585	13422	4485	190	11846	13017	1550	788	7536	10937	8827	18174	14626	19922	2478	2146	6027	4167	4554	123	19330	15654	2656	2385	20181	1301	2124	17148	11549	2604	19270	16902	7718	5790	5742	18475	14911	13155	9661	7945	12929	6468	2531	7151	2710	1016	14048	11999	18034	13476	7975	12697	10800	3972
16958	4957	13332	19307	12030	15540	5901	14642	1857	650	5076	2387	10699	2558	10480	17748	10402	7022	15114	15281	4785	16607	11443	11390	13227	14631	20055	19733	8018	5090	11696	10018	4614	12051	12465	15682	6401	1255	3131	8236	8417	5461	10174	13078	3836	264	18913	19095	9697	16937	11708	19712	926	12431	4498	4006	13375	11982	20131	5984	10233	18705	11170	19142	12777	19676	7760	10773	3057	17750	9331	14067	11228	18691	8196	4111	841	19454	3857	14053	10999	17315	10765	17021	5964	6932	18966	12768	11395	18962	19232	20038	13680	5410	17983	7985	13260	15901	11150	68
4446	16123	15881	3293	3788	5271	14092	4634	17852	2203	16493	7790	9959	5491	4200	18416	13542	241	12188	15695	17004	16847	17637	17055	6669	17373	14913	1749	12419	20177	8467	11204	16845	3370	2735	5536	8824	7532	4121	18177	17227	8562	8761	868	2107	341	16341	10089	8509	9671	14276	9592	5768	9183	249	11308	6963	10549	8489	13510	3004	9686	9947	6980	3719	2241	4966	14030	5233	15871	12945	1317	11387	14429	4003	5239	14177	11482	5402	545	18557	19065	3131	18964	13533	15471	18589	387	11967	3307	4314	19614	16191	1687	15737	3836	12637	14378	1535	4690
1827	5907	4521	18572	5705	14154	6425	2175	9518	6369	5111	7733	18062	4831	12641	8671	6738	2158	17104	3020	8914	8171	10447	19747	3970	17401	15866	16780	12280	9299	17794	3762	18160	1691	11358	4348	2546	15387	10391	16118	14744	9593	2811	18507	2959	1364	7560	8265	3940	14858	19834	16874	4027	3832	4003	2687	2064	15780	7260	17588	10878	11681	7958	470	18808	10179	13186	7453	2570	9920	2682	14231	11509	16470	16972	958	11392	5433	4328	10675	17811	633	3145	15599	1603	335	2248	15969	403	9464	82	8355	19765	5385	18084	11209	14964	5274	3164	17220
18974	5916	19677	2020	6632	5155	19594	1387	9180	9338	984	15338	14071	3709	12014	19571	5917	8657	19937	12102	18182	8951	2448	2081	7779	3836	2159	801	18405	12181	15703	14793	14809	10669	18903	9427	996	9057	8992	4613	17839	134	14227	18837	8000	4637	9708	10891	13447	18868	5061	3521	8577	4063	18433	4207	10997	3487	9841	15315	67	1422	10315	15836	15064	13264	14007	16320	18075	7574	3555	5617	19767	6796	10273	14768	17096	13226	5609	13774	10687	3262	11537	13764	6075	14075	15823	808	12451	11816	4393	6687	10259	11969	899	1415	8004	1616	104	17457
4305	14979	13325	323	12233	7459	10086	14499	1121	2368	4060	2374	11614	16752	7094	12869	6112	490	12196	2604	2082	7419	644	2962	14340	15423	9578	6645	15191	19452	13625	18542	11892	8637	15185	15589	13939	3165	5085	10738	19497	6224	9734	15332	1848	2491	10928	4541	534	5085	11365	14601	41	15788	6351	18959	15604	14494	7515	19581	14061	18114	1581	13505	10890	908	16168	7259	2986	18622	17831	13387	20176	2677	19855	16020	19714	15823	9538	1880	1828	17730	8592	2684	7722	6270	17625	2661	14060	10503	11711	6192	19939	10737	2394	20166	8354	6346	15327	4842
359	10187	19770	11098	14925	1056	4496	10716	4268	19240	19484	5635	9520	4697	18036	5097	9796	2867	19902	18633	16891	18211	19437	5975	16343	5442	1283	2171	16324	7031	7790	9038	8348	4686	15901	6093	10892	16255	8049	15955	1720	4818	7595	19107	4074	7393	14457	9923	4764	18640	6263	8443	1459	5643	10326	5907	4942	15667	13997	9967	8913	16486	16904	18041	19938	15280	2062	495	2034	645	5663	203	19283	14617	16128	2699	4621	15217	14356	10673	2060	13621	15114	4718	18979	6497	5641	14812	15594	3467	16554	13122	9270	14118	2339	14903	20102	18707	9242	1788
12273	3416	650	14628	13606	18021	3947	11699	1292	20111	6263	2749	5361	6236	5951	14401	4460	12333	15496	12642	16515	19478	19410	7124	9889	17	6105	1570	17950	20118	17451	6750	1014	7431	771	6281	4690	5313	1915	6533	9623	12803	15349	14825	8044	16447	495	14530	3377	12297	2882	13852	2281	17327	18017	9594	15703	18236	4292	16800	10618	9072	19038	12707	11845	5813	7236	15876	10052	11417	1080	836	11326	10761	5304	3412	18995	16548	158	7672	1414	965	19620	1026	4564	16063	19504	19431	9048	10938	14159	19749	18098	3473	854	273	6096	15253	4848	19322
2087	13262	16651	15897	16837	5107	5782	18160	7193	3039	19697	11863	9580	18911	11369	6353	7452	10179	6067	945	8725	8835	2182	2102	16148	63	7203	18072	9608	4806	7349	1752	5329	19238	18779	7460	4004	17870	17958	14499	14588	10417	3857	11124	18424	18186	1894	397	17494	8737	6402	10986	16679	16	18814	11197	7050	6266	17979	6740	1404	11710	3531	19224	20026	7611	12797	8286	2502	13745	12934	2853	3663	13927	3567	14071	6077	7242	11217	18947	376	5902	19223	4842	10147	5242	10968	16186	3635	19741	18899	8939	15507	18470	3217	14067	11456	963	2524	19028
2737	13930	10836	6328	7854	8107	10994	18720	7168	3195	9904	5027	8859	8026	6020	10739	16429	19527	7195	282	15255	8253	4636	4861	14177	5184	10737	10922	18616	14540	14316	3771	9325	1717	13328	8363	6288	14494	19673	4436	16496	3421	13321	3887	10269	1166	16254	2783	1766	136	2640	2175	2468	8270	17972	7264	13004	12278	17931	7470	11638	14302	15161	17456	1961	15636	1906	4953	16201	9041	4359	9134	12790	10990	16385	11941	12297	9457	7264	12819	7007	4566	2596	17679	2735	11569	15866	13370	3594	14778	1098	12143	11633	14211	11561	16467	17046	9503	10194	11795
1518	933	10376	102	2586	15862	14716	8187	13001	2914	18911	1033	19542	17129	19429	2283	7931	7743	14781	3006	2880	9130	8185	7347	7826	16152	8019	5919	4713	18316	14374	18265	8717	18552	5537	263	16610	6342	13902	10515	6451	2744	17882	7863	1018	10221	16631	869	5636	10000	5462	15456	15144	19714	20108	4040	11402	7649	16706	7798	714	980	9139	3769	15746	20051	4209	17643	20148	16231	8079	5112	17855	3425	19813	14727	6802	15945	15368	3786	8577	19784	7265	412	12807	13821	5702	13007	14206	4063	427	6172	11677	2882	3518	12901	14520	5296	4713	11310
3554	15540	815	18926	19032	13492	12860	13792	16944	19500	15199	10755	8085	14822	12533	7013	5123	7806	10194	1082	10890	4923	9494	14095	10623	19620	7902	9746	10097	18294	10540	4301	13644	6618	14563	8043	6551	16930	5410	19800	13171	5326	5388	10110	8997	6295	19482	16072	5613	1913	8091	14380	79	15523	9449	17861	8531	13817	18475	2868	5953	899	14672	1646	4125	20095	4095	7954	17949	11561	14909	4050	9388	11129	19306	6498	10	3028	963	234	4771	18591	5823	10631	10956	18526	13526	18433	8028	14295	12411	5692	6742	5952	19706	18501	16574	1329	17989	3501
8657	16098	19120	8277	7701	11500	11153	19898	16309	4442	2279	16499	18714	1918	6511	10766	1173	16474	18960	18534	13671	807	13279	19221	7832	1051	6171	4117	13870	14716	10047	8869	10507	17882	14185	12101	11438	8909	17223	4568	12232	15710	18294	10183	5967	4295	14767	14718	15962	3763	12410	2913	16431	28	9666	6382	10651	3693	12341	12560	3261	11370	18021	11321	9376	10651	7274	6321	17535	11045	18699	111	1206	2978	7656	3574	5655	184	17441	17264	19154	18054	12281	6087	7532	3113	13336	19767	19903	9406	8007	14449	13235	2755	4087	17469	19264	8899	13454	7988
15602	18486	12412	5808	4423	1891	10120	12170	16548	12637	7605	16460	17391	11101	14581	7971	18447	19449	16483	10892	19742	15639	1522	7319	10141	5138	3749	9156	6205	6166	16922	3262	6363	8655	14728	18779	13595	5159	15498	3944	6618	3644	19995	7517	14061	7619	11389	13698	11993	14157	9933	10832	19375	12872	16375	7385	14374	5508	10173	11485	1742	2793	460	16106	18734	6934	3490	3644	4156	19664	8932	1150	9351	6276	17326	6165	2807	374	17922	1213	14391	16136	6087	12695	3869	4706	12435	1355	14742	1643	17556	15389	9116	9630	18280	18013	8660	5011	1462	13347
2159	7989	17163	16963	10412	1789	16710	8286	2002	13320	12710	11834	2432	9894	1553	8102	9603	6011	7184	4319	16074	12620	17063	15450	17970	5787	15611	10076	2610	590	3135	11181	6005	13685	2693	2659	15238	6936	49	18681	8217	4732	19066	9061	458	6369	5529	8250	8108	5	14773	8995	8760	13057	1865	1462	7646	1733	4264	8356	11349	9728	3343	11808	6163	14483	993	4113	11074	13298	12514	15621	8020	10740	16586	4747	4133	14821	666	4684	8545	7290	2243	16917	790	10535	13996	15069	5440	15205	18642	10076	359	2983	79	19059	11054	18448	15642	17754
9780	18572	17493	3189	18890	9055	6232	6281	7713	11083	15084	8211	6559	13674	8721	11301	16432	9817	469	13116	16551	7282	787	11400	13148	14010	15663	17853	2448	19765	19907	15737	18392	17905	17615	7273	10738	1678	1242	15929	7679	19632	8055	4086	837	987	10324	10802	14249	324	17910	3869	19859	215	404	17893	12051	15329	4268	3988	4806	5546	11885	5180	7924	7010	2270	15212	13173	6103	14569	2959	5839	678	2259	2719	2404	16679	9725	4281	4353	10979	9598	14224	6677	982	2835	12421	4903	6141	10452	5470	14101	9829	8363	6058	9914	5927	16406	4255
16881	17440	569	13336	918	15151	13131	12571	68	13359	5930	7623	9257	12981	10556	10427	17758	7345	8538	17872	3554	16378	1283	15133	17625	1206	4974	9723	18619	17276	15902	960	7212	16777	7658	3467	3906	5224	16363	12237	16284	6127	7213	18223	12403	16774	5119	10673	14525	2762	5880	16235	6689	6657	7167	9592	2988	1356	2719	12185	3272	17854	3363	20042	19220	17855	14368	14283	11181	6596	14055	8326	2871	6986	11028	3546	3932	7014	5621	4659	7329	14925	12381	8398	18871	16796	7713	6705	2323	19501	6934	2730	15632	16427	9555	12574	10916	13241	13238	7376
13976	3170	11530	10367	3357	7779	11231	14266	18766	3841	9254	13649	3250	9131	6153	6986	15152	19065	2468	2433	11217	748	19519	5250	15599	9258	2263	19932	13204	13327	322	6321	19576	3681	5049	17249	733	5254	2611	18773	11314	6576	19568	15719	3587	15609	5512	7980	1323	3813	12497	19693	1969	20096	9491	4823	5274	5953	14749	5900	2370	13775	2194	3657	14001	194	5959	16368	4594	9940	11842	18321	10853	5055	8065	11419	10361	16491	1848	12617	19529	13616	19675	13626	2575	17242	7273	8021	10210	16962	2636	218	11200	14182	3468	4287	3071	16505	15216	14903
1885	2153	12123	16416	5405	16789	15932	15413	3534	2327	19943	6741	10738	1992	11532	17165	16336	17203	1957	14922	960	13525	10911	16938	13538	14283	6810	5018	17365	1751	3902	10452	8119	3948	8443	8107	14955	10791	2659	2610	5877	18355	1657	8379	13406	6187	14979	18882	14816	15642	4439	18355	18501	17504	7472	5243	314	528	1341	10772	13433	17927	19945	943	19890	4751	4880	5955	12196	6360	14848	12458	13330	13527	7223	2768	10460	2620	12474	9699	3344	5808	5476	2408	6906	14261	5177	14685	34	5443	18131	6684	986	10667	14095	11813	13043	15484	17830	7730
14306	13362	18556	11569	1087	15673	19656	12963	11740	15373	18683	3229	16515	14999	13222	8201	10067	10967	9449	14506	5884	991	15088	16799	9407	12632	8189	17683	13809	18652	2041	8828	4253	11191	2498	17771	19073	14499	5328	6703	2134	2283	14157	9072	4034	14083	11770	19552	3208	1164	3178	17043	14378	7708	4148	7083	6108	15661	17729	17622	417	448	15173	10545	784	4055	9026	5804	1025	5413	11739	20042	13923	12483	5438	14015	3298	16260	6578	3018	1749	3521	6470	1844	15052	16706	8797	3184	12223	10353	17403	13903	12977	11650	8880	7668	13682	8427	16342	4263
5078	9230	2532	10773	1788	8027	8028	9470	3804	16754	4534	3724	15030	8104	5291	11775	14623	19138	9652	14007	8720	7039	16226	4699	6149	14424	8320	75	15796	9183	16777	4900	7534	5952	9514	9965	19748	12339	7025	9404	19905	11874	14681	4960	7809	423	5756	18926	15138	14864	7056	8859	12489	18350	19808	13700	7038	18957	18823	5227	756	7973	16220	4767	1508	6181	2710	14633	10119	7189	7563	243	7733	9009	5169	6279	15292	10981	4786	19871	13498	8645	19745	17900	19613	14633	15217	19375	19322	5997	19377	5636	6612	17558	2649	6201	16232	18899	5079	3385
1568	9544	9667	2506	16640	271	5097	14114	15481	14927	10193	20175	11668	9328	4370	11812	11402	17618	17714	15151	1571	232	14907	19029	11403	8827	11113	13348	2550	828	7316	1770	1610	8444	11181	14269	6920	19421	14630	5361	15119	11498	5298	7380	14977	6747	17945	12573	9246	5227	794	12747	5170	7235	541	9979	3809	13405	7931	10047	7487	558	816	11710	8102	13148	16367	10561	10665	3785	6637	12409	15991	6683	789	5942	3165	11451	4936	38	16459	5117	12192	16270	7329	19358	17753	19618	1267	10205	11845	3619	8461	7367	12158	11805	10944	15480	5219	12014
5600	8891	12443	1089	15474	14398	11644	5419	11581	11856	7071	4084	19632	13471	6374	9683	6468	6641	14822	19478	15475	14090	1411	7144	933	9388	8766	19551	4773	7207	345	11163	19664	3827	4117	5131	5104	5005	4191	5373	10618	18976	16968	16593	7582	13883	12492	2496	17852	4151	19073	11268	5867	19321	13394	8256	14731	3940	12167	16703	10534	18940	4613	7269	13741	5494	5069	15473	9963	12944	19624	17923	1920	19270	17358	5538	17467	19536	13401	13138	1821	12138	2081	3906	3428	6948	18357	4165	6924	7109	11041	17964	12126	9605	5441	3604	17475	17586	12935	19568
6140	12861	14343	2376	1537	7235	10557	19820	1076	17851	3948	14590	8990	6457	4314	10470	13291	14426	1049	5030	19726	13486	16042	10282	9030	16548	7964	4965	8359	5268	10766	18405	3723	12890	16961	840	1072	9746	5546	8745	12593	1389	18838	2107	6941	2680	4534	13176	5560	2034	19805	4074	15991	4065	320	5043	3582	14157	939	11745	17939	8186	13116	3298	17688	6157	1270	11622	14954	3802	17453	19239	8746	10623	14204	15068	9070	19200	8471	1055	15781	17263	6976	5043	12814	16620	16024	7559	9408	16291	13592	1845	17372	18014	19971	10600	6077	12537	7052	12085
11085	17174	1603	12632	5609	18449	4244	20072	6875	16553	7623	11157	15216	1321	13809	122	19164	13425	265	5286	10206	4592	6611	3546	17304	6538	18408	18361	14297	12180	473	7830	8891	16673	5529	11769	19107	2871	16640	6107	6120	16499	4230	2962	2667	19459	7736	2642	18709	15807	9688	13317	1793	5279	19926	404	5643	1593	7756	11280	2203	6235	9530	17649	16545	10611	13143	19141	9458	5520	7798	6594	4064	4532	16583	20196	20076	190	1026	5270	17522	15661	1276	11718	6436	20172	8185	15712	12872	5046	1201	6721	1113	2677	14492	6329	807	12250	11753	11201
15389	13460	10280	1640	16575	17074	3253	4797	8627	13392	2366	4052	11709	16422	9896	7110	4418	20094	8997	7716	13973	324	14256	6355	13478	12570	9301	10580	14559	5234	14946	1014	14906	6713	11234	5697	13155	3172	5521	17396	12747	13515	16133	12695	4479	15473	14522	9151	4845	4946	6311	17654	3969	20101	6600	9178	9989	15656	7601	16790	15209	2021	6313	8358	12170	18255	9307	14986	12452	6243	4841	8343	16048	3681	19892	19663	3220	19255	15710	9547	3576	18951	19310	13332	6163	3918	2405	13616	8110	18365	9282	13744	10430	20070	3373	3887	1737	16245	8999	5431
6228	9486	11008	18072	16460	935	18249	3416	20014	2432	11055	6137	11780	10567	9925	7849	7660	9830	13055	15862	15846	4328	2192	13597	19778	17635	11395	17675	19391	15141	15640	250	1991	20000	15871	9580	7670	17900	10514	868	12581	3061	16755	19636	13187	3678	7720	9646	2682	4243	8218	15781	6933	4236	5338	19967	17661	14716	16869	7582	11505	8958	16922	4766	4088	15903	3783	17682	9659	13527	9605	11885	2221	6653	16871	326	5983	15282	11976	10717	1991	13090	16812	13275	19880	3466	17040	12444	7861	1874	15719	6695	1266	15332	10635	2321	2796	13803	10206	4498
15700	12613	3187	1005	11957	5049	1815	2864	5962	6464	18653	1480	18783	14588	3992	3846	18025	19039	16255	9653	18503	4021	18407	3045	9923	7000	6415	10528	11439	13922	16256	18429	3072	313	14625	5034	3801	7876	7787	17061	675	9514	20128	15855	16186	9687	16814	1808	6583	2679	14512	13640	4303	3957	13566	15919	13476	1780	4715	16671	12988	8207	10816	5413	17068	8194	9964	18043	19729	20125	15348	9245	12359	2014	1445	3785	3902	1014	19640	2446	10161	5917	12180	9920	11775	787	1903	13973	3793	19774	17759	15477	6882	11398	8761	9080	9329	7192	6938	19747
4700	6701	11726	19780	7250	16964	3871	10389	7250	2819	2555	19435	2842	18308	14360	6710	10898	8100	18088	16986	15246	19842	7728	10080	13092	9255	12840	2210	14226	12565	7870	7245	1744	7340	18625	12521	5847	7072	16130	5784	5785	975	13563	975	19780	3871	12521	6537	8100	15491	2819	17142	12648	17007	5205	18981	1320	2618	10298	5205	2555	8706	11587	13177	12821	7870	16986	5205	13892	15773	16986	19517	19842	12921	16986	13892	10298	1744	15491	5486	16130	17120	15701	15018	12521	17120	3720	1744	5785	18938	2555	18981	15246	5784	8583	6701	3687	3720	17142	8100
5847	10898	17142	8129	12840	5785	12840	4700	16624	16964	1320	2555	18938	18544	13563	975	18107	7250	10672	7245	4617	19378	15773	9377	4134	12521	11587	9378	8706	5477	16624	17244	19195	12521	14360	10389	15731	15701	15018	15784	17557	16130	10389	12565	19842	5486	2210	10672	13092	2618	7407	9378	13892	3871	9255	10389	5784	1926	10462	14360	15784	1336	18308	17280	11587	18308	10672	17120	17120	4048	2819	9159	11587	5784	3687	975	13573	7728	13892	17888	18308	3687	3202	17120	13563	7407	1744	9378	16130	5205	18455	3687	12921	15018	18107	3871	15018	16986	18455	18107
12648	12565	18981	11901	13177	1926	15246	942	19378	10898	9255	5784	13092	10462	19991	7728	11137	5204	15018	12648	19780	11137	10898	1744	17557	16624	3871	17951	12921	13092	4134	5205	3202	13177	12078	9159	1926	13563	10898	18455	5477	10672	12821	18544	5204	18981	975	16964	19842	13818	9255	1336	18625	2996	18997	7529	15491	11587	1168	10856	18088	18107	6057	5784	9377	18544	19842	16130	6057	16964	18625	7250	11726	5847	12521	13818	2819	8129	19517	17951	8129	2819	3687	18088	15731	17557	7250	8252	7250	6616	10389	18092	4134	9377	13573	6616	7728	2555	19842	18455
9255	12921	2819	19991	6701	8706	6057	17280	7529	19842	5205	12078	3871	15701	10898	18981	18092	14226	8706	942	3687	18308	17280	15773	13563	18625	15795	13092	18455	9159	13573	11726	6616	8100	10672	19378	11137	19195	18092	10080	6701	6616	7870	18107	8252	10616	18092	15784	2996	19780	12840	14360	17120	19378	7407	942	7250	6616	4700	17120	19780	17120	3687	19195	12648	15731	12840	19842	10616	7340	942	9255	4134	6616	12840	8706	16964	942	13177	17557	5205	11521	1744	16624	17888	9378	4617	17244	2210	19991	17951	4700	18455	3720	12565	18455	18997	12840	7340	7529
16130	18997	9756	10856	15491	4134	4048	4134	942	18343	10856	14226	18799	4134	10442	9756	13818	12565	17293	18092	12648	5785	19991	19780	15731	2819	6537	17244	15784	5205	14360	9377	12648	5204	10389	13177	16624	2842	10616	17557	12565	5205	15701	12078	18799	9377	16624	7407	1129	11901	18088	15795	17244	12168	10080	7728	18981	17142	1336	12821	4700	12521	16964	10389	19435	7250	13563	18460	2555	17244	10856	16130	7245	15246	2210	2819	14360	3202	10672	18343	11728	19517	19780	11728	12565	19991	6710	8129	5205	12521	12168	11587	2618	13818	13892	18343	15731	18308	18308	12648
2555	4048	10298	18455	2210	13892	13092	2996	8100	13892	6616	9756	4617	19378	19378	15246	1744	15795	9377	18343	13892	6616	19378	15246	7072	13892	10672	18460	9159	18799	18107	6616	13177	11726	19517	18981	12921	18938	15491	18092	7072	2618	13092	7340	3720	1129	17280	1336	16964	1320	6710	18308	16624	12821	15701	13092	16986	9159	942	10080	18107	16964	7250	13892	18799	19378	7407	16624	7870	10856	5785	12840	17007	18981	10442	18981	8100	7340	6057	6057	5784	12565	13092	19517	8252	5847	19378	12521	1336	19195	15701	2842	17120	2618	14360	2842	4134	15701	12840	18343
18107	16624	9378	7340	12565	15701	2842	15701	10672	15731	12521	18460	12921	9378	16964	11726	13573	11728	7870	7870	7728	15018	14226	975	5785	5477	18455	11726	19780	17557	1168	9756	1168	15108	9756	2996	13092	5785	6057	16986	8583	4048	11901	15701	17951	13563	15773	1744	10616	18455	7072	7072	14360	18997	15795	12821	9378	5205	5477	11587	15018	17244	2555	5847	5847	19195	19780	1926	9756	13573	15731	11901	15773	5204	18455	9378	15773	2819	10616	16624	15701	11728	5477	10616	11901	16130	11587	5784	10856	17280	15018	9378	13892	11137	9377	9159	16964	15246	17293	17244
16624	8583	18460	15018	9255	6537	10616	18107	11137	15701	16964	10898	7340	942	17244	10672	1320	7728	11728	13573	11587	7340	12521	10672	7245	8252	17951	1320	3871	9377	12648	15246	9378	18625	19195	10462	10442	12648	18799	6057	1744	9378	4617	2819	12698	7728	19780	13818	13177	7250	18938	11728	18799	3687	15108	3687	10856	19780	12521	18092	12521	3871	6710	12565	8706	13177	10462	10080	15491	5784	11728	6701	5785	11521	1320	10462	2555	19517	9756	10898	10856	6616	17557	5785	17120	18997	975	5486	15731	18997	19517	6710	9756	18460	18544	18107	18799	2996	18799	9378
8706	17888	15246	16986	13563	18938	18981	2618	9377	6616	2210	6701	18460	975	1926	17888	6710	15108	11521	6616	18455	7072	13892	16130	15491	9159	2618	4617	7728	19378	10080	18455	15773	10389	17280	18088	12821	12698	18981	15491	5784	15784	5486	2842	6701	10442	942	18107	18799	13563	16624	12698	18092	19991	1926	15773	8100	7340	17142	18455	9159	5847	19842	17557	18343	12821	1320	18343	13177	8129	10672	3720	19435	18343	18088	8583	18625	19780	16986	975	8100	942	18460	18938	5784	15018	19842	18938	14226	10856	3687	13818	19517	1320	12521	12078	15108	15795	17557	2618
4617	17557	19378	10616	18938	6616	5486	7072	10080	8706	16624	13573	18343	7407	17557	18625	15784	9756	13563	7072	19435	2210	1744	5486	13892	8583	6701	12921	1744	3871	15784	13563	9377	10080	10856	18799	1320	8100	18460	17888	15246	2210	13892	18625	19517	13092	5784	9159	12648	15108	15701	15784	11726	12698	11137	7245	1168	19378	17120	15018	16964	9255	2842	10898	18997	7728	7870	9255	7728	18107	15701	15018	7340	2555	19517	4048	4617	12648	5205	17244	19780	17557	11137	15108	11137	10442	18455	2842	15784	17007	8583	10298	3720	3871	18997	11587	18455	11728	975	13573
6616	10442	1129	15701	18981	4048	17142	2555	12821	19780	15018	15701	10080	15108	15731	16624	10389	10856	19378	2842	12078	5847	18308	18455	19195	12168	15784	15018	6701	19517	6537	19517	11137	9159	13177	1336	18343	5847	14226	8100	7529	9756	3720	5847	11521	6537	17888	2819	942	16130	4617	5205	9378	9159	8583	16624	12840	5477	18308	6057	18308	15731	4617	4048	6701	14226	15108	16986	7340	11137	7250	10442	18308	4700	15108	3202	942	5477	15784	15246	9756	3202	10298	17007	19842	2996	9159	6616	19195	5785	15108	5486	18107	4617	15701	11137	9756	14226	13177	17007
19517	11901	18799	13818	5204	19378	19517	7870	12921	9377	10298	10298	18544	12648	17142	10462	13892	15246	12565	18997	12840	18625	17007	18997	5477	8129	1926	10080	6537	14226	15246	975	3871	4617	18092	18997	16986	10389	17951	1168	18460	15795	19780	18460	17557	8100	15701	2996	1336	10856	11521	13092	2210	11137	17557	13563	15108	5785	7728	2555	13818	10080	7728	12821	11901	19435	12565	5784	17007	17557	4617	16986	3720	11726	3720	11901	12698	7245	12840	7870	8252	6057	7340	17888	5486	11137	9756	15246	6616	2819	18799	2819	19435	4048	10856	9377	15701	1336	10462	5486
18343	19780	15491	12565	10856	10389	7245	15784	13563	12078	8252	18799	7728	18092	2842	16964	7072	15784	18997	10672	12168	2555	8100	18308	19991	10080	15491	975	18460	2555	8706	17280	12698	15701	6537	10442	5477	10898	18107	18088	9756	15701	18088	7529	7250	9756	7870	18343	18308	17293	17120	7870	6537	15731	9377	12565	2819	16624	5204	11726	13892	1744	5785	17244	12698	19991	12921	17007	2996	11726	7340	4700	1320	18092	7250	13177	15018	13177	18460	7250	1744	14360	15491	12565	13177	12821	10462	14360	7529	12821	5847	13177	19378	11587	10298	13818	10389	17557	3871	19195
942	9159	12648	15731	10616	4617	5205	17120	10389	7529	5847	17142	18997	8252	10298	3202	17244	13177	5204	11901	2210	10616	12921	12648	6057	18460	4700	13892	8129	2996	13092	15773	3720	8129	12698	19991	17888	5204	9159	942	3202	10298	7728	11728	18544	12565	6057	3202	3720	17557	17888	16624	18460	10616	7529	7072	1744	17951	8100	19991	7245	7529	9377	8706	13818	15784	2618	18799	1744	12821	12840	13892	942	18455	15701	12565	9255	18455	1168	12840	13563	2842	17244	7870	18107	17888	942	15701	13573	11587	13818	11521	17293	5847	5785	10462	4048	12921	6701	6537
10616	1336	16130	10898	12921	12921	2996	16986	3871	10616	16130	8583	7245	18981	13573	12821	11521	7870	1336	4617	6710	9756	1926	4700	4700	18544	12565	2555	10898	15108	7407	16624	10672	10442	1129	15246	19991	19517	1336	13092	9377	7407	1129	18938	15108	19991	11728	10080	18938	4700	19780	1129	17557	2210	10672	19842	1336	17557	18092	12565	10298	4048	17120	11521	2210	4048	9378	19195	16624	15795	13563	15784	4700	17888	15773	1320	18981	19195	12821	8129	18938	8583	18938	19842	6701	18107	13563	5477	11587	8252	15491	12078	1744	17888	6701	6710	18625	10856	2842	12078
18308	12840	13177	19378	2996	13818	8129	10898	1336	5477	5204	2819	17007	3687	18799	10616	6057	18092	13177	12168	8252	16624	16130	19435	12078	10389	19991	7245	13818	11726	18981	13892	17142	17557	17142	1926	18981	12921	1320	11728	14226	1168	10672	3687	2555	6710	2842	15018	5847	2842	13177	1168	15795	19435	9159	10856	4700	15795	10856	975	18460	7072	1320	7245	4048	13892	15491	4134	18455	17293	12168	5204	12840	975	13818	12168	11587	8252	10898	16986	19195	13892	7250	19195	15108	10080	4048	16130	7072	2618	8100	1926	6057	5486	2555	10856	8100	13092	7407	13818
5784	10080	7529	18088	3687	18343	7340	13573	18799	17244	17120	4700	2618	12821	10616	13092	12698	14360	18799	1926	10080	6057	11137	15018	6701	13573	19842	15784	19991	12921	19195	1336	18997	17142	18107	10616	3720	10462	12521	10298	18455	17142	12840	2210	15795	18088	6616	7250	5785	19517	12168	17557	13563	15773	15784	4048	12821	4617	7072	18625	15246	7250	3871	1336	19195	6057	2842	13892	9159	10442	18455	19842	19517	19378	10462	4134	1926	2210	7529	2618	7870	15491	8706	4134	14226	9756	17120	942	10080	5204	11726	5477	5785	7529	7250	15108	18308	7072	16130	18981
13092	16986	975	5486	6057	12565	17280	6710	2842	19991	18544	11728	17280	10616	13818	18107	5477	11587	19991	1320	7529	18455	18088	5847	6616	19517	2555	12078	10672	4048	4048	15491	16964	11728	13573	6701	19378	16624	5847	8129	16130	16624	10898	15773	1168	10856	9377	13092	9159	9378	11137	15491	13092	16624	19842	12168	12521	11728	16986	12921	1320	11587	18544	4700	7407	3687	10298	5204	975	9378	4700	7407	12698	15731	8252	18088	5784	5785	12648	15701	15795	1168	8100	12521	7250	18455	12698	7245	18308	11728	11901	17888	13818	17007	7340	18460	975	13563	15784	16986
3202	10389	19195	1320	10298	19780	18625	975	6057	17557	19195	13818	3720	13892	6701	13573	8252	10672	18092	10080	18981	11521	2842	12168	11726	4700	15701	15795	17557	7340	16130	14226	13573	2819	15108	17557	5784	10298	2618	10616	18799	13892	11137	9377	17280	15018	1926	8583	1926	11587	10898	16130	11521	19517	2996	6537	10672	18938	12921	8129	15731	10616	17557	13092	15773	14360	13092	18981	18625	975	6701	16964	12521	1168	975	13563	19517	15491	16964	1926	10616	4617	1320	10080	6710	17951	6616	19378	18625	1168	5486	10898	2842	19195	10462	12821	13573	975	1168	12921
8252	9377	10389	5847	5205	10080	16130	8100	5477	15784	14226	2210	19517	1320	7870	12840	3720	1926	15773	11521	11137	19195	12698	11137	16986	5486	10298	11901	17142	4700	17280	19991	7728	7870	15784	12921	9159	7529	17557	9378	5486	16986	18997	6537	18343	1926	18308	17120	10298	17951	13092	18343	15491	17120	10389	18107	10442	18088	7250	18981	12840	2996	2996	17293	13573	12648	7245	14360	18544	3687	19435	11587	18460	19842	14360	1926	13892	7529	11901	5847	13092	14226	17007	19435	7245	2555	17244	19195	12821	975	18088	2210	10442	15701	15246	12648	12840	12078	10898	18799
