1699	12248	15591	9625	2137	13992	5504	8908	16543	929	7411	11027	4187	17617	2290	389	19523	5630	115	19546	9783	2603	14294	17177	17539	18843	11018	847	14385	2902	5400	5362	11461	12376	2326	3284	5281	6177	1464	8037	9657	6754	19267	19584	8475	5994	16141	8867	6509	9004	19633	3401	16793	7208	2756	4387	1551	13246	9910	8723	8228	16485	18663	4930	10969	9417	5358	16928	9332	2584	16875	16928	12569	7714	17993	4652	8475	5092	10476	2933	10186	4416	6345	18912	13992	9980	14081	18546	13801	5925	18873	5010	9553	2288	8873	19580	8670	1426	16257	19027
11018	13257	11305	7108	3982	9395	16599	7132	9783	10446	4638	19416	10617	15044	17226	5866	17539	12949	18621	8037	8610	1423	8610	19512	10812	7578	6364	10920	4740	16658	444	6631	13363	12995	18296	16680	10608	10055	1440	16233	6059	3666	7714	5218	10969	1106	17699	929	885	17834	18965	14385	14147	13763	19254	10966	444	12996	9339	9983	3698	5332	634	5778	479	6424	14915	7578	10608	17013	13551	12715	11593	9657	16994	7969	15708	8029	18139	11946	11080	18452	15294	11838	6922	5226	12973	18463	4494	7232	15486	16629	6151	2071	9146	8391	53	2377	14304	6635
10383	15240	4372	9356	7823	10098	14602	14098	780	14294	503	6418	19053	17331	7463	3266	19587	4258	2995	5578	19291	2933	14325	12208	19046	18349	2791	7841	9259	17773	5236	6857	18621	17667	10624	9167	5435	9660	6259	2416	20059	7208	15339	2373	7804	13067	4669	4416	13827	16612	6218	15747	10812	14262	12564	7950	15343	12799	6509	10476	17226	13872	1172	2886	11096	14294	3302	2015	20059	18279	5247	17278	2789	4346	4577	16875	3446	16423	1140	11271	8908	11568	18554	15	19464	3259	7425	1693	6679	8949	17036	3259	7051	9741	12200	16445	14432	13975	5444	17405
825	7578	11330	5122	7579	19857	8033	16444	19053	15993	5735	6724	593	19983	7435	7425	9004	11470	18153	19605	764	11756	9658	7699	5321	10679	6021	18655	6694	10690	6636	14736	885	3347	16918	15086	13048	13932	4405	8216	4215	3282	17699	12510	7201	12604	921	5294	268	15658	12554	5435	10355	11523	20169	10379	1741	15190	300	15339	2454	10479	581	9983	1351	20160	1148	9339	12039	9898	8601	18555	9395	14063	999	2452	1140	14202	6636	6509	8595	7773	6418	12495	15027	9913	9945	551	19450	4417	5948	7804	4409	10505	13124	19857	14983	4317	13992	3987
2581	19661	7411	9323	4663	15382	2471	3401	9745	10262	16831	14736	1791	1426	581	4008	9970	5890	12577	6255	13034	11386	10369	5010	2188	15723	1112	7008	11305	10974	7279	8283	331	3585	11855	20004	19580	18045	10593	17810	9350	5841	9220	15867	1177	13381	628	8920	16161	7640	9132	12322	10624	19776	16009	17666	15300	1423	2030	12604	6685	16250	1745	9794	13842	20145	5649	5092	5739	13878	3772	9750	3016	5794	19052	14990	16520	1569	12011	772	13875	3119	10083	1439	2653	20059	15486	19983	9913	16196	4346	18240	17062	8361	2607	12604	5377	12554	6368	20145
19739	6633	5059	12200	11386	13859	966	8391	18394	13551	213	331	16745	2204	19416	13378	3850	6051	18847	2303	5287	3282	1674	4286	18153	874	14147	2888	18983	8033	2019	13095	1483	6888	8664	16793	851	17773	15476	13720	11817	4317	3246	1326	11305	6051	16652	844	6685	1203	4128	8492	18380	1177	13872	3999	16994	15465	9347	5820	5558	2380	6675	10461	17571	10364	18688	6543	11847	14093	13035	4799	8235	7232	6604	15267	18247	3101	4978	10920	14448	9395	19464	2792	18393	17357	10724	12349	9945	7024	16988	19966	16304	4993	2510	6543	12675	8735	8118	17089
14576	15751	4826	18139	19857	14450	14842	2513	4967	3772	11817	2380	9205	6694	310	16503	259	11375	7208	11719	14275	4993	3406	12799	19828	10644	12709	2933	19267	530	7785	9220	11959	8283	19155	15294	15970	3371	6051	8168	562	18489	12376	12506	17810	18020	701	5452	17015	17666	105	14085	3256	6178	11250	17540	3338	17444	19831	9395	13612	2218	12995	17200	1312	10005	17062	17235	9265	16304	6813	6032	8670	15268	15180	20012	3958	1366	1423	2789	12917	17807	18648	8163	3923	12553	8391	19409	16009	9417	5315	985	7797	19460	18120	5113	10787	1805	17235	3376
17876	1532	4017	14633	12412	3617	7760	8151	4406	14844	2358	1081	19286	5740	17257	13943	2664	15841	19971	7422	9841	12861	7442	5027	10671	12915	6540	19534	17629	17906	16122	7470	14250	7586	1474	10719	4845	10507	8108	1578	13433	15227	2700	15787	15225	1880	1021	17160	20167	4667	13735	11049	19996	7565	17839	8544	10196	15692	12593	18384	4578	13397	15716	18842	19611	16675	4418	12178	4782	529	6316	16659	15392	16201	15313	5950	9465	16322	3194	10779	9109	17728	11497	8315	14650	9056	7622	19327	3697	4487	17780	8680	11830	8535	18416	20196	16505	4811	6157	14626
3546	4990	8318	9675	11130	19224	12754	19649	19747	3320	11787	13850	11983	6793	19465	15403	703	7432	10759	16901	4029	11755	8998	8731	8889	14866	4267	9366	12775	9428	18706	14744	1371	10161	1742	5912	6246	19806	1010	404	4272	3960	11750	14120	19996	14905	6932	6981	18869	7547	14767	3004	7083	14834	9340	5888	2045	16153	3541	103	5769	5225	2669	406	15280	19456	5608	11863	11870	2300	17905	10547	4534	8791	2160	18479	6065	8806	1794	4505	5491	2689	15636	12755	7790	9655	17836	19996	293	17231	16036	15637	1503	14392	18002	12183	14785	18109	14822	9475
1379	11703	15815	19487	15444	11794	11299	14251	18734	20175	11394	2983	18059	9892	11781	17783	15905	14520	11606	17560	2175	11334	6565	1282	18109	3885	1986	5683	20101	6649	8208	7200	9245	10038	17932	4578	16731	6469	14701	13658	443	16700	7333	16031	558	15913	20066	1045	13770	2735	6992	10127	13541	2442	6875	20091	7177	13333	18293	11067	11681	8193	6270	6241	9723	5547	16582	12187	6077	13603	6205	6272	19539	8644	12718	6106	1384	17263	3620	16790	8269	16903	11711	2367	13969	17481	9480	16958	12058	9881	13768	2768	17567	16771	9971	11779	17083	2611	17	19720
2565	3235	11748	6052	6363	19667	5884	6202	2465	1275	15358	5827	2224	2612	3608	5152	7863	3983	9592	11974	17212	15423	8538	17161	16016	16667	2744	14428	4207	18911	16579	9513	2093	13559	17688	18542	17548	2672	4436	17344	10738	10329	10174	14991	252	17555	6836	10766	19740	14378	2108	4915	19068	7226	2820	14401	5933	14951	539	10212	6499	19330	666	10428	7633	9410	16074	3719	582	10601	2857	19979	3653	18412	11097	18743	7189	17491	15633	15217	16006	9230	14128	14673	6257	10868	8185	12729	11399	17428	3418	9797	545	11628	10053	10474	5442	8154	11674	18923
9316	16502	11826	10732	13701	2592	19219	19381	18450	14560	15969	149	410	2383	7913	9767	8890	2287	17785	592	13809	2093	18859	10663	3156	1018	13304	13587	3425	9928	14499	717	15096	17914	14866	116	9036	4093	19684	5201	11978	18708	2453	13527	211	8995	1045	15748	5389	17541	9236	9055	7241	17519	16449	13973	13267	11933	12716	5298	14519	1961	15902	10161	6414	10855	9950	17548	3770	5003	10450	11456	12122	2752	18778	17474	13923	8041	2964	18503	17723	4362	16998	12301	4335	14143	1781	16598	14726	12892	4786	4193	11117	10254	17091	7255	14084	1636	17958	11192
5797	7436	12814	9807	241	2399	17800	17958	17333	3974	17242	17614	8208	18556	11971	16363	16669	7200	11361	8528	13882	12392	1346	13370	3836	19574	5845	13254	7483	2637	765	1256	6285	9276	13405	15672	3165	17445	7080	1979	12968	4124	3478	2908	17962	16290	3311	8320	15990	4847	2817	4966	9254	1864	5598	10259	17262	6381	4124	6944	5039	12036	16378	15790	12138	8310	5277	1462	19333	18589	1437	14189	17564	14892	3737	18182	5719	9107	10457	9197	11926	11924	6938	11073	7189	3121	11657	11482	17586	10882	15796	4811	16516	4003	13901	14060	8302	3445	8824	17609
11416	18934	263	13206	10438	12004	10589	11644	2243	6142	13205	18756	1589	19817	6411	15005	2488	13244	7755	19567	20076	17915	2688	5803	5063	11689	4551	1967	13745	4163	15103	4407	2502	13882	10344	17968	4544	6752	6464	10371	14907	15637	13417	9296	11402	18911	6394	12182	18798	4448	4661	4133	19651	9923	10779	14863	17567	13316	7844	19314	1515	5440	3853	19048	15702	13505	16657	13101	309	19745	9974	7547	4072	4064	15482	5041	4486	4006	5681	4966	1760	1022	8335	14989	5338	35	11403	18725	16198	8444	1625	2751	16752	16985	1378	6753	6212	5245	5044	13320
14357	3787	17941	7632	7756	5478	5365	9056	14928	5052	7466	8114	9064	4292	3131	19690	14781	4236	14665	1762	6661	3407	12060	232	3992	1885	12103	15719	18575	18526	10934	1500	12883	11794	1322	1967	644	13708	9964	15175	17227	5499	1300	13450	9559	9308	13007	11342	19815	3176	7388	6202	4476	16467	10045	16185	2846	3678	6028	15134	2967	16700	17780	10764	6725	12583	941	7912	6919	6791	20061	1690	326	14652	7582	4005	11917	10566	4337	20048	20107	8099	15001	16062	1152	18902	5330	3793	17284	3875	9086	11976	4498	7422	16028	4165	9072	16555	1615	5601
11326	5829	15132	18317	13062	7010	7582	11926	7842	12529	653	3769	11527	19172	4295	19971	14948	14619	7560	3651	16126	170	1288	16273	560	16944	19268	7235	17425	6704	5107	14940	18911	215	19533	17122	10854	6036	3052	11913	10	9802	3768	7042	13099	5487	14744	12438	1105	102	11275	19283	15604	5022	16554	3076	9117	15702	12537	11600	12586	16903	5295	15331	2669	6161	12751	17840	13805	12901	3242	3777	5962	10860	899	2657	5929	10274	9989	4244	13525	3564	12108	4939	9902	13948	16224	7623	5906	14673	6747	8785	4990	863	9560	10821	15647	9375	6094	2112
1882	1362	15494	12092	17182	10676	13604	10937	126	18572	6909	2472	13401	16238	5932	16894	14423	15724	19093	15164	14652	16078	2778	2593	7257	1356	2956	18528	3137	17008	6495	10291	10671	4541	6295	18591	5275	4692	10498	10890	3784	11718	12067	14384	11598	5717	17341	15322	4271	6641	15914	5950	1341	9189	4143	18409	17127	17542	2689	14189	1202	11644	14068	11481	4313	13648	7182	10501	2836	14519	6251	13509	6495	3336	13214	10103	16991	13008	11950	6933	3290	7920	11739	8655	15803	2225	4415	6452	14369	7677	3533	14194	10684	19541	9290	1411	10181	10900	1349	4743
15400	13507	134	3298	17771	12682	3458	4933	5676	14157	20060	1125	7955	7967	8695	11441	459	13002	1118	5359	4126	3788	14653	5895	11912	16671	18798	54	1282	2686	20073	16467	13815	5725	5632	18573	19554	5976	11874	18329	5334	9895	8818	4561	4073	16100	558	8722	1728	2835	17838	1902	15981	6518	5538	9602	18043	10291	7466	11268	10326	5431	7487	13279	18708	19190	17894	6076	4434	13000	7566	7123	4541	14367	10365	17558	7465	10013	15001	9296	6989	19596	11956	12838	5680	11435	6237	18185	1720	5288	3466	16326	8686	9907	11884	19756	13711	6380	20062	16870
9444	14500	8512	5438	3361	7658	392	15374	3116	841	3070	11794	18273	10203	2417	15039	11896	4893	9963	12734	9240	13880	18329	11710	15349	12047	12644	5398	4205	2586	17410	9846	6291	14953	3279	1949	15318	3836	11892	12790	16843	3768	16870	7177	200	9367	10673	14729	4720	4942	17086	3393	10092	11911	7220	13317	18729	16797	14318	2195	5799	17181	15760	3979	12861	4272	17416	3442	8447	2496	15087	6747	609	16123	1321	13554	15608	4166	11754	17448	6321	7373	10772	2375	14495	11821	7877	7630	3525	11808	12102	15416	7164	5000	11061	11031	3961	10507	2012	19187
15373	3298	14454	2	1966	6312	8469	7284	8390	3020	8776	13946	8834	203	9793	6214	14229	13050	6552	19835	18766	1991	6705	482	3553	5457	20156	7747	17055	18774	19889	6641	19264	6756	2027	19867	15760	11622	3723	18391	8007	8736	18175	7247	601	1012	12664	17641	8709	1541	15563	5555	1831	4606	4732	894	7081	8319	3126	6346	17126	18656	715	14340	7540	18813	6355	9199	17079	1561	11677	4109	3215	5808	2480	5468	5551	9436	3905	8893	16841	7387	13070	3427	325	2794	16687	12657	16860	11012	18803	3298	12964	6263	18838	9305	15139	18511	18844	1644
2347	16088	1412	19300	2300	10791	18681	20047	3319	20005	9922	7492	5328	3801	447	7251	547	6783	10929	14311	8497	6916	10625	16688	9694	2413	5546	9652	19376	7560	4088	16872	7006	5274	969	14768	14957	9936	122	2355	1359	20069	680	3450	14601	13389	2042	13322	5805	1843	3508	3427	15753	1414	3294	14605	11269	8056	16050	10092	9598	15555	12594	1821	8950	11950	16396	6108	14347	16114	3177	15537	11871	6212	2655	10956	7571	10718	113	6653	7885	12455	13396	19003	7351	19684	11110	6052	15185	14283	3977	1603	1092	9107	14189	4855	11659	749	2538	5868
12673	18228	6271	3007	11008	927	6304	3183	141	20199	15094	1327	7094	15311	4750	11845	621	19533	633	10816	12124	14343	12155	15194	4133	1394	10805	4332	8566	15710	9583	14845	1711	18173	1137	468	16364	11264	12309	18684	6765	10747	186	8112	14250	19977	13999	6904	8878	7667	13011	7182	7343	11843	4499	19429	12687	7341	6402	10640	12233	12733	872	10020	3314	6629	17404	5177	15237	16762	7655	8984	8748	2768	3472	15381	3012	8882	641	7902	10034	11383	13441	10257	12654	9538	17873	17859	17160	13681	7237	3103	1212	14258	2925	18434	9894	3847	4422	7308
17138	2596	15352	2061	11850	5286	8994	6971	1862	18917	5699	12812	8269	20204	9367	5966	1417	16878	4217	12452	3273	2929	1155	14544	4503	16737	4200	7400	493	12963	7318	4240	7677	7357	2561	19116	7374	18280	6519	2919	13468	5285	6905	3164	8038	5830	8340	6935	12378	973	13882	12224	2311	714	3796	12697	9648	7307	17873	925	6929	8836	14913	18558	2171	2906	17264	11097	11615	12861	960	9047	4465	12409	9479	12090	7292	16097	11228	10221	218	17829	2915	12782	781	11129	16016	8516	14644	11302	17086	17286	16229	9615	1710	3653	17932	5926	6266	13536
15206	16345	10228	17854	16001	18320	7874	15695	4979	7408	17583	17791	9800	4870	4282	2375	11642	961	20095	10107	14721	10611	4199	10822	19816	5654	11688	8544	13564	19114	4167	14599	9597	5595	12172	13024	3095	2911	7447	8086	9769	332	3765	17166	14809	9765	16934	14443	17246	2200	7857	15798	2750	423	6326	9213	17212	12935	13141	13902	3336	6124	17221	14772	17426	13701	5275	4983	502	6054	7334	15712	15852	10687	18574	8403	4255	14817	14795	5886	17531	11777	8336	5290	16944	17288	11442	9606	11952	4271	13595	439	19377	19782	19211	11631	13062	6011	16663	7415
8198	10653	16843	19766	3181	18620	19508	19817	12225	10079	5513	19533	10221	13881	16460	12708	9147	2721	8204	8256	13877	3798	19160	8043	20174	15381	9971	12058	4884	480	13987	6355	7018	19458	9475	3776	10589	4086	256	4023	16471	6271	2916	13185	14272	7980	2250	14496	11191	7753	8173	12782	6991	4485	6052	14071	6128	19161	1467	1016	3618	18515	17041	13598	11768	7170	15600	10203	15332	6394	15851	17061	14234	1746	13009	5840	10770	9766	9130	16307	18163	10067	15803	5239	7752	13388	18372	15590	12481	1714	13032	5094	1646	6897	17769	3123	2325	8272	18416	14064
17199	10852	13936	5516	12006	10665	1363	13455	16764	6609	1921	9710	6639	7165	3680	16251	8173	7447	8980	16908	12868	14656	5982	14637	10700	1104	206	12957	19967	16231	9875	2767	5939	11471	5125	8332	17821	12173	15710	1854	1644	17054	16659	5044	15278	7675	10710	19170	19362	16216	2796	3044	6075	3203	11810	13173	9118	12860	10628	1441	17626	4521	15102	14283	7908	8232	8472	10766	19737	3591	15474	3344	3028	12868	9708	13453	18322	11508	10923	20005	7157	10291	2094	9746	15667	6500	4918	10729	9919	7000	13880	13533	15471	3961	2569	12720	12252	2536	15088	13560
15073	12914	3782	2936	378	14331	160	7192	10166	15652	16256	15642	17650	10469	19931	20031	4568	16634	6864	9093	17344	18026	8134	6772	15896	10303	2390	3603	2850	18477	16402	17160	1400	286	5907	6718	4233	15991	16963	8367	7547	13781	4532	10791	11892	10431	13154	2271	14895	19693	12188	4920	6463	11168	6624	2374	12667	2153	18646	11646	15480	3214	15520	7196	7765	3931	5331	16248	1492	14622	1403	14023	7702	10472	16607	3929	4496	14820	6423	19731	3788	3374	14555	19207	7109	1584	4951	12489	18796	17052	18061	6035	12809	8206	2269	9962	5125	6545	16806	5909
5211	10506	12192	10737	2643	324	18237	11491	5682	14440	10632	2661	18224	20152	18735	16728	17496	8108	18756	10963	9852	12841	13658	11400	14309	13747	17362	20114	8935	10333	9169	1301	10816	4696	12278	12405	12	11957	11973	5938	19173	7789	3314	19405	7216	15960	16667	13722	563	16746	3018	10052	12085	2134	4080	9388	12143	20177	1160	4078	2483	4627	15544	20020	4124	8544	7474	16983	360	7480	4822	11228	14055	12402	15144	1307	18664	6937	2951	11915	14863	6404	19834	18840	6793	1780	2155	8879	339	5090	11483	5388	5570	13359	12026	714	16785	16150	2456	890
7380	13888	2108	1032	13256	290	12887	10692	13750	18160	2078	13684	5109	6995	5028	5425	6981	11318	9435	18817	17885	1360	15474	6811	3913	16816	15712	19900	2820	3183	10470	10785	1288	6498	3763	13494	18390	10611	9035	8575	684	384	12010	19373	6972	13741	14699	17395	9973	12224	11016	18845	4040	16747	19540	19308	7710	19732	19996	7118	12296	4862	207	17674	2283	15543	2546	12420	18687	2550	18917	11262	10588	11963	128	9038	2082	3424	17597	7359	13025	11749	2964	8034	16501	8571	11994	17569	15482	16642	8398	18505	16848	5363	207	11816	18265	8025	17167	6923
3509	7536	253	1840	9169	11753	9057	9231	10131	8975	2053	4833	18396	3785	5543	20100	6623	16932	15472	5837	14506	166	451	8108	12310	18178	18494	16204	3663	1991	11637	3443	6338	10296	11247	17400	14755	698	19173	14416	14682	756	12190	14393	10859	668	16088	18535	15047	9906	1652	7195	14875	7521	1765	17064	8571	11732	18545	17635	13478	1331	9618	19069	16603	10096	8027	1207	11941	14653	11322	18271	3298	2443	3384	6971	3188	15236	1598	9427	9180	8948	16670	2844	2432	10565	17076	4591	9009	15357	5306	17744	17004	4347	7898	12392	14958	5901	7547	6238
8824	10901	12304	636	9178	207	188	10317	17261	5492	18383	11670	3602	1853	9880	14413	19905	3979	18354	5257	16898	5790	18106	2617	9899	6921	8527	13868	11689	7241	16572	11424	8856	1973	16830	10043	18777	2871	10386	15661	14812	10227	7544	2951	15066	2234	2983	3767	5253	12190	11910	4671	4737	11994	4841	18265	16243	464	12594	4270	135	2223	2404	6708	2644	19301	17623	15673	898	7122	19088	7971	12946	4104	16154	12435	10585	7719	755	19898	9480	5109	7920	10691	689	12353	19835	13243	13672	13538	6873	2945	15050	6810	17009	8609	12527	1625	12219	18584
4312	10415	18619	2200	13015	1035	13093	4643	856	15070	16276	8341	4544	17264	5921	9862	2550	7528	19652	10759	11091	12729	4163	18248	11268	17587	11417	17664	4477	17267	1299	3195	18038	18104	1999	5441	11745	2472	5235	2158	15740	547	9353	19566	3485	8785	14162	2691	9820	1803	11641	8284	17108	7916	4942	11332	17182	16195	1173	63	790	16631	928	14463	8357	10872	15370	733	14556	3384	1763	12777	10818	16848	13688	14054	17122	2082	17220	11054	18216	19386	16006	4054	13903	19508	563	9636	14809	10315	5355	4868	17304	16640	11628	11829	14336	19286	15984	6916
3378	813	15703	3857	2611	9427	11786	8316	4030	17434	11842	12550	4647	10151	2755	18066	8142	15641	14551	569	15371	10728	14048	4742	18535	10744	14675	181	15349	3215	15948	1803	3003	8114	4613	8523	2916	17918	14451	2768	14367	20084	18443	15811	3775	798	63	6746	1912	20018	17360	13933	8808	14548	19194	15607	11535	16345	15735	14890	2064	7809	10890	8256	6649	1655	11536	10047	7254	8760	5566	14925	14041	5546	2528	15069	15951	10786	11912	19822	3365	3838	6928	10726	3257	3354	14861	16119	18964	2540	13746	4246	9470	18971	11624	10915	6171	2108	13735	11842
2192	19646	5677	15873	11198	19469	14701	7788	11551	9257	9701	16711	14159	11161	8774	923	1389	6902	6690	19581	1022	4343	1903	11413	15745	3530	12467	18668	8485	4586	9464	12522	12363	5901	7929	2845	6451	3819	5572	11912	8259	495	12377	12707	8381	18151	13309	15379	9608	8371	5962	483	862	5309	14572	7365	6406	15515	19762	5787	18102	7265	9087	17858	1469	19688	8917	3750	45	6742	12492	13771	5595	15036	4627	104	6243	3308	18703	16717	11165	11190	11405	17530	790	6200	9985	3336	9830	17986	10897	5434	9463	5429	10168	19620	11070	3947	18097	10085
3184	7466	17904	6944	19149	19084	8443	11988	19615	16610	16835	3249	801	6835	2605	3868	20151	4230	17643	13829	19651	11117	16062	14864	4636	17686	17758	18933	15579	12804	7753	13877	19078	6583	7130	17022	9920	9168	18475	12695	17911	6250	18548	10415	15010	266	11779	1411	18818	14261	1217	11498	17480	10444	14964	2721	3163	159	9618	3036	19731	15769	15409	13307	4277	3362	12836	2088	9645	8956	7384	9839	8056	6718	17878	10373	5541	10992	6536	4562	421	1868	6932	10477	6932	9629	12891	325	6601	1655	7240	7226	2192	15314	16100	11805	16201	12162	8107	10544
5894	790	12452	9735	18101	17216	13322	16716	14306	18277	2964	13494	16274	1055	14216	553	11551	9627	15409	12465	19848	5080	1134	9821	13744	3061	12130	16359	10783	16422	10651	14652	19872	10431	800	10600	18286	594	4088	1907	17687	10697	13625	20170	6375	4938	8910	8957	14625	16878	8771	6469	9015	17020	7327	12905	2797	12434	19276	8864	20055	20070	1903	5809	11286	1961	15273	5697	3786	2649	14425	6934	7114	19801	13511	8737	18962	9697	3778	11433	20166	16325	779	4401	16432	19414	18125	10228	4753	4697	1421	7378	18127	16788	18402	3821	15797	6101	3407	1776
12615	16717	13698	16847	10049	7555	2662	7849	149	374	10791	13212	18890	17748	6654	3208	19735	19494	10553	17522	17115	16274	9734	14358	18511	14552	7873	15517	14393	4747	17498	5011	4694	10035	1601	4365	5749	9646	14820	19115	7221	15682	1788	6962	3067	3855	13976	4171	1406	14462	17260	1910	19610	1534	17172	8827	15301	12735	5869	5044	17045	18299	8473	20091	4966	16877	4561	16391	18619	11327	5781	11293	13394	18988	38	3370	2982	4354	9359	12377	589	11918	7367	4665	7378	3572	3468	11424	13685	14318	3362	2540	19066	311	6271	2876	4255	12720	1510	14413
15328	13837	10566	7438	6995	242	14601	10187	13152	10303	19271	723	8990	10165	7312	19205	1545	19113	19251	11645	3271	13119	204	18600	19537	12431	2610	14729	15508	7957	8857	15415	18889	5	2931	9079	13814	17350	18159	410	13729	18359	18976	6461	5041	15133	13758	18397	6725	2767	17889	18093	9108	2805	19458	3900	12807	11113	3061	17216	16555	2364	18360	15059	14139	16216	11829	9432	13359	7000	11693	12198	13710	16177	12680	14633	4763	12058	8552	16902	114	9516	19290	8370	7307	28	5828	2314	18317	17757	7644	2490	11656	17876	20114	4742	16358	15896	18163	20133
9871	15693	8732	9911	1673	10799	6309	9772	10210	18192	17423	3218	14439	10791	11820	75	11933	4063	10325	690	4544	6278	11999	9556	2040	2737	3872	19063	11707	8742	10992	11704	13397	10259	12064	6401	3735	9508	241	12613	17054	10993	14123	1007	9163	18499	18447	16864	3285	8560	14095	4099	4720	19677	18934	11028	12953	4883	5547	695	4774	7423	16598	14609	8215	4873	17419	2384	13109	11684	2757	1577	7031	4290	1687	19162	9992	11121	5182	12591	10954	9276	9054	12074	3086	3374	11695	12070	16174	16279	9952	12992	16737	11799	7816	610	1902	9915	1538	9510
2637	10109	11041	15650	10639	4938	3291	8078	6457	10191	8189	10738	10020	8206	5069	14946	5373	11877	16764	19412	1588	10167	3493	14213	11777	19162	8864	10008	12129	879	8075	13370	13250	7540	14425	12192	16091	11222	16305	2934	3555	16204	20003	13472	14401	4535	7779	6696	5554	2268	15205	9376	5957	2964	4549	6456	901	3977	828	11396	4621	11764	16604	14191	18117	9049	4347	16590	15829	14812	6323	5686	3737	9088	5612	12091	426	5728	730	12742	4983	3521	7864	11317	9374	19800	8156	4530	17223	18767	7611	11485	5526	12814	4072	16950	11300	14590	16428	10653
10022	18539	11823	2123	1888	3530	9040	5462	3183	16664	12332	8407	20142	16903	1874	6402	10636	16100	1372	17800	19682	15477	15823	12021	18147	3008	15583	15710	9646	13706	9725	15010	8048	18979	17065	10139	7612	236	66	15687	11950	14398	1270	2495	13587	18845	7071	19858	19070	20039	9696	19163	9707	2934	15829	15489	17591	18778	8131	1981	6496	5797	5919	6369	11636	2130	5202	19611	3018	10726	5364	2773	5805	16932	4969	5433	7698	1558	5025	4072	9389	10086	19399	11710	7444	14242	765	14680	11466	17624	14958	1428	8995	7481	2835	8562	10968	3597	591	8425
8535	19067	16388	17009	10600	5695	14428	14030	16322	8275	7745	12130	3006	3543	8709	1991	7173	16367	871	13532	2358	16112	13664	10540	4243	19744	18425	3623	13900	6846	8371	2669	1530	5811	9587	1742	16270	4911	9748	5286	18773	2077	7753	1267	10978	3967	2143	15898	1456	3970	13615	10738	5967	15767	3681	10049	11163	5551	12320	2129	13711	11696	7644	4272	19110	11678	2124	11213	7538	14461	15116	8271	16575	12780	733	7032	8551	476	6188	3060	7355	8460	12697	20020	19585	6795	6837	5983	17159	7195	12162	9268	9767	19801	19064	17479	16584	8678	16367	9113
13424	5157	4987	5091	14306	15102	9636	12538	8214	18300	9569	6412	8797	9830	474	14027	4246	5964	18809	4093	321	8917	3644	18382	2312	4102	15347	16226	19472	11038	9861	9962	17979	7927	11505	12822	3518	9772	2547	12003	18174	8606	5648	7354	5227	3882	2570	13366	16954	11465	13399	17747	8528	13004	18549	10498	19805	3385	7735	16500	9351	5514	17335	15194	15313	8141	18448	8685	3100	3617	6239	2404	14991	11389	2255	13575	15959	4801	18680	14549	19866	17260	2667	8941	9288	8319	7107	3659	6719	1099	7971	2590	12197	4707	5225	3417	7849	3640	19852	4966
18266	7696	1243	2813	14559	16359	15639	10275	923	1394	3657	6644	12152	8699	4193	11094	4108	18731	5359	11473	8329	17146	19802	14849	5997	5637	9424	15908	15581	12043	3827	11608	98	17896	14670	16669	19912	372	5308	3565	11396	10121	677	1542	2291	924	354	5387	2286	17051	4113	6496	11822	11548	4601	1796	11870	16502	14971	12441	6518	3253	14743	2538	15942	1610	5026	10841	18339	13806	409	14550	19170	1445	8825	19338	5520	7646	10515	18434	14555	14529	2112	17122	12401	1973	17865	15076	18442	9031	5602	9067	13606	18442	11625	12166	5299	6985	4235	14497
16725	9824	243	3945	3004	14896	14044	4146	4886	4340	15786	8159	14515	12626	16694	13858	14449	1645	13227	13289	12112	4822	17558	17079	13518	8349	8278	6498	7032	8058	5935	19232	4988	342	13741	10097	17411	5364	930	4022	12277	11830	10414	13885	18479	19785	17490	7478	11642	10016	13287	15504	14632	20146	920	7145	4847	9905	5319	3750	13925	14784	6924	5227	9197	18147	4670	19462	19137	10233	3216	358	9387	8079	2778	10122	12823	17677	18563	14470	9179	7322	13555	2371	12610	11926	10587	13340	11430	16792	15903	19657	2160	5462	3004	19923	13865	4611	15746	6142
5342	15977	8469	4144	6904	17900	877	7764	11535	14058	8774	12618	683	12520	2263	7765	6948	18639	732	12257	7212	7082	5346	7820	4546	1450	1756	19239	14047	15569	2951	293	823	15158	16950	1997	2101	1147	10034	11664	10765	12240	20066	14032	5123	4313	2794	9064	7032	5017	10890	17652	2586	15394	15984	7501	2209	15008	2094	19564	14727	17561	2004	5487	4280	6489	13413	13032	5935	1948	13289	10438	18709	16823	10120	15121	1258	2896	10482	5117	11495	7297	3010	1901	10151	4924	9941	3315	15231	19335	16240	3762	14046	8269	1267	888	14189	12784	13166	953
12846	11623	4396	6149	5256	15944	5512	344	18687	15096	18892	2020	19851	1090	837	18242	16836	16780	6108	18359	16491	20095	11986	13852	6127	7192	12486	13521	10759	13185	13216	19575	1950	426	6752	1882	2596	2121	16345	4574	3766	18002	11623	6040	17242	16968	8101	8858	19153	18357	7055	9421	17253	18036	9539	1894	2786	15087	5344	11664	17776	8654	981	12164	1090	12848	18016	8286	7130	8124	7951	10152	17217	1229	9606	9164	8541	10665	18453	7936	17945	12620	17490	8158	3506	297	2229	3702	15712	10293	2565	8989	1258	18102	4585	17712	1603	18293	9522	6356
17450	3334	17856	152	800	9569	5921	9112	12866	9486	18238	1734	17554	17461	9016	16870	6719	17919	3743	7660	16762	10829	14593	18019	14653	14411	2041	5756	10878	4343	3529	4162	11544	6022	2167	15173	12735	10509	16676	18043	12236	16383	1046	4990	13279	6072	17973	1703	14875	11549	11466	7046	16527	17929	7155	12444	8711	6795	9835	13141	12845	1545	16687	17045	17052	11389	9359	9578	3581	184	12781	19019	1213	6232	11500	2923	15320	8483	15621	12056	16628	5652	13260	6117	1556	3935	15510	10614	11615	19856	10791	17108	9587	3782	4868	13317	19239	320	18892	8432
17403	20118	8485	6918	12215	7952	12673	1039	4060	7698	4871	10589	8554	2459	19489	17173	4552	12497	13849	6496	3152	7308	19256	7948	2492	5015	9588	11392	18163	7173	3458	12530	7396	964	4838	11418	4594	6376	6063	15858	12869	262	14659	15719	7655	1211	19373	849	1769	587	18374	60	6753	383	15178	1416	4300	8959	19173	11497	4401	5900	19023	7601	13639	14779	1868	12817	8125	70	3405	4138	11708	14157	1155	7365	6430	16463	16097	7066	15652	11492	11115	18407	18940	9963	18087	19255	9033	4406	10915	17169	11509	6018	2614	15948	10821	12444	16912	12668
13881	19375	6262	5368	4390	5239	17758	8189	8319	2447	10952	9387	16712	11087	2659	3044	14411	18886	16758	110	4880	9572	17895	15873	2569	3035	3819	18589	8869	10451	6067	14182	19823	20176	2000	4478	11948	4990	16100	10411	14221	3579	16337	8810	16882	17662	1824	2066	12119	18152	14910	1543	5457	15142	19862	2090	5953	15739	18511	18265	5134	8685	2381	8904	12641	9383	18931	4783	2068	13001	819	13047	18520	18424	10417	17672	7351	12468	19684	10219	12888	15394	19318	9307	10085	12860	2534	2501	16706	11119	4073	15786	10911	14881	18953	8995	14680	12163	13169	12278
10343	6565	4087	5133	5750	18781	650	18211	5409	15523	17649	1438	16369	16721	11616	1814	19570	20000	4823	6219	14648	8936	1746	3409	8127	9761	7916	2676	4578	1556	5496	1317	3373	5879	9746	13606	17521	12085	12237	7428	2679	19279	13358	2178	1622	5682	2793	10470	18837	19494	14149	13019	1099	6918	17608	17402	10999	16933	18667	6651	15559	10415	14174	3177	9234	82	11092	9520	7743	14129	17479	10201	20000	2595	3814	8633	17824	16567	4743	1013	20191	14417	17099	8893	19858	2306	13097	12896	3553	13513	14406	8736	2404	12120	18974	19038	15514	17742	17545	9517
7446	18645	6705	14488	20048	16725	9353	12775	18859	17555	5675	13748	15469	15511	18125	15948	18985	1794	15693	9189	7864	13214	12642	19501	6718	10725	12937	11181	5317	5345	10426	11232	12318	2611	3363	8858	1134	6919	4300	9193	18339	18631	4558	3910	11877	4399	4066	11850	13701	281	2565	6184	17780	1386	18836	4884	17565	14827	17078	5926	12890	15087	11911	12829	5636	5368	18024	15663	8530	7327	15652	8910	4150	19609	16458	15485	1250	1122	15494	12504	7493	7916	17415	2229	3763	6096	5924	18312	19695	3775	9594	14549	6939	1530	666	17719	4732	9449	13910	17532
3777	4636	13375	16177	15951	13455	10201	5443	19813	4903	4121	17326	1046	18154	6382	19684	13153	18829	18690	400	1778	7260	2613	4023	800	12910	7573	6958	15191	13858	7071	1031	1864	7359	1792	12258	5172	12431	5426	9219	19019	10811	15469	12755	6116	15815	8028	20032	6128	2935	15279	7724	4478	3529	16780	16489	10472	1709	18177	17401	5079	4295	20138	6150	7381	7075	14581	9449	19048	5621	5415	8485	9373	18933	17295	5805	15202	343	19126	15146	12900	459	11414	19032	3965	17040	5	14780	5494	11199	4362	13464	15830	14783	19939	1017	12304	10326	4108	5949
17681	16190	3722	12603	2451	8096	2050	2983	9848	14651	1037	7454	14794	17265	13137	12164	257	1488	11811	4475	16725	16529	2224	18512	6328	10830	12646	1281	6221	12126	20144	12760	10830	16848	14145	14804	6014	1973	16493	12077	8251	3945	8073	4681	3076	3271	1786	13010	13980	1582	319	13268	733	18513	13625	7637	13626	18274	7142	10144	12657	9857	12695	19540	9699	17286	5141	13406	18276	19568	4257	16776	6746	18734	17151	13679	8599	7630	19203	4686	10026	10205	19030	7532	13392	2488	10826	17660	10256	9914	9046	3549	9023	14668	18604	17150	18131	6773	11032	3113
8280	6557	19880	486	19320	6003	8259	8279	13193	2426	3023	2347	9601	13145	8572	14700	327	16251	19462	10174	17811	10148	10471	11458	16923	11167	4299	18633	9515	421	5124	478	8587	13978	2393	4407	6037	2954	9050	13357	8318	17143	256	17659	19370	1076	9207	10448	13395	11533	4334	1332	245	10037	3350	18743	12969	13323	1362	20142	15225	9421	4352	3071	14251	8944	7307	13365	14524	19954	4137	2093	8968	13333	1065	2248	4163	7611	10086	10585	16864	0	1503	14776	9722	10864	8389	5305	8493	8878	16377	5913	14339	15725	20077	12601	9728	3889	20182	11069
2322	390	7556	9628	9464	8918	9277	11682	20125	12457	208	19848	8097	10732	15403	2038	3841	2515	17570	16975	1978	18913	6220	5074	15161	19714	14128	5937	13241	3178	3526	1559	17681	15065	9298	7032	446	3242	17441	10738	18154	3309	13513	1340	15280	10910	7316	10887	2531	9179	7401	645	11275	17052	9406	2445	12393	17968	5233	9194	9413	19325	17829	4434	19357	5472	4692	16386	5638	19142	18068	7630	152	12144	3944	15779	8932	836	13961	13708	10929	15148	9242	8813	4945	2366	3458	6458	13046	12206	2121	9056	7419	3339	126	8902	3176	12514	18581	8086
14068	7387	13918	10038	19574	11987	4374	11532	17878	17101	4907	1498	10463	18503	18379	9743	8871	3043	4457	4109	16170	1021	7134	10963	14119	8263	19890	12930	13555	3976	12143	3710	13590	19944	2988	10151	18371	18592	8410	9398	17618	14149	1400	7807	17639	15496	11708	18377	10181	11659	5827	7842	17607	1665	11246	14379	9465	7239	6772	14292	11911	8026	15590	4183	2175	14139	16856	5260	8813	7454	4003	11205	6428	6056	11699	17159	9851	6847	12215	6682	13002	17163	19124	6703	18572	19081	140	2247	15986	236	13741	4566	15041	15923	11973	18381	5285	12452	7747	19843
7292	19173	8030	11110	10257	13672	11522	17545	19913	15620	15134	13343	15659	3025	8239	6819	9027	5279	15370	14681	8805	1319	11555	6708	10314	13328	19332	8523	8073	11557	5534	7254	10429	8147	16165	17391	6903	10688	9656	16031	620	4332	10494	18113	1765	17702	7963	7985	19256	1105	13790	7948	10744	5065	7334	11896	2278	3709	7776	3208	10089	6347	7784	14044	18313	4989	3571	17877	12245	15119	10995	3881	19612	16657	10328	4493	16502	609	11559	19347	2984	3722	2706	4773	8980	12189	14327	15846	2024	12846	1371	4306	12194	13138	17019	10222	7408	18725	6207	14289
3079	6652	17558	10959	5365	16800	19123	15389	16981	6861	4312	10869	1209	7700	10007	15135	15841	2823	20011	18713	2641	648	2602	10759	11139	11135	7133	8069	11456	1266	11892	14176	16187	12579	9113	417	1496	17780	16070	32	20171	17889	17986	6075	6410	2038	2614	4854	13610	16346	16110	7013	10837	13060	14008	15866	3610	14232	11834	4729	3576	3268	7782	1789	19292	191	15212	12138	7046	15564	10048	9073	2625	8281	1424	11441	10806	7621	6414	12688	7391	1746	17852	15830	18639	15802	8332	7275	3830	17373	12808	465	11070	321	5364	17341	4747	18440	467	12244
12998	10770	16350	9473	388	5463	8805	13144	6140	1760	17310	12488	18691	8110	10797	5219	11321	4923	7447	3462	8692	8185	11473	7450	13850	19536	2458	4411	54	3350	18850	12056	12647	5621	10860	7798	6054	7788	4384	17139	14977	7854	1673	9207	17626	6141	16572	14893	12477	18778	18933	10538	16688	17051	7319	6446	19998	16623	2439	19805	10258	13321	5071	20029	10810	8009	6861	14665	3669	2859	11598	10943	11229	6483	11805	4747	16143	13597	14394	16505	2989	10580	3599	19769	5274	2831	9266	14119	12010	2534	8955	12827	15327	3812	6829	19643	18766	2156	8447	10373
20007	372	13102	17547	6414	9055	16079	17127	18794	17039	7183	458	16800	10049	19133	14761	12283	18511	2086	15389	19954	16655	2993	14870	18616	5635	16510	8566	621	8882	14470	19095	8108	6672	11226	11286	13639	13000	11362	15312	17945	14068	7678	8230	10692	521	17051	12357	1355	8020	2004	3876	19748	1250	1474	16109	16833	9425	19271	8128	12556	14353	17404	13933	7616	16528	9522	19104	5843	12812	13397	9735	17448	16614	2549	9090	19500	13090	5661	350	2561	14727	16873	9279	12957	15786	1126	9282	6716	5984	8654	9301	14032	7779	774	17607	17907	11619	302	6157
10068	10799	9852	17681	17024	13805	11627	20003	13068	18130	950	557	2133	4148	8124	14764	16930	10535	3961	18160	1481	7988	5050	16593	1307	7086	13066	2612	3549	1406	7041	15031	507	18885	5740	6713	17671	12826	17078	11851	15750	2053	5065	18274	19525	3543	15332	13680	4723	18727	17484	11445	16191	2649	19326	19130	3519	5575	12487	2393	8305	7374	5151	12401	13634	7885	438	11837	2986	12281	2687	2254	17790	10535	18387	8315	1009	6454	3377	12791	7838	412	8369	16071	9517	7527	18310	14568	2069	1043	16597	15052	8468	3793	14662	5147	17658	16032	1762	15328
15262	4257	9362	7010	14371	3620	13510	10822	13664	17160	5681	9985	16205	15321	3778	4634	2963	9394	19638	1467	15951	18611	10733	20104	14858	6142	12246	184	1499	14918	6782	15021	17501	717	5656	14083	17301	7772	19399	16679	797	9086	11202	335	11918	17719	9564	16932	378	15946	12455	18087	9951	11800	6231	1309	12650	3902	1147	2892	7200	8200	20018	16400	2591	4350	4509	12757	10628	5514	13597	18683	11924	1113	2366	16463	11488	7295	12241	10878	13510	18604	4594	3691	10162	16975	2851	11084	957	3044	2913	4898	13072	10671	18438	9348	18702	1722	4554	13928
18315	7832	12050	8870	4274	5569	1417	16112	9465	7515	3521	20181	18387	4647	8019	1568	10278	10635	18068	12060	14796	15811	387	10296	241	3020	13885	2369	10933	19232	392	18584	11950	17811	5516	17870	6580	18357	5019	12070	17231	13074	4191	4503	12008	9595	1271	19678	14784	2670	960	5984	4868	16645	674	15381	20116	2212	3906	16917	8965	2516	4822	2701	457	15511	14895	20021	2614	7698	18305	18802	1789	9639	16025	15563	14654	3719	7329	10233	18379	9457	4970	16781	3659	18737	8297	14711	11963	16697	8678	17161	18391	2470	4060	9103	17162	19865	8151	19322
8465	408	14336	4406	6870	14820	2787	19813	748	19318	595	5580	2327	945	15770	469	10294	6999	8726	14869	11047	17610	2358	19719	8365	18659	16816	13267	16797	439	19938	10837	9379	13764	2599	2689	7528	7472	4590	4579	5209	3146	2347	4769	1692	18368	889	3530	14701	5380	13750	4149	14364	6113	16166	14656	17396	14818	12501	7162	3144	19405	11545	4266	4153	9176	9635	4531	10191	18590	12030	12672	8260	447	18030	14458	2582	17802	15381	15489	19078	9279	19240	16886	1201	12469	8438	4254	9016	1132	8896	17437	7377	12532	10589	6212	18860	9924	10148	2070
18953	19773	8006	7710	15264	12138	14871	5901	15199	19610	2564	907	5986	14971	11662	2752	9000	8878	5157	17330	11245	323	12313	20096	14619	19187	8048	17791	19765	928	2	266	9093	9513	4522	3399	10684	4925	515	7738	20152	13837	2379	13680	17844	16790	4408	12101	14012	3743	8999	16006	2524	3710	17072	5685	6807	6759	4054	11186	8721	2986	9829	8153	6903	9694	3012	13855	9270	9772	3619	13910	7717	12049	11301	14060	12235	525	17376	1291	5158	19731	9447	4948	3586	19473	4064	16409	3803	13866	17353	6944	4415	11436	16651	4527	2590	1012	7918	8000
2906	13554	12402	10847	14594	17305	406	11753	2376	6132	9467	7241	10566	10610	2130	15767	6116	14637	6795	19881	11877	144	8367	17127	3416	2297	10557	19078	16923	2150	20114	3039	18837	8902	2298	12915	10085	9815	11623	16447	19657	17769	1381	19964	3525	8975	15284	11123	9266	3732	986	15830	10166	17066	15214	16611	4011	1642	2562	440	15120	1502	4918	8461	11860	17184	151	8271	4315	6584	10227	5775	2845	18161	16054	3381	15209	3694	13805	12823	20028	9434	9338	19839	13539	14934	9730	806	12927	588	11850	17680	2167	18707	13741	19718	718	10099	8770	6289
17541	17437	1271	2108	7948	6969	3126	8173	6659	1941	1033	18986	2626	789	7305	9494	10622	14532	13239	18673	11193	14639	16226	6695	3789	5572	12550	1769	13653	7122	1316	16368	5570	19907	12623	12283	7840	16783	16841	242	7184	10667	16045	15456	12319	2178	15039	4746	16342	16169	13846	10803	7888	3752	6645	10900	12861	11301	1931	16712	17220	8596	8863	13169	2744	1349	2646	3389	7556	8273	9028	10121	15604	16616	13553	1885	12182	12801	12151	8955	1231	200	19271	8214	9597	11877	4195	13171	18478	1085	4899	10447	7433	4635	18986	17794	2855	20054	293	10694
2899	4607	3735	3363	17333	13104	15439	1457	15753	3047	4633	19651	6815	7195	3475	7422	19665	19092	1979	9837	7234	3316	11913	4771	4150	16791	1173	19638	5575	18216	10999	9207	18902	15986	9513	16603	9270	17415	2426	16770	3439	2978	18624	3881	12755	3378	5476	20047	10044	6366	3836	3182	8997	6076	16637	14652	16626	19606	4550	11414	2876	18409	8128	1844	2343	16847	6469	269	1769	2049	8363	5083	8318	19087	4257	10711	5516	11911	17296	18750	15749	5889	4778	5127	18904	1760	95	9677	3047	18600	6545	20182	152	6687	2739	10409	13986	5026	14363	735
6279	19888	11260	7881	3723	14297	4244	15320	16422	15655	9423	8541	14630	2250	16032	17775	10905	19663	1363	19552	13396	17415	14862	11117	8035	13944	5414	3274	18512	8156	17748	10726	4546	3159	600	2972	11402	18442	12620	11089	7958	877	14572	8319	18225	14779	19145	14090	8665	17014	18829	18751	16066	12729	15360	7886	1195	7180	8695	18619	6197	8711	9832	463	11105	17687	16217	12088	263	9333	7550	5347	16171	3273	54	16472	4220	1622	2978	17199	5507	1677	2774	7586	18765	16385	13357	126	9434	20038	3905	1309	12401	7419	11496	15065	16135	15839	2295	4089
17661	6958	15410	10907	8332	13681	17532	13245	8913	15082	18214	6949	4689	12464	4879	12947	16487	4165	2884	13639	9607	7434	11709	9026	13321	10653	680	20161	7671	11298	3986	19890	20202	16489	12808	18286	3122	2625	13805	4534	7253	16283	7929	595	8502	879	16100	7175	41	8863	10964	20011	7952	4681	9038	9837	7948	7444	15960	4006	12960	4390	17231	16801	19529	15611	16510	14444	12686	1416	12888	8025	6732	4109	6149	9686	17636	7875	12431	14358	1509	3816	15484	869	9095	2881	15705	6366	16995	4075	15926	1672	6150	448	10694	17004	14371	10070	16871	13779
8816	4447	4439	11267	2075	20147	16448	10517	16647	19519	10107	18936	3777	6297	1921	13068	10253	18922	1171	10029	5457	9723	2703	9590	6540	18880	15072	8073	13719	9971	15087	5728	17443	12172	12527	9752	12601	3651	6986	5629	19472	9886	4956	9837	13592	12419	6113	4581	19114	14087	794	1390	7180	17656	5755	2193	4956	6836	18723	5960	9109	14301	16614	17855	7375	16634	12465	6905	5186	14380	19257	19642	1134	405	7211	16491	4108	2688	269	62	7415	134	17714	13902	2839	175	6854	613	13714	4841	20038	6663	5387	6253	12977	14130	17227	17377	8690	18916
17419	18946	6520	3786	147	12479	2892	763	19104	3130	12581	19855	19676	9679	17554	15041	19977	4533	17051	774	3191	11981	11393	5528	9375	3257	5544	18833	2366	14463	2694	6248	9290	6753	7912	13741	17379	12276	12059	18179	172	20096	11753	3801	4683	1798	7254	729	17673	13193	10792	18370	6165	17424	2675	2286	14615	1517	16628	20175	4674	6603	9246	4637	3163	2916	367	8720	366	1099	14161	4060	1418	1563	12001	16794	5696	746	4974	18017	17161	163	16934	11834	1242	10882	8207	18372	9375	12896	8588	17395	6905	4376	19525	109	12313	13898	6040	10881
3105	10254	5938	15786	4455	12969	9919	6232	3312	18043	13502	5898	5906	2278	15739	12241	438	14008	13424	9626	15636	867	15663	1990	2880	4477	9570	463	6471	11365	5229	14458	10892	15363	708	11623	2229	18520	1346	1777	6988	12800	7796	17900	6925	8310	18777	3407	2873	19784	14269	13547	17549	14391	12204	8010	1416	2960	18862	5393	7099	6040	19055	8843	7226	18794	6145	9494	14439	14	20047	4500	11925	16193	17875	19855	3335	8598	6775	17160	13689	19498	7130	38	14680	14532	3777	3809	14245	7668	7763	6347	18125	163	18422	1090	13593	7351	11071	8805
18677	4436	3724	14611	12310	3880	2630	18486	5895	1819	16335	1523	10924	13944	15585	18376	4956	2024	8247	2916	5042	822	5037	262	6673	13817	2266	3483	3743	11808	12475	9023	5756	17801	6263	4848	19029	8075	11083	15635	6782	7740	15984	15118	10469	16026	17453	17643	16777	6276	14401	19876	6083	11988	13976	14925	2960	643	17261	16354	6976	11682	17426	13361	6215	19706	526	1488	6131	18800	2190	18617	6672	16985	3931	16382	5207	2880	7881	15915	13770	1543	5927	2306	4526	9183	19356	10241	378	1329	19919	16237	4401	19320	16518	17660	16598	938	11780	17597
62	14959	16448	8916	18201	9539	16136	16776	2588	4519	7741	1978	15936	16206	13948	11857	19181	13599	18072	18643	11950	122	13509	10425	4680	18972	16245	15441	318	9754	10667	20026	17277	12393	6964	6684	18723	14784	592	6116	11095	10088	17021	3521	4168	7575	5267	15440	6451	10932	20109	2021	1049	14261	16985	15068	4804	13584	10191	4001	19603	5949	16694	18103	1532	1861	8598	16754	14392	18475	13239	5654	4402	409	5575	16874	3899	11342	4306	2266	7713	6352	13882	5679	1708	5065	16794	15136	2561	11805	14411	2056	11108	6190	3070	8990	2152	1656	13958	17265
16270	3025	9757	10384	18807	13144	13357	3951	1650	8191	11270	16860	11600	0	10344	11721	5187	9644	15819	8725	1035	2120	1056	14109	14162	3320	3639	16462	4827	15647	334	14427	6629	15217	1189	5079	4819	7646	19902	9069	10992	16471	10854	18241	7999	8746	9974	9387	18261	12251	10859	15862	18486	6689	6050	16124	2417	19163	7755	10551	3993	19447	3791	20154	280	13387	18537	18384	10652	5260	15631	19350	9554	10283	5216	16712	13365	17041	19690	8738	10230	16267	10122	4254	12579	11010	19964	17362	5475	4193	18368	9747	16890	8737	18285	6732	2710	4586	16725	10137
15340	10821	16890	17450	14331	525	6570	16264	5566	18923	3771	10981	19148	1221	759	4900	19038	18409	14013	5013	16469	1349	15909	9653	8911	4936	12580	11668	11641	12092	17173	9906	18179	8635	7646	18241	9653	4388	963	12838	17553	14087	4727	4715	2426	14365	1508	18447	13228	6359	14912	7310	2250	19855	2379	7535	8001	18370	15316	15936	19256	2078	8701	12146	19554	19851	9519	16091	13589	3532	18949	2003	17644	5125	4316	9411	13775	9831	16748	13722	13039	17	13321	3701	4465	11850	245	12092	15508	19067	9757	10151	16584	13109	15235	11209	10833	6452	7292	8765
6022	17019	12010	19452	10494	4056	2657	1491	1485	16411	17854	7570	4861	19938	8588	19223	8171	10671	16617	9618	4797	5245	8372	7133	8655	1880	16356	13982	8748	9940	11399	1398	12650	4201	9779	13171	8857	11659	6034	4202	18161	4002	16018	5854	12095	17309	5547	6487	5152	7980	8162	9679	3713	13287	11815	11218	9251	17569	1307	14938	2892	13613	8808	10511	2498	1364	7259	19858	13323	10961	16187	4659	15851	18182	19861	10381	12674	14652	2149	15551	11306	5757	9131	4156	11885	4897	13287	3232	6426	17653	2442	14369	5047	9857	16307	13866	4055	18734	7414	465
3593	18669	7057	4259	19166	1656	13055	664	2070	16777	9641	365	19684	12069	2686	11768	15145	15549	18524	5765	1231	14948	16562	7581	171	16817	17317	14532	4732	3409	11093	10533	8604	19161	4717	11308	3153	11128	19279	4080	1251	17370	19193	14907	8193	9079	2626	5692	12634	16801	5526	2906	13476	15537	4764	9238	4990	5123	5090	19463	1837	645	6276	15245	1127	14	17665	5123	20027	6611	15296	2483	4388	1463	223	4477	17546	14667	14213	14096	19466	4344	13202	11041	10206	2375	17424	16916	5742	18360	2299	6495	8271	4509	7971	4464	6822	18192	5750	6470
7357	14841	19875	16913	18748	2621	20039	2440	16896	14068	17786	13448	11826	7731	19816	11070	8503	12341	12736	10274	1751	12559	3774	52	4233	14987	6583	20056	17455	3291	3135	3742	1346	11383	9639	919	7740	3901	7235	16574	8313	7369	1776	10999	19451	7098	6542	12352	6155	17779	808	19923	20190	13242	5363	16379	15944	12188	933	6555	7039	1799	2166	7465	4173	20131	17569	18052	20167	8279	2341	8390	4983	13138	5977	208	13306	17408	12359	14267	10534	19016	1651	8030	4303	1862	14394	600	19749	6667	17421	15472	3518	11160	7754	18832	15347	2371	16462	18442
16375	6201	1323	3751	5518	5195	15244	2268	7886	6217	4280	12067	141	19437	12615	12688	17832	18068	7481	17241	17016	7658	2390	13724	14681	11856	5886	17153	6939	3775	13615	1679	18134	10370	6559	15511	5169	15586	17791	5283	17545	11262	16062	18574	7474	16136	19318	2908	14339	8281	7607	3827	5248	2807	700	77	13029	5717	1134	18767	17319	517	12809	8433	19427	11682	18366	10676	6861	12782	13375	19676	18612	17610	203	13924	6819	19455	16122	11891	4706	5009	19047	10829	3678	12533	6647	10561	14444	8311	16150	8122	14988	18995	12328	5180	14485	5041	15187	482
19374	9373	6098	3969	6821	5047	1491	7787	5195	12682	3374	13533	3174	13777	5052	774	7918	4738	1352	6426	15842	9169	4475	2374	1752	1058	9078	10283	14052	15876	11296	5415	13400	15944	19514	7656	12959	8502	12050	4732	5812	10757	17652	18442	10537	18957	7025	19766	10801	2586	3216	448	9160	16746	3571	5109	4111	8897	8162	13858	10301	8696	17768	9631	17745	5792	8370	5775	2929	6466	8474	9269	5761	13058	18936	13017	14794	451	11604	15171	20174	2997	5158	3816	17558	3571	6542	4464	1717	11448	14591	8577	11997	3799	10585	745	6093	5790	16866	2352
10053	540	14159	8218	859	8500	9829	1449	10004	11575	2006	2387	15432	5854	19387	4668	18506	3752	14731	14302	1194	16400	7763	11663	7986	7057	16436	10669	8091	12609	3473	170	5612	15134	11973	7019	6530	9655	1271	14204	13204	19660	11740	11399	3073	9843	9389	13557	16890	16484	5209	19889	19859	12311	596	2434	13734	6704	13404	6235	3279	12333	5242	12623	15834	5166	17446	8652	14150	13705	2182	18182	14494	16732	17689	18459	7328	13554	5754	6202	8778	15204	5348	19830	10013	16193	1903	11813	6488	18823	8925	10766	3257	15632	11566	2621	12067	5716	18226	1033
2745	20021	3906	445	5840	4276	11200	12375	5592	8861	6381	3237	19732	10144	11068	15797	16565	6495	19934	8692	16540	15871	9031	12024	17296	3349	15036	7854	10777	9615	1017	5483	12160	15684	13042	19997	10409	2244	10507	3548	9623	1803	11062	4067	16136	8146	17912	901	12560	14461	3907	10796	17266	1126	19871	16232	11999	7638	8393	16178	19622	3948	18427	4699	14922	10887	20162	13927	10963	9230	6024	7478	3309	19505	9398	7496	10991	8023	3278	11857	8369	17682	14193	10007	10092	4392	17282	7369	2837	9064	1684	1000	13137	8001	5451	3022	14046	16706	13039	17682
9848	12174	7017	604	12461	6563	3709	14183	4475	17964	8967	18095	10675	10553	17435	3911	15749	10243	3362	13413	19187	3291	7762	746	2538	12559	14031	15995	8275	9782	18360	19830	4119	17403	4158	6140	12283	9997	16771	2155	17228	10860	10801	14128	3005	8810	6862	4437	12523	10177	15338	13557	6241	596	2453	13143	8284	1661	406	16944	14506	19278	14820	19006	17117	14074	12016	13888	11133	18645	2596	9421	17650	5260	12296	10765	12390	18868	1734	10004	12271	941	2693	18304	3642	6351	14625	7550	15469	3249	10824	725	14963	15441	887	2253	4588	15740	7199	11231
758	10717	5633	2967	12673	7111	8857	16939	7951	12847	3131	2044	7183	2986	16461	2232	18776	2874	11108	4686	3647	13558	8635	3889	5699	2867	16072	12611	20129	19217	17812	19663	14418	11038	14580	5271	17793	10101	1294	18537	5018	15488	1165	19449	460	1418	20073	2158	16124	18838	6161	5706	15353	10742	2000	8156	12389	16447	11769	366	15597	10937	6035	3051	16134	1788	13367	19124	16443	3918	15487	7802	3299	6164	13089	1696	5688	17999	14548	11681	591	8017	19359	7840	6064	17073	6291	3223	4957	18408	1481	8270	17597	17375	9562	18558	7431	13662	18392	1340
3036	7285	20010	10900	8637	18814	2500	7900	3572	16123	10870	20061	12530	10447	14095	11285	4621	3760	18449	13427	5308	11101	15594	14642	6524	18675	6271	11814	374	9461	18481	4999	4242	16254	3617	7501	7910	1728	17590	19503	6289	104	5429	2366	15740	2516	2165	14673	18109	19967	2352	9331	1487	15103	7573	13380	19335	2994	8889	4321	2718	18214	16555	12015	4246	4549	4255	17054	3025	11548	4625	13534	6067	1166	18933	218	5646	16411	12426	5655	11744	11988	16110	7664	9088	3420	2833	14384	4998	4590	12400	13433	3887	12864	12187	4590	19742	4391	18834	17675
14109	11637	527	2234	16620	5030	5392	7690	18706	5886	13236	3571	6790	15988	12694	16260	2275	4426	7166	9818	10592	20158	725	17205	10011	15148	14617	8950	12974	10441	11749	16095	3134	6942	17092	19308	10544	6545	11368	3078	19832	7988	109	15258	4980	13354	18226	19576	336	7056	15401	643	3355	20192	13928	10396	16432	3979	16086	3193	2582	15938	14663	19068	16723	15792	16627	14810	7428	6197	6166	11115	4781	10946	26	14745	19095	19091	9834	6187	2744	6022	6784	4667	10885	8223	6256	9434	2404	9299	8062	3636	1076	13713	12858	16805	15165	20161	11608	15554
20171	15629	16375	4915	20097	14379	2755	24	4341	9704	14823	11369	6962	15087	19806	10563	19087	2225	14670	11863	2507	9597	3819	17715	15231	3462	771	3026	8951	6928	16070	659	18735	8665	1666	19759	15202	1135	2625	18098	15540	14080	2677	19447	11285	17541	18548	16175	20020	12512	3765	5295	12944	13178	14161	19713	11769	11768	12309	17075	6366	2870	5633	5900	504	14362	2637	11617	6970	18972	14755	13153	18132	442	2020	250	4835	17695	7583	994	1115	18683	5738	16247	19795	9763	2617	14524	1725	12074	708	17423	7423	19238	11640	17866	1813	19124	18858	5027
13984	13307	9854	4925	1211	14878	16178	11389	2501	16901	2882	273	7864	3979	9940	4781	14182	10799	14734	7444	12814	1760	17745	10732	17335	3894	14345	7713	6919	3859	17671	17042	20072	859	9947	18132	13022	3044	10798	19290	5775	19558	10254	17434	18209	4633	15511	13	18979	18267	12059	14680	4684	3110	12964	4390	19022	13362	15150	2646	2442	6524	14418	18859	2399	1673	838	17746	12182	711	646	8207	6203	4006	428	19890	15824	5759	17527	1550	16584	5216	4803	19971	9941	6014	1785	7141	5270	6359	7656	11744	1290	12258	6672	18640	9849	12433	17732	15772
9846	19389	18744	9430	5680	13030	18823	5470	11656	3274	18367	12792	13231	3336	11912	740	16484	12103	4755	9079	3354	15764	14054	17158	18816	11139	3812	12642	17922	14648	633	17362	18722	1622	2524	14321	9963	19713	13245	4562	5680	11342	11084	13394	15899	5956	18359	14423	11110	11674	13702	12757	4854	11919	19558	13163	16016	18178	1389	5271	15165	7815	15639	8173	4459	2160	4379	4660	1848	18750	156	10347	262	1565	1792	14370	16472	7980	13558	13323	9924	19128	15725	257	17391	8788	4771	1654	7200	10283	4369	1036	19628	6106	17821	19375	3758	6641	7713	17484
16551	10416	5222	2526	15035	3900	8278	1417	3847	4305	13976	4255	10342	9627	7621	9479	4466	11048	344	14	10173	12608	19702	9470	13870	15513	7152	15348	18968	13007	3833	4739	11260	7167	9271	2612	19107	13186	17208	1788	16934	6365	18499	3377	6756	14279	8714	18923	11745	1558	17749	14663	11337	4474	1581	15321	15052	18320	1371	589	17344	5473	873	15900	2379	12504	8995	14823	12629	17070	15272	9822	19202	18632	9979	4924	11317	15642	4990	4521	2945	14898	38	1481	10193	12091	13578	18947	16974	9199	6976	4242	9018	4572	19257	4574	17518	12545	2670	18685
19859	15762	14785	18813	10519	12680	2777	2466	11020	11666	17572	11823	7288	9072	4633	2647	14456	3966	18054	5755	9922	11509	14569	12162	2331	12162	12986	16583	15401	10628	6271	9699	6487	9310	1570	6207	8810	13527	15863	5313	3714	15348	17154	1532	10688	18653	9231	3713	20104	4296	8983	5800	4135	15523	19509	5566	6009	7623	2983	10034	16568	7524	8443	6362	7080	4709	19393	11439	11749	18934	1535	3205	3220	2762	11070	5544	18232	13917	5133	14539	930	3043	5076	19915	11168	7200	1888	18161	16894	20069	674	624	2662	17392	11465	17610	2765	9258	17374	19538
15875	13400	16123	3935	1538	10532	7514	770	4848	17915	16531	18834	14707	19941	761	1049	6355	2293	6024	19765	6910	1389	4660	8285	15191	6596	10853	10193	8834	10018	9735	2367	14876	397	1910	18779	20203	11912	9707	17004	19529	16305	11371	15908	6239	11338	20086	6469	15117	3067	1788	62	6835	19152	17509	1628	4796	15735	17434	9446	9675	8467	17625	860	19511	2062	13684	10285	14949	6316	7628	14301	15462	7976	6350	1545	17920	16663	20013	460	9112	6695	2331	20166	12687	14986	1307	14485	12801	17350	16142	10832	8691	12827	2445	10013	14727	13669	3781	18747
11604	5083	2963	9231	7796	1887	15482	14351	6128	16946	11403	11857	19076	18372	18323	17423	1127	14120	4746	14954	9304	9626	17433	2934	7357	18000	13303	16213	13857	8367	3370	12584	3769	9896	3377	1711	14964	11810	11766	12792	1662	11598	18913	1588	17257	5214	18448	13022	10147	12483	10275	1364	8183	14921	3334	3955	18241	8094	6975	14954	10017	6353	3960	10874	14793	1978	692	4109	15370	15315	10497	3901	13935	10033	6745	14497	7206	9408	17564	2717	10396	7010	4793	16805	4183	19177	9403	6649	13536	5025	3782	7483	4822	1417	4822	5581	15832	216	122	9169
10746	2044	10591	7655	3619	12081	17425	8415	952	8386	16154	17861	9050	2722	17968	384	10047	2617	13873	16344	9908	1696	17467	6182	6998	3417	3191	10984	4027	6202	9517	15685	3305	2157	13060	1824	3066	2080	3140	12962	16898	17236	20172	6584	17396	19733	12847	4421	17341	19048	8141	10253	14723	15168	7189	981	10443	17160	4935	15192	11397	13262	19899	9835	15962	9675	2206	644	19852	15235	2220	1663	16148	16428	2174	15260	1567	4550	19640	6952	11705	2335	19317	14556	10353	5090	14266	6895	13099	14010	5402	9802	8500	15161	16663	10882	14235	639	11157	17323
17459	19179	3942	18637	17882	19743	14810	5163	4884	3992	19270	12316	13710	3626	16145	5889	10657	311	12602	6205	372	9374	7686	4835	10707	1363	12144	9896	7762	5232	12382	8254	9449	9314	14123	4322	13668	2515	10976	8352	19665	16842	16193	4972	12599	8110	14499	9475	19992	3580	8520	4199	5884	20020	8208	312	19091	15863	11101	3798	5563	19568	14903	11707	15141	9194	17189	18382	17063	120	20149	20069	7180	14540	10799	19519	1981	693	18657	3674	2667	8736	9310	2617	12728	1408	18803	12341	13933	12567	18723	14875	10719	19412	4668	19126	18765	6971	448	11703
11574	4343	6428	8211	11308	13682	16934	1026	16151	15643	13148	19170	20060	19542	6747	11646	2908	15258	10885	8812	8599	18162	17794	17073	8990	2346	7305	6362	13722	1067	10319	9617	11965	18816	14599	14462	8819	13485	12178	8146	1005	1581	10670	4343	10350	3608	16545	6219	3305	8934	14032	15770	14458	6773	11850	3272	12326	16913	429	15892	19490	14650	16330	3242	1202	15746	10483	11383	648	7239	2266	17788	10517	7925	521	10816	2614	13880	10556	17650	2593	6426	474	13775	838	1954	19085	19979	135	8489	16369	240	5503	5126	17330	4102	6732	2729	652	13623
19123	8615	10551	7119	17290	19634	3566	4335	5593	5305	1714	3555	3787	9340	1910	15929	2651	5517	10022	18309	16458	16467	10742	16647	19030	354	3254	8200	4464	2881	1506	8243	16156	3784	13448	4386	13616	14556	15931	2457	13946	2112	17354	18930	3653	8467	6449	13019	15204	10611	5889	1522	7199	9245	2248	16706	9268	18699	5413	10012	12990	6172	2046	16358	6127	10324	18429	13601	8102	18845	10077	14135	19820	9906	15277	1966	2356	2676	14012	2504	14176	19169	17127	3096	15138	7415	2489	3153	9881	14549	19693	9603	10022	3435	14066	341	13557	13546	17303	20140
6687	4803	642	4592	16031	5856	18678	9843	19415	813	16220	10101	12159	11246	9380	2722	19081	17838	12585	16762	6906	2041	14056	12364	19149	2299	10224	9097	10717	13748	5239	19612	11124	3501	643	5022	7403	5830	12606	12768	13123	19513	5916	2673	3767	12296	16472	18037	11497	6664	16217	721	3207	6578	10929	2767	877	19208	18524	14857	20039	5834	7844	1528	3156	17889	2031	14611	2700	1896	7107	1065	17242	15590	16729	5384	14960	13661	8556	19777	3951	6459	12342	4674	16279	11512	14527	10715	15047	16107	18725	3799	8211	4457	17288	1159	11197	860	8297	7788
12950	10692	888	16031	5600	12409	18068	13816	8750	10741	20108	8240	20185	15474	9123	15791	1957	8964	11794	1892	5774	2229	13466	8007	550	14674	5437	13450	13852	19976	16919	17864	11984	491	8268	7846	3792	18528	12447	732	2702	14544	5962	14061	2582	11770	10602	4083	733	2001	8896	19482	4107	18458	13010	19063	7184	13417	6362	10927	20028	18438	9796	8511	2821	2856	2735	19139	15661	202	16108	15436	819	8881	1454	18236	13790	14785	4190	3350	16788	16728	6598	15358	2626	8737	10301	9569	2354	15597	20048	3791	16052	15154	14881	1462	18970	4	1124	4578
664	18114	3195	18095	18778	271	4122	11656	6690	7952	4649	981	13062	13448	7656	7022	13063	4856	1867	1396	18377	4190	19749	9951	1622	12244	19404	10308	10911	11039	9971	9139	1309	18679	16630	20191	11477	4270	9941	9632	5028	13046	9992	3954	18478	18101	12837	5390	8990	19507	411	6654	2150	3762	8326	3954	19370	3621	5248	15980	19299	2176	4469	6756	10279	14658	5732	1323	11622	10366	12937	5348	17945	1065	19301	11770	5189	7493	8268	1786	16467	295	725	4182	11708	19505	12010	8747	40	13781	4590	15732	9307	4793	15326	5195	15796	15094	9210	18868
514	6632	16927	7788	2175	13865	6185	269	12062	4977	19161	13570	16327	3211	1695	18526	151	5233	7375	10729	8477	595	15688	16996	14642	4939	18948	6946	13176	3988	1232	3450	19498	1398	17421	20199	18902	374	9131	8310	20044	2	8832	9830	11449	12410	5459	5152	10823	10782	10566	11031	16232	7014	3626	4489	8317	15460	4517	15646	5189	6586	3343	18408	12988	1386	17760	16878	17533	159	15153	8821	11584	7581	5437	8065	3174	14449	6899	3763	1479	57	12570	12410	8284	18767	19489	9131	3243	11601	3363	3966	15560	9539	14435	13976	11586	20042	7267	18238
16342	16326	11753	10590	20102	19338	10950	1665	4205	216	6937	1283	14419	4811	3782	17425	2495	10927	19501	19508	5067	4501	12841	592	19374	8101	9863	6477	18439	14532	4341	2390	14430	14654	15805	3474	8805	6970	19686	16866	1994	11740	16247	19325	17231	4406	13548	11101	2696	5000	11416	11098	5511	5640	11513	18779	10241	8101	11389	14449	9	7394	17453	14580	12927	811	12253	17169	12143	20089	3955	3247	16833	102	2702	6531	11277	190	5491	1541	11074	12262	18479	8326	8094	13097	20111	8810	19148	7925	2070	15824	20005	4050	16790	19154	12562	3533	157	14513
13	15138	1621	4154	4050	19807	16168	16974	3777	2156	9156	19276	12663	4592	11799	11695	14719	19919	18987	3093	11999	4064	12686	15318	8489	18639	16568	186	14827	4474	10694	17096	10901	13765	11710	19636	18298	14297	5468	10870	2205	11273	11749	2701	8788	5661	19292	8183	9474	17386	8750	16299	14934	8456	5854	16324	9388	5897	9704	6352	17473	18505	7065	1481	8055	15887	159	18531	11129	2689	19023	17308	160	4965	5533	10952	840	1615	2628	14109	13774	15866	17546	15270	17420	15745	20095	4550	6207	6709	580	11957	7408	16664	11584	2160	3354	6406	10277	9598
19726	715	19093	1677	17360	7012	13371	12665	19370	10096	19202	16231	3458	10695	10824	8680	17811	15803	11233	2120	3268	11314	6329	7134	11162	6037	9892	11113	1087	4772	564	16493	4489	299	20089	5483	12162	8560	15318	16645	20107	3177	8722	14459	3547	5284	910	3273	12888	19522	5307	17058	15721	10738	10438	17346	9626	10204	13386	8660	144	5827	10167	15692	13435	14946	12450	8191	16527	10224	3869	11834	10205	9691	4133	11190	12782	4870	1753	14216	11477	19908	13599	2060	15852	1938	12126	16219	2196	12194	779	10954	18740	3344	8544	6923	7734	3215	18457	13012
9397	2439	19174	12571	15903	16948	5295	16270	2669	9921	6795	19353	16796	7311	7702	8240	2708	11128	7624	13719	15798	16459	7906	7696	8226	17173	9415	12512	2293	13275	7214	11513	13210	6903	13001	1553	11645	11269	2506	12451	4627	6352	17604	15779	14033	14987	17839	13698	17737	3128	19777	17301	1418	3774	14427	129	7269	879	15680	14892	1726	13792	9047	20047	2897	484	3728	13347	13519	17295	602	8882	18329	6018	7144	20021	17117	493	6632	7080	3441	19880	15199	12718	8224	17664	17058	2575	16191	12776	5217	10007	16165	5888	9541	3735	4054	20200	10798	18867
16610	15363	13705	372	11851	4850	4738	11474	7050	1707	5375	2384	15338	17671	16493	11941	4527	14335	2196	17257	11823	2506	12240	9444	3372	12278	15568	2805	7152	6420	10562	7826	5673	3656	16469	13889	19192	4204	10278	2130	14663	18632	14675	2558	10291	10738	14128	10301	6109	2295	4594	19564	10545	5774	5636	1437	4974	10347	19041	8285	18803	12721	18766	1628	18426	2133	8481	11857	8342	1452	6929	8205	11191	2477	12477	12661	17964	16256	13366	3217	8598	1530	7656	12825	12439	7460	18432	5808	10079	7945	14993	5114	9270	13968	11739	997	19634	15076	17516	11709
8394	18034	6289	8896	19566	17396	9551	16607	5797	449	658	3791	12825	12209	13927	19243	9176	867	9817	15844	3516	13484	4797	1910	2641	15317	277	5090	3599	9559	4573	10589	1515	5419	12555	4198	16049	19531	15790	5981	3205	8087	5202	2442	5292	6039	12963	1942	3875	3045	2041	15348	14211	16991	13846	15277	8726	15050	3716	15764	817	12468	18672	11863	3123	668	17504	10879	15554	15585	3424	12249	3847	19740	8678	8893	16135	19810	2456	4848	6257	1757	5227	13122	6849	19377	5440	15787	19407	10497	10028	13427	9351	3716	664	2347	10923	10120	6394	4731
1750	2255	17165	678	1458	12373	2828	10161	18682	11944	11249	2553	1271	3805	17732	5678	8509	8701	6884	2855	13471	7256	12481	9065	13689	9314	4753	13917	12393	10279	15629	2107	3931	16589	11933	15329	10915	3029	19649	3405	15882	5755	17506	5962	6112	12952	19770	16095	2507	9194	13874	10874	2382	1270	904	347	8774	3546	18850	4822	5478	7189	7643	12833	13340	6291	17305	17994	12021	18896	17333	18867	8939	19721	7605	19586	10173	13979	1959	4265	3974	7698	17063	11788	14905	3986	9875	680	4778	6497	10931	19684	13154	1982	17379	12836	13254	2446	7460	12898
11728	5486	8706	2555	2996	9377	14226	19517	8100	17557	17888	19195	7250	17951	10856	2842	10389	15018	18544	13573	11137	9378	12565	7340	10389	3340	2618	1336	17244	1168	6616	14360	1926	9378	4700	13563	15018	9159	17142	11901	11726	2996	12521	17120	18290	19143	18308	13892	15795	12698	12078	10616	9756	17951	7245	18997	1129	18544	19842	17120	15246	14360	18343	975	4048	15784	13573	16130	15701	8252	12821	18981	15773	17244	18308	9378	1129	7072	12921	3871	7529	15246	11901	16964	13818	11901	18997	2996	16130	12698	12168	18625	18069	1926	9756	10442	8706	15018	3871	11726
4048	10898	12168	13892	10442	1168	7250	13892	1168	17280	15784	11728	2618	6057	13818	7250	7529	4741	7245	19435	16624	9756	3687	6537	5785	15731	975	15018	13818	10672	17120	7250	19780	9756	7072	4741	4096	7407	19842	13563	2618	18343	4700	2842	15784	10298	10672	10898	18308	19842	6701	17557	18069	18308	16964	4096	18343	18799	2618	16624	10672	4741	5205	11521	17244	10080	17244	19195	14226	14360	2842	11011	2210	19378	13177	4048	10898	15795	10898	2842	18625	12698	2996	2819	19517	2555	18625	9159	18799	16624	2555	11587	18981	19842	18455	17280	15246	11901	18799	7529
12840	10462	10080	5477	15731	2555	18343	7245	975	8252	16986	942	975	7870	5847	4134	5486	7340	19378	12078	10672	5477	6616	2819	19378	17142	4700	1320	2819	12821	975	6701	10389	7245	18088	16964	10298	7072	14360	7529	8706	12168	942	18455	15108	11726	2555	7407	16130	18092	9378	18290	18544	10856	5204	1744	4134	5204	8100	15108	7072	17557	19378	1336	17142	12821	19435	15773	12565	7870	13092	18308	19378	5204	7340	7245	17951	2842	5847	16986	5204	8129	8583	4617	3202	18455	9756	17888	17007	10462	12648	4096	17888	13177	17557	7870	16986	12821	18997	10080
15246	12565	2842	18544	8129	17120	18799	5785	19378	12648	17280	13892	19435	975	7072	1336	10856	12840	6710	15018	13177	4741	9377	11011	6701	2842	5847	17142	12078	18544	7870	15018	7728	15773	19517	18092	9159	15246	12565	14226	18997	2842	15701	5847	9377	4617	18088	975	9377	16986	1926	18799	17888	5204	19143	15795	12078	13563	15795	9159	11726	18981	4741	18092	10856	5785	13818	19517	15784	1168	13563	7072	1320	10616	17280	13563	2555	11728	19143	19780	18107	19143	14360	15108	7250	13892	12521	18092	9159	5205	16964	18088	4048	17007	9377	13563	7407	4741	12698	8100
12168	9377	12921	6616	7407	7245	10672	11728	12521	17951	18981	3720	17120	15018	17951	10672	1168	3720	19842	17142	2618	3202	19517	6616	8252	18799	2210	18107	7340	4741	15491	19991	4741	18290	6701	4617	16130	5204	3202	18308	5784	9255	9756	15246	12078	18107	9159	12078	18343	17557	18092	18092	975	15773	19842	5477	15491	18625	12821	12078	3871	11137	18092	11137	1168	13862	9756	17007	19991	17293	18544	5477	15784	12821	19378	11587	5204	3340	18625	13092	4134	15784	1336	3202	19435	1320	8252	3687	13177	8100	19435	5486	11521	19991	15018	15795	7250	12168	7529	2996
16624	11726	19378	9378	18092	3687	12821	18107	2210	10080	2210	15491	2842	1744	11521	19378	12078	9159	18343	12565	13818	18088	13177	15795	10856	8583	17293	19780	10462	6616	7245	12168	18088	18799	19991	5784	11521	17280	2819	5847	17280	2618	15731	18460	17293	3687	9756	18997	16986	11901	5785	13563	13092	5784	18625	16964	9377	7250	4096	975	10298	10856	12698	4617	2555	18308	19517	3340	5486	10616	12648	16986	12698	18997	8129	3871	8100	8252	4134	7245	10462	15701	12078	18997	17951	17120	10442	2618	13092	12565	11011	18290	6537	13862	11011	6057	5486	5477	3687	18544
3720	13563	4617	9377	15701	13892	5477	9377	5205	12565	5785	18799	7245	1320	19378	15773	9255	3202	17888	3720	3340	7407	15108	10672	12168	10389	7870	7870	8100	11521	1336	11137	12521	14360	15784	4700	13092	3720	3871	11728	1320	10298	7529	3340	19195	7728	18938	6710	3871	16624	3340	5486	4741	7245	11011	18308	15784	2842	5784	5785	18799	17007	17142	18455	10389	18343	12521	18997	19842	13092	2618	13092	13563	15701	6537	6616	9159	15246	10298	13563	13892	7340	10080	8706	6537	15018	2996	15108	10898	12521	13563	7245	5204	7728	2842	2842	10616	18799	8252	18308
1926	1129	12648	10616	18460	2996	11521	18290	15731	975	19991	1129	16986	6710	11587	3687	6701	5477	5204	6710	9756	19143	975	2842	17142	12840	18092	19991	6537	7340	18938	11901	5486	10672	10080	12821	18107	15773	10080	15784	17142	5785	17120	12648	942	4741	4096	19842	10080	7340	18938	14226	3720	15731	12078	19195	11521	2210	17244	17280	6710	18088	17888	11726	12821	7407	2555	1320	9159	18460	1129	6057	1926	18308	18981	18981	942	15491	6616	12921	12648	10080	19378	9378	6710	14360	9377	13892	7340	5785	1320	10616	10616	13892	17951	18343	7072	17293	8706	12821
18625	8129	9756	18455	1168	11728	6057	19991	10672	15246	10898	8706	17244	16986	5784	10080	7072	975	18799	6616	18997	8706	10389	16986	1744	1744	11587	16964	17280	12921	13862	17007	7870	17557	18069	15246	2618	13573	8129	17951	13862	6616	18799	19517	7407	1336	13177	15018	15491	13573	18455	11587	3340	16964	11521	1168	942	17293	18069	9756	8706	7728	11521	8706	8583	7340	17280	4741	16130	1320	9159	3340	1168	5477	2996	19378	7529	8583	14360	13573	12921	18092	10898	4048	18107	11137	10389	7072	18981	15491	17142	5477	15795	9378	3720	18625	12840	11587	13177	5784
7870	17120	16624	2819	18290	19378	2842	2210	10462	10389	3202	16624	8252	10389	8129	17951	15491	10462	15246	17244	9255	10442	1320	7250	5486	5847	18799	8100	10898	11901	14360	1336	1129	12521	15701	7250	9255	12648	12698	18997	15731	10389	18308	18107	18460	5486	10856	1168	17007	1168	12821	17888	10672	15784	11587	9756	13862	16964	9756	6537	17007	2996	11901	18997	19991	18625	15018	19842	12921	19435	3202	17293	4741	18290	16964	15784	4700	18625	18069	14226	5477	14360	5486	8583	11587	5205	975	10080	7728	13092	10898	10442	15773	4700	4134	12840	5477	2819	18544	10672
2819	1336	13563	19780	13563	18088	12840	16130	12078	11726	15731	4617	18455	17142	13892	7728	12698	5785	13573	1926	12821	17142	13818	9378	1336	4617	14360	5204	18625	8100	18308	12698	4048	1320	11521	5205	15731	15701	10298	13862	12078	16964	5847	5784	15731	18092	18460	6537	17244	19780	1129	5204	13563	17293	18107	18069	16964	13862	11587	1129	10616	5785	975	18981	13563	2842	13563	7870	19195	4134	15108	13563	17888	19517	7529	5847	3202	11587	19195	18981	19378	7072	4096	13177	15795	4617	19780	13177	17888	4048	942	19143	2210	15731	10672	19195	5205	12565	15701	18455
13573	12078	18799	7728	12565	15108	4700	3202	8706	16130	7245	16986	2555	9378	8252	1168	3687	6616	18455	15784	9377	15246	11587	17120	15731	12821	11728	19435	16986	19842	10462	7245	6710	19435	14226	13177	7072	11521	8252	2555	8100	7407	10672	11011	10856	7340	15795	7728	17142	1336	2618	18107	5205	17120	18938	18343	10616	18088	10462	12521	3202	8583	13573	17951	18088	12168	17120	19435	7072	15773	2819	7407	2618	18625	13862	18460	19991	17120	17120	1744	5847	8100	18544	1129	1168	12168	18455	18625	16964	12168	7728	2842	12521	17244	18107	15701	13573	18625	13092	9378
18092	5204	14360	12168	12078	11521	4134	3340	9159	18460	7250	13563	10672	14226	9377	12840	17120	19143	5784	1744	7407	19435	12648	12168	18938	6616	10462	18343	3720	15491	8129	2210	9756	3720	13177	18088	11901	14360	11521	18938	942	4048	9377	12921	13818	1320	19517	18343	12648	17007	17280	12840	15246	1336	18308	19842	10856	10672	5204	9255	12648	15491	18069	12078	2210	8129	9255	9159	8706	10298	5785	18092	17293	6616	10442	19143	3687	15018	5205	12698	10856	12078	18092	11521	9756	10298	4741	13563	10672	7870	9159	13862	1320	18290	18938	4048	6537	19435	8583	12921
18069	16964	6057	15246	18308	7407	15108	3720	4741	11137	13862	9377	10298	12078	15784	15731	5785	7407	6057	4096	12840	5486	19842	15246	8583	19842	1168	15491	18544	4048	7072	4096	4096	13892	6616	10442	13563	8583	3687	15108	6710	17120	10616	10462	12565	9159	15108	15773	7250	1320	4048	15108	7250	18544	7407	7072	15108	19143	8252	10389	3340	18799	11011	6710	2618	5204	18460	19780	12698	9159	2996	11137	7250	2555	14360	19780	19435	12168	18308	2210	7250	17280	16130	11726	17293	2210	6616	11728	19842	19195	10856	16986	3202	2842	12648	2618	4096	19780	17244	17951
18455	4096	18069	19143	4096	18799	9255	18997	18544	3871	9377	5204	7072	4096	17007	5204	18455	13818	7529	11726	15731	11587	4617	13573	7407	13892	16964	5784	7407	10856	19435	1129	18107	1926	15018	1129	17280	12698	8583	12168	10298	19517	6701	15701	10616	4700	15731	18107	9756	4134	10672	975	18343	15491	10672	2618	19378	11901	12078	15773	9255	8100	2842	6537	3202	13092	19378	5204	11011	16986	2210	15773	11901	18799	10672	6710	15108	5205	5785	2618	2555	18069	15773	17888	4096	15795	18069	18938	3871	12840	4048	14226	10298	16986	16130	18981	18092	9756	4741	942
19195	2819	18290	9159	5486	16986	16624	15773	18343	7072	7728	2618	5784	19143	13177	12078	2555	3871	13862	17888	17293	18455	1168	8583	12648	16964	19517	4096	18799	17293	12698	13862	17293	19517	12565	1320	10389	5486	1168	19780	6057	13563	12698	15018	11587	19780	18544	16986	2618	5785	16624	9159	12168	15246	18997	4617	17557	12840	18938	11587	5847	18092	10298	9159	9378	11521	6710	13092	18997	17120	15773	6701	4048	1744	6710	18308	10080	18544	18544	12821	15773	12821	9255	7250	15731	4048	13818	10672	12821	18290	13892	12840	15491	18308	13563	1129	18308	12521	18088	17280
19435	11521	1744	8252	6701	19195	12648	18460	10856	9159	5847	18460	10442	5205	14226	2555	18799	18308	2996	9255	1336	4048	3871	18799	975	17293	5205	2819	11011	2555	17557	9255	17244	10616	4096	3871	17142	10856	18997	5785	15701	14226	18107	1168	3340	19991	6710	5486	4134	17280	18981	18069	19991	14226	4134	16624	11901	19378	17120	3340	13862	7870	18455	17007	12840	15731	15108	7728	18088	18343	18997	11726	10462	17888	7250	17142	10672	9159	10462	7728	2618	1320	12821	12648	1744	11726	2618	18997	18107	6701	11901	6710	19991	1168	4741	18460	17888	15795	4134	13862
4096	4617	4048	17951	3687	12521	2996	11726	15491	17244	4700	18997	1744	18544	18343	4617	17557	10898	2618	942	18343	18460	18938	9377	19143	11521	8100	18544	13573	12698	16624	1168	18290	10298	8583	5477	15701	3871	10389	4741	2842	6537	2842	4617	12821	5205	3720	18455	942	15795	5477	15246	10080	19143	16130	2819	1336	5477	12168	8129	15018	13092	13892	17293	5486	4617	11728	13573	5784	17557	5486	18997	11011	19435	18799	7340	19780	4134	9159	9255	1926	17142	13818	2618	8706	19780	13177	1168	18938	16986	11137	6057	8706	10672	10856	18092	2210	19378	18290	6710
11137	5205	1168	6057	2618	17557	13177	10898	3687	18997	1926	11011	7340	8706	11728	11726	13563	4048	18997	18455	5784	5204	13862	17244	17007	17557	15491	2555	6057	3720	3687	7728	7250	7529	11728	10298	3202	13892	18092	19378	13818	17007	5784	13573	5486	16986	7340	10856	11137	12648	4700	6616	8129	10616	3720	2210	19842	18107	16964	18308	1320	5477	4700	7870	13573	4700	1129	10898	9255	12648	9756	10616	17280	12921	18938	18544	12698	14226	19378	12565	5784	13563	6057	17280	18938	18290	3720	15246	19517	10442	19378	13092	3340	15784	9159	9255	15795	18938	17142	4134
10389	12168	18460	3720	16624	1336	11901	8583	18088	1744	17007	12168	14360	13177	18088	8583	18625	2819	6616	11011	4048	19780	18107	942	1168	13177	2842	11901	13563	13818	5205	11521	11521	975	2996	12698	13818	11901	13818	2210	16964	19842	11137	19991	5784	5204	19378	3202	10389	17142	7407	3687	6701	9159	2555	19378	16624	15108	7072	19195	11901	18544	8129	8583	3687	11901	975	8252	6057	19517	13177	17280	14226	5486	3871	3720	13818	18343	13892	10298	942	13092	18981	3340	6616	3871	6701	4096	17120	5204	11726	14360	15731	12821	18092	10462	1336	2210	13573	15731
18460	2210	17557	2210	10672	3202	15795	1168	11587	13092	19195	17951	18938	12565	19195	942	18460	1320	17120	16986	15795	7728	9255	15491	3871	13818	12921	12078	7072	8252	2555	12840	8252	18997	18107	15773	10462	12521	1129	4048	18981	3687	4617	7407	11728	18088	5784	18981	7340	18544	12168	12168	9255	7728	13177	14360	11587	7529	15491	18544	18092	11521	12840	12921	2819	13563	17007	3687	975	15731	18938	1926	7529	13563	19143	11521	18544	18799	11901	10856	6537	10442	13563	16986	10080	18938	15246	6616	3687	3202	19842	17007	16624	19378	8252	11728	10898	18088	2618	7072
