7252	12376	11375	2308	10866	651	3590	520	10186	9343	5130	18543	8601	16019	6610	9654	17337	19502	4387	18142	3666	9715	3301	11935	4043	19384	4761	16214	3725	20106	12032	20145	10935	4931	4976	12761	1699	14192	1899	833	2705	17835	11868	6635	2326	1222	3356	5221	8568	8424	851	17765	7785	7208	15799	1618	15627	8040	18769	8582	18905	3406	13932	12175	6345	16918	5430	5712	1038	13372	17725	16161	17574	12799	13921	11184	11059	4905	4840	5106	5504	5352	10134	9930	14732	14769	12161	15827	5236	7591	12075	2065	2184	10974	7773	4795	7558	17773	6494	12147
10481	12179	7210	13643	13612	10951	14262	13318	7208	10894	3858	9783	4128	7244	9085	14915	10658	5294	13263	18356	8640	15865	17200	4794	17765	18489	15240	1473	13383	18020	13031	2995	4728	18279	13493	17810	1998	6409	9347	12920	5287	2319	8728	2348	10207	4735	10267	6543	10608	16139	2022	8684	1919	5832	5281	18207	1855	3520	15708	3583	12361	12335	9100	11429	16900	6059	9654	5796	9248	5992	16599	16430	14361	16652	14437	3401	10485	6159	17691	6922	10213	6010	9715	11838	19054	6021	4043	19053	18508	15091	611	2918	5735	16918	11803	7824	19056	14575	18257	1357
2412	17551	13493	8787	14361	8524	13643	1117	13318	1604	7129	14947	7201	17015	5287	3091	5358	10776	12075	2010	13752	3406	15458	17908	11176	3840	18247	12987	18353	13270	12179	15172	14105	1123	9585	18596	19361	19633	6951	1222	17993	8376	10186	1326	3282	12345	2585	18394	11746	2615	9237	10485	1937	19983	18207	12553	12033	8969	8622	4734	10612	9813	14105	11946	8029	13139	12506	12771	2584	6506	3280	19036	10321	7684	9770	5631	10383	18307	115	8610	16678	8301	14577	4164	11152	1761	18596	1175	13830	19739	16214	5747	2615	16650	7617	27	7210	4043	18139	567
261	4970	15901	918	10223	19785	3864	8731	4137	17535	4089	19326	12780	10944	1553	13837	16154	15880	18129	6981	15711	12411	10686	16379	17264	13320	11319	19686	9697	16645	18713	16958	17461	9274	19907	12800	18922	10799	6150	19377	14559	77	4797	14558	4980	313	19044	613	6986	11405	20170	74	925	9134	2955	13566	3793	18321	17859	8512	3722	14015	11574	13973	3606	1159	16396	1033	13367	19622	2890	17504	3853	1417	9722	3026	10581	4296	20072	7702	15822	11670	16020	1913	14224	19463	3130	7634	1173	4390	20014	10097	13634	12897	19243	257	14045	6856	19119	6837
10425	6782	11487	14729	18152	9210	13953	11491	4570	15054	17569	18025	14960	11417	9595	11518	8968	3524	10038	7175	7130	15272	18255	11280	9925	9963	2355	5239	7849	19638	11929	11735	3062	180	19536	4212	17929	2354	10231	12467	9	703	6145	221	1901	6962	11332	8825	5709	4671	4279	13019	18600	3200	1750	20181	16628	11334	14866	972	10932	18929	816	11641	20142	5927	10483	13422	6220	6772	9223	761	9	3093	899	4938	8655	4230	6962	8881	19019	3683	19377	4738	10520	15719	19463	19866	13101	8818	12138	5159	18361	13702	10669	7475	13045	11373	12862	11268
19030	3986	3519	3218	15469	10448	17808	12465	5668	5163	8425	16440	13438	2737	19834	15371	1395	19163	794	17430	8550	6657	16999	473	5648	19804	4683	19203	20051	15297	4500	10847	8627	6667	4884	19816	11519	9661	15915	19484	11768	19271	11318	14622	10692	2883	8540	14406	7346	452	13343	13267	10274	7358	2570	1474	14653	9709	19646	7048	1287	10582	2821	19710	7978	11806	18928	19865	16198	10713	15357	11627	2240	17994	16493	8573	14027	4300	14785	18334	3220	4004	14010	5759	1498	19224	19696	10413	14932	7967	4144	9871	5860	895	6276	9202	13775	2837	18499	12712
19522	13311	3661	8030	5079	14516	1954	10525	4899	1652	6096	12608	8631	11121	12708	5285	12901	14092	16779	10728	16426	19687	8244	16702	459	19575	5288	3649	19663	18565	15975	14306	338	19959	12729	9716	19473	16150	8002	20170	17009	8721	12963	4271	13839	2311	19643	1875	4209	18610	7031	17308	6820	3652	18964	10502	18893	8879	4923	4935	20044	17519	16948	16785	7595	19501	15514	7663	13254	18738	1407	10968	5016	2306	16458	3601	10562	8443	2558	13065	13284	19503	2215	7195	17138	14755	4167	14619	19882	4731	15768	7478	14035	1924	7498	19734	18277	18271	9056	15129
7374	3847	5592	6613	7298	1910	7943	11689	8860	10553	12980	8559	16640	15805	6031	11373	19239	16410	12897	6580	19373	997	1711	653	16224	13510	11222	8454	257	16100	15388	14245	10864	11153	6508	19839	20182	1466	15212	2925	15832	11558	7010	6815	3168	8707	17446	18834	8341	1826	3847	14802	19885	16305	3378	8953	18291	4365	5304	6096	11108	20111	14743	18833	8643	18533	9593	18610	9431	2778	5494	14242	19519	19784	19087	8275	14369	15114	12457	6981	13341	1695	344	16258	16311	17334	2679	6708	16777	12590	5503	17408	14419	10145	6872	7260	854	6972	19278	11800
7453	3199	4339	17150	8493	12006	9046	1694	12467	15797	13684	15547	6187	6961	468	17305	19653	19671	723	13377	8116	10516	11531	6483	14366	4644	8533	3288	4541	16659	3839	1542	15560	15262	3935	14978	11684	13721	4459	9268	16059	4983	590	5387	16013	14143	7442	11139	19041	8284	12932	16958	1005	13042	8607	19862	2240	5935	11138	10538	3343	15530	11129	17950	15187	366	9457	7560	10859	3728	2422	250	1318	16167	13583	1916	17310	7035	4671	4489	12304	5340	14556	11393	11020	7901	16845	14101	8006	242	4263	4014	7145	20060	15050	14993	8134	17458	9277	7203
3215	2034	3006	16036	9232	13812	1364	17362	19326	1787	1198	10221	7347	6061	18808	12892	14955	10876	11884	8147	14721	13834	15684	12241	19734	18701	15549	17239	18515	5257	11226	10224	17319	2998	5162	857	20054	16478	3499	4347	6083	1827	7039	12050	17410	18780	13756	16172	20101	9830	17674	9194	5497	18444	2553	11972	16303	12449	16720	94	16932	15199	13560	15650	9932	15098	592	7195	3146	5494	18425	9677	3587	14189	12173	14668	2550	19381	2946	2974	10959	16462	19274	9464	17674	10112	8186	15780	15050	19130	12955	12496	2379	7144	17327	9923	3198	7080	18624	18190
3953	15359	658	20200	1918	1577	9683	14109	4593	3214	15858	14610	1508	856	11611	13147	451	1316	19268	11900	62	1787	11566	5337	2322	19773	7642	375	2823	19628	13924	16375	553	7453	14665	8408	15030	1994	5694	526	19671	17502	7296	832	16930	7120	5364	5083	10412	18061	20084	9671	12629	19326	10890	11331	130	19026	10870	13470	15922	2233	5284	483	5922	2548	4	3855	20114	16883	5998	19861	14507	16955	13209	18572	12048	12254	6279	3819	20095	1355	5472	1941	250	1610	10237	13447	2233	13542	972	5520	1682	17086	10205	7582	14549	427	17793	7839
14818	5637	10548	15830	17460	9198	8993	16163	11405	13463	1858	3026	11012	297	9067	18656	16061	19047	1861	17491	15507	309	11458	14061	2691	9616	14494	16999	4496	18300	19016	10001	17639	7830	11248	17342	19635	2164	19882	15534	15093	10992	650	17996	5334	18246	19652	19104	15950	3145	19652	8573	15078	14840	14068	624	5020	2009	15914	712	9430	2576	14035	18615	13504	19021	5124	394	14672	16679	12253	13242	11349	17530	16466	3678	15559	6697	11115	10916	10725	18642	12606	13805	12570	17	4808	3693	8369	414	6902	10417	1669	7214	16817	474	7419	7056	19872	14309
5172	8166	16159	19614	13105	14716	5011	19611	11642	11462	17744	2917	1358	17085	1157	11349	14082	8149	19310	5013	18683	4763	16413	1105	4787	15473	10453	7236	11850	855	3247	654	17475	8738	15621	11508	540	8948	4568	20182	10841	879	15496	13026	7826	1337	12006	6963	10101	15340	7815	8797	6533	11662	2367	19529	9554	3442	1295	19500	5252	13323	16836	6371	2260	19140	1831	8404	1283	9662	7584	7414	3295	9791	11602	17174	19202	12176	16243	80	4236	13003	5859	15700	7285	961	8351	10089	18725	12192	1867	19568	11089	505	16700	13545	2919	9815	6563	15863
5037	13405	6357	19389	6188	14157	6031	9530	14391	3507	11929	16802	12473	14443	14183	16501	17635	266	14386	7621	4166	2730	594	6458	12424	16376	2178	16195	16375	5308	13011	8329	1586	18837	16679	16049	200	14707	10070	20020	5111	5938	3060	12827	4117	14925	15144	16443	6703	14233	10735	17489	1831	2630	8264	8713	16125	13452	4448	5719	1137	4643	11954	2531	531	1452	4204	6568	2834	19718	19359	10000	600	1290	10043	19223	17563	3431	4925	3482	262	1419	3608	1547	17642	3801	13622	17082	13153	1111	6613	5633	4098	12879	10340	16402	596	5882	3786	257
19223	9523	14216	1954	9834	13247	7285	7724	14675	10432	13298	5682	12606	10876	6211	14764	16723	1424	6367	14848	6548	19588	2339	10698	14662	13004	9919	18859	20013	4492	6544	13656	11406	9398	19386	6531	10215	3465	2659	5675	12295	17419	9485	7863	9761	9261	2244	9675	13492	19839	10689	17870	12300	2733	9586	8147	18012	18223	2148	18346	1118	11161	7794	11062	2602	10642	11133	17039	9814	670	17930	18673	18885	10026	13688	13436	9904	8509	14364	15163	13438	8162	11944	16597	7863	10564	3105	17259	6842	10589	13460	306	5157	4122	11473	17731	20079	11750	10099	5730
3377	19903	18874	9472	12871	3463	3833	10196	6795	13748	11180	12688	12369	7144	10623	5981	15754	149	1853	14271	11260	6431	7166	19407	13539	5636	8968	12580	19876	13224	13256	20129	1822	9479	5135	1293	17941	13748	16989	9069	14435	12657	10431	4653	17495	1953	11968	15911	1212	467	1169	18344	14483	13928	3618	7779	17754	16135	1171	17533	6166	15116	15043	15129	4352	14549	2085	250	2598	9569	2250	15991	18563	6588	16375	6278	4782	20206	10773	9628	5723	14743	1189	3211	3878	9429	16388	2320	2722	6992	10490	16470	4296	4124	1578	20011	4919	5000	5627	10454
4546	3690	7625	2946	20192	4918	18931	4452	475	19015	9708	15517	7913	5877	16447	8732	1785	13456	17172	3010	13624	15677	5420	2896	3565	12008	1001	15521	4054	2322	16886	3515	108	223	17169	10339	2964	18037	18657	5876	6890	4142	172	10742	19169	7563	16061	4224	1463	10651	14670	20104	19717	10933	17686	15236	2793	2779	1949	3634	12417	13592	15961	4321	12739	4829	16760	9050	15885	6049	9093	6771	9973	2361	17808	4845	13211	16644	541	10092	12130	10663	15404	8091	2208	4111	19081	456	9707	9351	18872	15459	17871	1565	2641	11268	6157	5119	5481	4684
12108	9805	12295	6838	16080	5118	15023	2484	8004	8904	11594	10944	19629	14123	8330	5440	19743	4612	6216	16363	7935	2398	16248	14518	10317	11157	4802	14339	15379	3325	13364	7080	1646	1600	6677	7764	13882	274	19404	9346	16443	15135	15889	1346	13924	12024	19855	14918	12411	14716	6458	6574	15114	11245	3875	6087	14261	7745	468	14133	17019	10296	8846	7566	2289	4126	2316	11124	6083	12574	837	8904	8342	2630	100	5682	11775	18084	6623	17297	1896	2796	2005	6049	855	15647	17423	18433	10781	1799	11095	8843	14440	12710	2212	11401	3943	1567	13213	13640
134	12822	12848	17972	6295	11471	733	18272	3729	19935	4457	2496	10748	2828	12410	3910	15815	14210	9612	15472	15936	9398	14628	15249	13214	15826	16088	517	18916	9351	6058	867	15153	14266	6128	11691	19912	678	6495	7963	19836	8919	1558	2817	16401	1287	9280	2535	14176	7907	10876	2988	8191	10240	721	692	15746	11764	19230	15621	12341	11180	11875	20182	5779	12444	16408	19757	4933	11320	14981	11337	4168	2649	6563	2433	19473	16151	2534	13238	4146	5513	6480	16061	18506	13128	2998	10498	19279	16528	12056	19148	12538	10475	10826	18720	7446	17757	625	4423
125	943	9304	20077	10329	12053	11533	10484	4072	15847	15600	14955	4720	14044	5633	17340	7659	5019	3937	2734	11532	17469	16241	4137	14883	13524	15984	10133	172	2626	2833	6046	4706	13524	7349	1209	1165	18814	8021	11218	7176	12529	6652	12925	180	811	12384	47	12214	13207	10251	13013	6887	15322	6890	17342	17927	17460	11493	19377	5764	15148	18617	15834	226	4011	10843	9172	7803	4732	8511	19437	13050	8942	11302	16032	12938	8563	11508	3827	18051	11911	9710	11035	14097	11636	4771	3463	16390	8683	11264	7122	15317	11416	18458	16237	1573	15712	19883	7065
6256	12468	6522	14495	4655	9617	4566	11839	5169	6207	5682	16432	16716	4916	1753	15121	3529	12571	5976	12425	8386	18909	8247	13248	7376	6731	19173	476	8373	8954	3071	1578	18620	16159	12180	16616	690	12227	18914	18494	9348	13211	4819	16467	11921	14048	4752	9209	5476	18703	1541	2776	468	10280	972	6652	1164	11199	14903	11293	15716	10037	13330	9735	1488	15311	16248	4443	8123	11650	16254	4055	18494	6207	16858	7070	14815	333	4027	935	10538	15297	19712	16826	12581	15152	1663	3849	15410	15922	19778	17821	7651	10256	15762	18517	8566	19848	446	18898
8997	17227	16882	5369	19917	6738	9839	19019	16628	11586	99	4005	13868	16989	17531	7585	9266	1785	5602	18162	2595	5028	1912	11270	3619	18615	5880	17438	17674	17117	8572	1751	8480	1561	8409	17896	5541	17491	17448	3036	16038	18323	3242	8566	11405	12122	5658	5569	10691	15871	11360	464	2722	10632	2647	17959	4949	6253	5941	17927	341	15703	19431	840	1389	16651	4017	7241	15204	10333	10610	1607	16026	3334	7452	8686	858	4290	13652	11616	5052	1001	8068	2369	13547	10122	4148	2637	10012	1874	17570	19964	8720	15948	17416	1991	3821	1246	563	5305
926	4738	5245	16873	2355	327	5187	3943	7031	20111	9031	4932	11463	15272	7341	14821	8511	17445	9382	12720	9354	7003	5233	16833	6594	12860	10942	7719	16385	8018	15676	12859	7854	19926	19158	19592	15985	448	8893	4751	9655	9581	11606	17408	12988	14272	7031	16712	3287	10805	13258	8765	18391	10188	11121	19695	2659	7638	5248	8289	4468	4442	1264	3768	18736	18442	16016	13132	4572	8195	4782	15573	15721	4093	18659	10997	15178	18766	18785	10191	1612	16429	1080	7384	16326	10356	9097	6061	8277	8218	1886	1714	9580	11247	18584	15358	9106	4156	5835	5933
3889	19180	8683	2934	4436	7448	8427	17909	3853	9415	3521	10549	11800	124	15904	12444	12567	11127	1974	5580	19797	15103	16316	19671	6514	9989	14971	2696	5668	5091	5030	7958	18505	16529	4457	3344	8588	7290	14284	9059	10312	2417	17380	13590	8603	4665	10110	17416	4312	18928	4599	13518	2561	4069	9677	11308	1124	9246	14780	5209	15522	608	3839	6342	10068	2605	172	10175	9424	5537	12250	8562	8509	1134	484	3342	6520	14666	17456	17467	11762	16106	1568	20100	2116	13680	19816	15986	9947	17814	1184	5245	1607	6557	1467	17031	16554	918	6810	9005
15804	3203	1027	1617	15288	13030	11892	560	1677	11170	7741	14166	17150	12900	2300	473	9508	194	16175	11545	18774	5290	14716	14936	15896	12390	12868	7747	4969	14423	12901	11526	17532	17053	3771	11234	12085	2853	8554	8697	937	18917	18743	18881	4643	9659	19329	15844	4489	10564	19885	7478	5843	7619	3286	2692	12623	13668	20200	11248	16527	1533	11387	2289	5285	114	17308	894	15862	15699	1166	15050	14793	10028	11123	4104	6531	8796	8173	1950	19900	16082	5613	10113	5654	11352	7844	18892	13815	16939	16775	1920	16084	2222	6172	13747	423	5567	6488	4988
13685	17456	13668	5737	3945	15512	8771	18844	16360	18817	710	13569	17161	15644	14439	14386	7802	17881	11368	15980	3473	15568	19755	18249	4739	17901	392	13943	18722	1821	3793	9014	12402	3812	1622	17475	9493	18744	19461	12741	132	8183	10544	17895	7049	19915	12611	7403	6337	4792	5511	18294	1808	8132	2612	3018	10443	12461	996	19822	16491	1132	15489	700	9055	19643	13104	8478	5697	3849	13546	4003	10941	7475	5441	16177	12410	11546	4720	14748	3319	9116	19736	18545	6094	15370	5317	10304	10638	9316	19593	12319	11251	9707	2383	20079	3793	13247	18766	8373
7559	17338	11768	9779	2003	2082	4099	4160	16735	17509	9903	13771	12980	12866	345	14670	13405	4411	2275	9177	14248	3933	14792	12716	5483	10165	18434	9309	6524	670	12791	15384	10781	12090	19370	2963	15756	4619	17770	7199	5533	2079	16640	9247	17972	15743	19516	8819	1246	3768	8312	6381	1912	16243	1456	14635	12932	4190	7178	4671	11281	9568	8015	7259	10437	895	7041	15097	9940	17736	16545	6914	10539	10976	5639	16176	17543	7968	2727	3357	8967	5019	16670	15260	15511	14532	7656	60	8897	10836	9817	15691	13599	10726	18445	12728	1404	13482	11268	4948
9907	9717	1051	19839	12872	16922	527	14623	14780	19795	16830	2453	17046	11628	10317	5229	1688	3948	11979	14834	6244	11351	20041	19127	1967	5119	872	215	15913	15979	19508	540	13367	8354	5535	17375	9041	252	13800	7006	18722	10104	10203	186	18947	16393	3652	11189	8125	15900	1644	3165	13258	2458	17679	13969	14795	8345	10765	3946	3316	734	1663	11198	19959	2200	16692	7730	13547	15282	3417	18000	17923	7943	4956	19141	6208	8147	10954	3970	2972	12058	19332	16947	12608	17875	2156	2012	7151	11180	4696	16174	745	6572	19902	19997	5434	2371	4939	15634
3223	16695	8994	7663	16063	463	1912	3760	6586	9070	8932	12410	14266	2576	6595	7740	6598	19995	14221	1349	241	8514	9851	13772	7203	9817	11419	3324	11537	7123	2212	10566	3549	13215	17282	16099	17093	11642	9922	13570	8159	6760	8892	9415	13328	19683	20100	10219	12905	11000	2312	12664	6518	5163	6166	2637	14096	4526	15909	7845	11155	2871	4819	4579	10902	16198	18117	16047	5393	10805	4589	14849	16962	6216	5163	19344	5782	9958	13068	14358	9965	19168	13481	4933	13193	262	12003	18668	1019	2157	6782	11394	16190	10029	18976	18657	14459	15364	174	2157
10586	4671	15334	11223	20067	19160	14856	860	2701	9865	16836	12155	10813	14053	15573	1241	7274	20020	8348	14613	6081	12450	19372	10121	7660	4243	16996	4411	15282	11313	3382	157	2484	12735	5095	16494	9266	20188	9227	35	1427	5935	5895	17793	9797	9530	14761	16517	8182	20131	12982	16505	10882	2936	11299	9561	1906	5887	19469	15456	15942	20144	17272	809	9081	19429	11604	12425	16237	16432	6358	6390	14548	5813	8002	11989	4633	7332	17117	9070	11495	13060	13538	14593	16151	8493	9300	465	517	9748	10541	16801	18226	8647	12937	17742	18949	15138	15622	11874
4397	5095	13044	17156	870	10927	10941	5000	18237	9716	10847	10821	13191	10655	16466	12976	18501	11337	7170	4989	12706	3191	13924	6080	41	11047	13127	4086	3599	4562	11768	8941	3174	9746	1327	18241	1058	18803	13735	10413	206	16379	1565	4772	5364	14159	7022	9666	16170	6518	800	9200	6214	12977	10451	9290	2604	19657	16344	19784	13524	15440	9664	17643	9230	1323	12558	14954	18748	16574	11220	14099	10766	16954	13963	12149	20175	17440	7055	10329	19843	19224	13548	11784	3643	170	7789	20065	11882	9710	13099	6397	3182	6300	17383	12015	6420	8446	13888	15093
2436	3137	13120	1173	19810	8551	983	5075	10472	7534	16584	2387	11618	493	445	18082	3801	14492	19919	16407	5912	8185	15462	19179	3667	11699	17885	9863	4790	4915	8215	6365	2171	5385	10328	10170	8725	4590	5669	14529	14651	11696	5091	11161	11596	8921	13496	8141	9183	7649	3709	302	4531	15149	4063	12005	13623	5981	9209	12130	1403	13772	451	4711	2625	12206	17265	9782	16868	18291	13990	4634	17758	10268	19125	14005	4415	17220	12814	7546	1213	10636	7165	17091	19542	18631	13517	17868	14235	13045	9422	11711	933	17941	383	14369	5288	13852	16142	1424
14532	15790	5967	11978	3275	6216	11850	7260	9227	14312	16826	15153	6783	18498	1165	10439	9775	12451	11289	11273	18096	6263	6466	10293	2069	3008	6592	19677	13701	15328	16086	5038	14187	7612	12602	4901	862	2969	5202	3076	11691	16565	16500	5349	11495	4054	4570	13557	5091	5065	10927	16845	1662	7297	2691	17365	12897	18291	8471	10823	4878	9367	16690	7296	4334	8819	6615	7327	8393	12982	20102	13465	1981	5016	2746	3279	8326	15767	16692	14840	798	4067	13322	17776	5929	19006	9645	4065	9940	16173	7710	5214	16374	13088	3524	11119	11414	20077	8923	19810
19836	5668	3185	5289	6155	809	1621	2846	17915	18691	17304	16136	9374	14839	798	16496	282	17043	19309	19083	9319	16237	8520	20202	17839	13710	9410	11657	54	10004	18376	5417	16307	10557	6039	17872	16883	2920	14371	4517	19945	4579	7109	9889	19734	18255	7505	8731	7214	14449	13298	16554	1283	10344	20101	3708	19484	17890	10968	5572	14593	14734	3172	7290	11907	19720	4683	7377	20202	17162	3309	2651	13817	8319	20038	19666	10187	8932	10426	12230	2209	19239	12716	412	3705	11925	9746	19184	17362	8721	7284	13744	4036	14738	9223	10943	11193	8456	2786	9379
16706	10315	18718	7703	6994	5761	5046	3061	14544	206	14652	7957	12038	10174	4188	19769	11049	19602	18552	3078	15484	2502	10760	1193	2026	523	4054	15138	18098	403	15482	17277	15301	224	3176	17362	241	6664	1669	6137	4850	15703	15976	14723	18001	13238	15518	12757	14319	7802	5856	3824	1691	16774	12901	1641	16087	9177	5944	7159	16790	13564	17751	10000	5530	16579	10995	18468	12188	5782	933	20100	14974	18899	5991	11975	359	3948	14664	4719	10004	1990	1684	3817	2255	12757	5155	3667	18429	16145	10887	15060	11986	10219	17671	16077	9510	11397	1694	10753
1365	62	13943	16651	18304	17174	3271	8432	12578	16976	497	7873	14707	1328	4224	6464	19686	13222	5868	19117	1559	11091	13891	15518	2233	12980	10370	12815	3728	1207	15205	1684	11617	16249	11300	11917	13166	2575	17750	1134	11464	19193	19434	6949	6812	13306	3617	12749	14233	609	3474	6923	4144	17789	17374	19171	4589	5917	13282	333	12353	13918	13072	10744	12757	13541	7099	6583	2061	16736	16868	17158	10122	3881	8697	1644	19216	4139	9568	250	15238	4496	1014	18774	8138	2280	4296	6165	4574	938	6645	13846	5521	2695	4534	5611	9193	2306	7382	19878
8271	8965	13518	8680	1733	14133	1215	13540	9500	18090	2165	10931	15804	15158	14374	12487	15543	10798	17501	12277	9500	12157	15899	191	6338	102	14911	8612	9193	258	7038	7276	11982	11464	7081	2817	1666	7967	4746	11308	10707	1283	216	7333	8092	4480	14157	5774	4915	9500	6669	20130	15432	8975	10157	6878	8034	7314	16013	3701	2466	6923	13093	13470	9269	6018	4469	197	13850	13802	13375	9777	4125	13555	10693	11744	16700	16416	9841	11994	16327	11880	8348	19996	18672	17878	19109	7109	5417	305	18448	2655	19431	4110	1859	20142	13159	4095	4965	5995
7175	18836	13294	1428	9069	2489	9846	11919	17886	12287	3095	5943	1593	4002	10497	1673	8892	5982	13348	2972	4533	20149	19087	13888	9682	17415	3694	5669	5544	12451	20172	16426	19620	776	11689	17536	12278	2570	11520	8240	12835	9295	6544	1063	6937	14522	13398	8760	19508	5756	79	18890	19455	20143	2709	2722	781	4782	16957	18569	16251	9941	6321	10589	9211	18390	17118	19474	11967	19865	954	6446	18248	17323	3099	14364	19125	3565	12281	19881	6451	12749	8089	8959	16837	14592	7316	13819	9601	8569	5551	6498	8226	4369	4064	13604	17087	7256	2417	19919
373	10760	19797	5838	19775	15667	19848	3751	11820	224	11236	19114	13996	17833	11135	18477	1081	4240	4672	12223	18931	904	3689	17160	17737	12927	10447	3814	3933	6944	5575	5984	3288	15665	13140	16020	6046	2626	7221	12076	2927	14785	19019	13680	8639	19107	123	1231	1346	1383	4082	6689	2440	14540	8369	17793	2598	17313	19325	5494	9589	11306	8724	3955	10563	19855	7731	19279	9820	2040	10356	14309	13590	13422	11830	6810	11879	15832	17022	5065	9606	13015	16775	15484	12945	18893	1867	2086	2242	7869	13366	4074	9513	19823	18036	6411	4407	6190	16358	15977
16955	1153	14165	3567	840	4983	4406	1815	13834	4107	9743	6663	7319	9644	15915	19076	9967	5009	2919	468	4832	13670	15116	3465	1691	13389	13026	603	8832	14211	3881	12295	11089	11871	15684	733	20109	3957	16919	4674	13256	12003	623	17790	7638	5913	16201	16731	1299	10490	19784	43	3275	17780	19287	10671	13013	3764	43	10803	19881	7910	11191	4362	19308	3181	11117	6185	17327	13624	2158	8469	10735	11925	20048	10105	7216	1474	5368	186	10687	15082	2687	18300	18637	899	931	15692	17063	2686	19059	14027	5496	8805	9965	14637	8990	12488	13541	20166
7381	16773	16072	14945	7042	19770	11452	14434	13364	4579	17204	6683	8465	1007	861	15101	82	3281	20105	19649	2680	4803	6037	19777	5737	14869	14022	12277	15094	4123	6052	1711	7207	18802	19274	14592	18113	12529	2392	19116	12932	11921	6536	14659	2240	9075	4374	18469	5991	5520	16998	9907	11310	16816	11452	1591	4660	4244	545	6870	13863	4205	12982	7384	2001	2034	18130	1606	12067	5277	1150	10843	19279	8280	1596	10828	11806	10127	1785	18713	3143	266	16878	6981	6186	17472	9908	16760	7373	5409	2105	16700	5514	13351	3110	5652	2908	3187	4822	13022
17939	6179	14067	7269	14823	9333	18366	18000	15851	18612	10667	17681	13245	19907	19478	19490	15277	4622	8613	2805	11156	9059	3089	7083	9290	4856	20079	18028	2556	19877	6854	4163	7998	13440	16124	944	8180	239	459	7803	5786	17476	788	2647	2931	17894	18971	7400	7624	17620	2826	3640	12955	5652	1844	12980	12916	6334	3214	3717	3812	3693	19147	3894	17920	443	5349	13634	5420	15685	2280	11576	19032	16263	18225	17548	12057	8679	19836	7564	10556	1202	7873	16923	2234	14413	4143	17437	12836	14941	12050	935	2478	9228	8302	4421	11597	3571	10241	11290
10922	550	15038	2062	16360	7700	10652	15599	1049	4496	16548	14763	4626	1499	15281	6346	11544	6291	8134	14903	5658	200	14928	404	7484	7522	1408	9824	262	18291	9396	16757	13669	1431	5175	12435	16630	12129	6919	13015	14688	333	12919	945	16989	10760	20055	750	15111	15429	3325	19386	19766	3976	19173	3420	11665	15509	514	4774	11645	16415	1072	9039	7066	12051	4717	19976	17485	3283	9768	11611	12580	10929	3357	12339	4143	8750	540	12662	10504	784	6236	11902	6295	6448	14216	12537	19220	9362	18714	13339	13800	18653	3341	241	11299	2394	883	3643
16613	19455	2877	19167	6142	12751	7776	12311	14047	5153	16432	19955	19929	11275	3809	16380	4772	13024	14963	6697	13870	19459	18903	19583	1621	10120	10711	17733	9271	4737	8643	424	4878	12637	9291	4847	8330	9479	6580	16360	8461	10253	19299	7986	10146	14540	409	11140	6288	7790	15756	11656	13815	11303	18190	18779	16716	12473	10586	15890	6236	8313	14340	15923	15527	19070	13559	18280	6475	14508	15158	163	17180	1776	6696	12278	6281	18313	18773	16502	14363	8384	6641	8693	5564	12441	7851	18624	11769	17335	20161	1564	6672	3007	15633	5091	11981	13220	7539	11566
3026	11892	15094	1768	922	12687	18246	5316	8444	14583	5033	10978	16274	5026	6794	3821	7833	6928	3199	5613	15073	2085	7701	2263	15514	5305	19490	16067	11010	20013	10559	1195	15217	11764	3007	7849	18383	937	12217	5550	413	17728	25	11070	19115	17771	7213	10696	16703	10566	11124	18486	16308	8909	7393	19504	2553	10183	14918	17720	7270	18800	14179	7753	404	5962	13170	8185	6199	15769	10667	9641	10740	5418	8270	10480	4303	857	15260	10736	1402	18834	24	18903	17282	9817	14743	10651	11508	7234	16756	7144	13678	14015	3204	15948	718	19545	14366	5384
10539	1799	8173	1090	12402	17176	3482	3703	19026	9558	6934	13388	18109	387	10538	19705	9334	17712	19084	16788	4901	14917	18587	16364	17219	3240	5756	1248	6995	14154	433	10418	13485	12187	1946	19806	6471	18548	5222	10469	18890	1684	1450	20021	7748	10655	2994	1453	6153	15513	2369	4859	18986	6837	17719	16085	19022	10332	18988	4842	19113	61	1677	9875	17037	19474	6220	7281	9411	6641	1204	7019	16956	4856	15855	17852	13143	2827	19646	794	16127	5284	14053	19149	9181	9543	10033	1229	13370	10634	2468	2630	4519	14709	7275	12662	17037	3439	6938	5835
18961	3751	17530	4882	6196	6101	6938	149	15484	4147	17055	15228	8923	10567	6991	11352	3130	5802	4287	14430	14227	13807	11546	11061	17927	15239	15353	9979	9413	2320	7990	14418	18037	1337	14378	19864	19813	4143	7638	4774	16281	5601	10053	13441	5135	484	1396	1441	451	10079	17180	2593	10503	18913	10288	19207	1092	1207	16134	4772	18573	14785	1688	16872	18232	12031	7138	433	16610	9577	15426	17072	4916	1349	2569	13821	2087	4209	5809	7772	8617	1508	4030	20062	5268	13276	15745	7508	4426	7956	9850	6702	15568	11139	16667	7638	1319	3424	11069	6161
5085	15319	2028	9725	735	2951	14857	18705	19154	4335	9169	6594	8128	5299	5799	9441	5566	14651	20120	8295	19287	18813	2081	11784	14513	16439	19338	3176	1802	12267	18541	15712	2763	16124	11665	10148	10711	19903	14260	7846	11277	12573	3066	12241	5158	8471	11163	16216	12252	7839	18675	7327	19836	15118	19666	11462	3791	5274	17720	1597	99	2477	180	16505	19511	5717	17350	3636	1515	17254	8737	17486	3329	7298	1655	8161	14189	5610	19872	312	10747	10101	15780	11777	11254	10595	13049	18186	7844	1631	19859	16038	19118	16574	19717	18160	13068	16047	12687	5655
266	802	19801	17288	1858	2245	13802	2158	19504	1125	6414	9829	10534	10911	4422	9095	11711	18202	3195	5212	8405	14780	11067	17448	7071	19163	11800	74	19801	2959	12827	10728	15982	2514	19389	5508	9736	8864	18319	4791	14137	13663	2525	8159	15368	5075	3926	6112	4498	19540	550	15803	1839	13648	10112	6856	9998	9925	1229	3918	7284	14976	15214	10053	14244	14611	11645	8205	14999	11410	12344	9919	149	19455	18979	9242	19830	1769	10663	16422	19115	6221	3626	5957	10824	11492	8096	5839	6611	2490	17163	11150	6495	8432	18739	14249	10566	11681	642	6238
17204	16284	18125	15542	14368	16128	10314	1005	5617	19019	802	1585	5349	8043	6454	19169	5138	9760	13222	11186	980	11342	1462	2955	20130	11820	18739	10901	15684	13834	11360	648	1381	8847	5399	8683	12705	15839	13078	3176	5730	2780	19871	3929	2473	1441	12055	4495	15132	18285	17373	14861	17614	5767	12555	15703	3216	4719	6332	13252	13050	3482	7196	20047	14745	11095	1324	13366	6351	7982	18175	19250	6228	16100	14808	19597	10371	7355	15685	12615	4613	7958	17724	9408	6019	12265	13169	10037	5591	15897	531	10269	2706	20107	1910	2529	16323	13205	2448	17063
18310	529	16666	9086	13276	12739	6035	14064	11326	9336	15698	10707	1679	10747	12121	11527	13698	14508	11815	10033	3140	1816	16623	2932	7517	19593	3216	410	19904	11215	16154	10990	4633	14183	900	10515	11436	3430	9941	8959	14420	18315	1906	8404	17355	14585	695	9814	5623	9752	6782	1396	18424	12318	19443	2571	2808	19901	18972	17178	2561	10922	5337	16006	16079	16631	1224	19459	14909	5300	6909	12074	2783	11910	54	332	12883	16349	9109	6899	14875	16927	8275	11038	8914	8993	15757	17231	11093	10086	6988	1462	2651	19076	4753	18524	13099	13115	877	6572
7353	17945	10011	16554	7917	5916	12280	15981	2777	9709	17794	5388	2080	15270	1364	14053	3362	7906	9667	8324	17317	18840	17853	6205	9989	16175	18722	8146	11640	404	14110	4629	8015	8599	15574	13324	1727	4457	5594	5513	3800	18880	8369	19281	2532	11795	16274	5937	10103	12859	6490	10417	4315	6976	3582	7559	10345	13328	9394	11313	8736	1550	2934	11313	13714	7438	7553	17549	397	11792	19574	10315	1679	18173	19657	7956	7718	1227	3798	6588	11528	12433	3945	7447	592	2295	19192	10108	8329	19503	18322	1903	20099	18434	19123	10878	2899	5438	13004	10732
4280	17798	2331	18498	749	9597	7166	5254	12077	17673	20087	5613	16271	4634	5389	15296	11768	15507	2752	7873	16729	14220	2124	2259	11040	14044	7206	7951	642	10448	5716	4501	11201	15672	16830	2356	10345	4549	19689	7259	4005	7122	3264	16463	5719	4083	6106	130	10156	6577	1714	15592	5547	16124	17560	11333	3822	18884	7776	8016	13770	1545	14227	7853	18224	3393	1685	6550	19122	15207	7189	17548	177	9934	19483	12072	17033	457	7203	17030	3635	18178	3249	6053	10416	17791	10983	15985	3515	19504	4243	12833	18690	9158	7508	10230	3616	8627	8637	16330
347	4322	781	1398	9671	4138	17277	4492	2565	3020	6925	12311	1282	4065	4732	6849	4391	5993	13483	13343	11764	14053	9236	17246	10480	17845	18091	15897	10990	4599	8360	1901	14615	12492	3898	14673	12536	16775	15164	9621	7611	5951	16589	8354	7057	8131	12555	9137	19638	17260	3912	9427	8345	15788	1411	19730	15992	10638	5601	2605	5009	11397	9508	10915	19785	483	5850	16779	13370	4720	39	10756	11845	20125	11234	8916	15754	16972	141	17169	9407	6063	12409	7052	10403	17854	16774	17265	15281	9273	11986	14049	5298	3882	8027	9914	13314	7273	5679	6103
13851	20069	2432	4078	17847	2248	6326	15955	4720	19021	13542	6215	3267	3761	296	6411	9738	17808	17228	5286	17466	2270	1503	19401	16835	15542	8962	4311	11268	11695	4108	18680	19629	2684	5049	8511	19032	2556	9681	8465	12072	12427	4665	8484	5222	3250	9276	4133	8371	19612	4951	14470	6652	14214	4564	13542	6040	12126	9117	11637	8329	19566	2252	4418	17972	2116	5569	9316	1808	4236	7713	2744	15774	1538	16894	5724	2092	8461	18241	9580	16159	3906	19181	3518	10484	19344	1389	16785	4146	7446	18350	12883	14558	19976	18515	9752	10276	11254	12841	14273
3384	1453	15292	195	8910	14748	6232	9362	5022	8497	8273	475	19304	9026	10101	3184	20061	2358	15841	564	13163	19593	2391	4263	16586	11546	3325	19602	19805	17735	588	17653	15699	10170	18273	3469	8209	8714	8444	11910	2682	15202	4707	15636	3612	6872	8009	14634	4589	17808	7371	18835	17502	5044	7654	4904	943	11316	13311	16127	18946	5776	14892	2058	11247	18005	7649	11589	5118	17039	14318	6237	19187	17932	10003	11441	2446	3243	6849	3004	1497	13017	12721	339	1793	8182	7900	14097	6425	5091	10509	20156	9568	2090	14457	5347	2752	1422	10282	3764
11404	9425	19673	4182	15292	17257	868	11471	8264	12319	16231	5917	12225	600	13017	6827	15094	11938	179	11125	14183	15882	15569	15005	4369	11158	1180	16243	9461	333	14139	6415	11950	5327	15577	19576	14960	16663	7778	5543	7487	3497	14133	3293	11531	15579	4168	184	5746	8870	18101	13138	7322	14711	7952	7366	14165	17879	19657	17453	9058	5668	3754	9067	8122	11863	16747	12180	9579	6938	16484	6938	7875	15363	3022	9425	9231	10414	12173	2130	19643	1487	11390	774	2279	14761	14470	18474	17781	9309	14906	14401	10774	2608	1093	13120	78	1454	12117	9598
17608	5454	3548	17272	11273	2714	2750	9915	11071	19154	17322	17541	16037	17261	13843	19588	2924	19855	4787	4388	12441	12265	16461	19360	4763	6251	5648	3908	8147	4030	15276	19039	3887	3291	6645	9424	6105	15406	14987	16054	11921	17414	5882	19189	17252	14279	7501	1042	14506	18329	8940	8921	4447	9075	3055	12955	1358	3370	6163	8497	5746	12090	11974	4599	996	6989	13074	5089	14256	1573	3354	10295	13252	4292	9158	1001	13929	5828	18901	2621	17402	2410	3535	3047	6477	5695	4311	5907	161	2123	10279	12130	17457	13017	7605	2244	661	5061	12603	576
12119	18854	8713	13986	17711	16889	7184	5461	12439	3979	3581	16939	910	4291	18143	5601	12309	14249	7260	17552	14612	19019	7927	3947	15634	14954	4034	17695	2837	883	19223	11771	12313	13953	10882	9461	4228	12929	12755	6358	11251	10277	17434	4879	1287	440	17529	13209	1301	1806	10300	13973	3599	8731	4915	15279	10260	9595	13812	11666	9520	16309	4847	6459	6578	16221	8068	3204	15098	11718	6595	13167	10569	12705	19995	9805	6142	11997	10913	3025	2252	3714	18383	4182	950	3018	2495	9498	11121	7070	15456	1888	8910	18112	174	5079	13817	9390	18836	6112
13131	4354	1853	2931	7982	14506	5434	4186	16932	1565	18562	4426	482	2477	8819	9723	8342	13623	1400	15621	17975	15680	12006	18506	2181	3290	19920	1885	18111	15047	10913	11880	4305	339	14302	12575	3791	2829	7285	17931	14946	12721	1986	15942	14651	18693	10764	19796	3809	16583	5033	16108	19209	4295	4196	13855	8250	2906	2647	19899	9686	19784	13387	17167	4299	7916	20044	9057	13148	973	1584	17893	7385	3574	17930	16107	20067	15338	3469	9808	16868	17812	13265	8191	14369	11814	15508	2538	14630	10319	18379	7986	13578	16799	11084	265	7594	12067	724	6576
18607	17270	1184	8486	5280	6182	13203	5776	3651	518	9388	7633	9848	15645	195	4817	19106	15271	18002	19703	5975	16908	1581	6809	16281	12246	8880	9779	6480	3702	15076	12301	1347	13401	13103	5986	19350	18698	1381	6796	2356	14591	10928	13288	10735	6669	18770	12847	7747	18945	15389	4713	19856	14082	12962	19362	14479	10554	5773	1640	17370	468	3339	19671	856	5913	18032	16491	15243	11092	14323	14656	14904	9192	2404	4644	7654	10371	931	9723	17308	11551	19664	9608	15001	16052	9894	2799	16075	18043	18304	9793	4183	11331	11273	20134	967	16775	5569	18835
6140	11395	5437	7924	2749	5375	4447	4564	14542	14636	3096	12984	834	16981	1049	19051	13185	13773	9240	8919	9769	16937	14516	19187	5071	18731	6613	10194	7070	7042	14810	18909	1996	8390	14601	13374	17138	5611	5432	13366	16695	8836	12129	894	15175	19140	4376	7509	9366	243	17270	2387	10769	14529	2871	2425	19400	323	10814	12497	11160	10183	13	1085	8134	10971	296	11597	17624	16416	15936	14985	16166	12986	486	5809	11003	14460	8015	7921	19854	1377	18591	18838	5317	14833	5937	14692	16476	5682	8975	4903	14905	8446	7473	20026	9057	6321	19923	17416
3294	3901	218	14911	13963	2640	318	943	2293	3132	59	16043	4904	3203	4257	16317	7616	6580	1842	17856	15141	14711	4281	14229	11795	17305	14592	16881	1027	807	11772	14624	12378	1802	2066	13339	8956	9067	4848	13193	18903	18968	2167	648	12255	9834	3211	9234	10912	8733	14289	2209	12543	17478	6313	17288	2283	15357	4102	9421	4280	5117	3518	8142	14692	4016	11139	17397	13745	2483	20133	3199	6861	11874	11323	7736	17930	16362	5468	10070	16108	19839	10208	11968	13966	3851	17696	17882	11527	1591	10188	3636	1353	9570	15787	14139	1865	7505	15515	7013
16721	521	2708	4696	6645	7522	680	7441	9050	2053	6644	17560	3943	17747	16342	178	11597	7264	12230	2788	7290	15132	14307	6283	11815	6036	9907	2229	3951	376	13074	4233	18793	17058	11121	11051	28	9273	3908	17389	5872	1165	6276	10077	18147	4803	8948	17457	11038	4126	5443	1844	6597	1834	16281	13689	18328	12237	4224	18454	17549	16413	16168	5365	3437	19646	16325	7192	14808	537	19589	4900	15462	8914	14933	514	5871	8720	19758	12860	17411	14133	1677	13377	11532	10887	3121	14928	16484	8835	18565	15947	7713	14818	2647	5295	1808	8162	2919	1972
18716	15931	67	8379	3889	8035	3466	8002	15436	4534	6093	12866	15588	2969	2590	900	20020	7394	9904	5570	10922	120	11052	8244	19139	6684	14818	14688	15441	2962	8685	15379	2777	8112	19678	12036	595	14521	1646	14788	1307	14809	11323	11491	4751	13088	10595	19741	15428	7373	15892	12146	13603	3756	6760	8717	3616	1915	3407	19520	15444	13963	5770	18084	14426	16515	17620	14424	6067	9058	5347	3126	9767	9679	18161	5795	11165	16649	14430	11513	2343	8678	13796	12342	5583	5033	11604	15097	10047	1982	16248	8557	4378	5951	4999	5623	18818	15053	10538	17199
19257	19391	12188	20151	15301	15878	18032	19554	2890	12344	19643	2271	19169	8006	19769	17112	5232	3837	14491	3448	18871	67	3771	16766	2042	1238	17864	9576	17237	3744	877	12657	4453	451	16182	2442	11945	18199	4103	19255	12475	19163	5085	15038	100	9494	2280	7682	5319	11136	5989	5843	7790	19955	3247	1020	14031	8331	11509	15426	667	11699	664	11445	4102	11528	6698	15326	17625	855	1563	3724	16894	18159	2491	11349	11551	19854	6583	621	5800	16607	18407	9899	18132	13584	7649	7891	7927	10288	8264	6598	20104	10990	14504	9398	1971	18446	1481	10222
1183	18679	12276	8575	13267	11810	15112	18901	875	7926	366	9434	1948	12036	2035	7453	3279	16856	9422	18680	715	6676	776	17636	14210	13357	16173	9475	755	9268	13982	2983	6020	12829	982	7381	13735	8968	7007	4932	6844	199	1799	13144	6859	16193	18765	11993	2035	5636	14940	17975	18542	3765	3232	8699	7846	12876	242	14977	2529	13401	18177	8941	8683	4408	4854	17488	6637	18511	1849	13004	15314	6744	4622	1344	4989	16238	4715	10997	9038	12178	1486	8320	18781	17497	16188	20013	5946	13009	2002	151	6613	13575	7443	11840	8662	7377	6362	13380
12900	14881	2762	10386	5047	10912	8471	17055	12057	14330	6484	11600	347	19358	15710	2243	609	17033	9200	2561	15194	1874	1996	7816	14560	2027	8249	12271	10733	14827	14564	5940	11256	14372	20091	14625	4524	2224	16410	5308	10933	18125	12326	9998	11938	1360	8207	11732	18362	19319	7531	6673	16731	13057	9017	10670	17798	7041	17757	9554	2331	19843	17165	9575	1415	4054	11923	7121	13578	1708	19268	5253	11129	13210	13837	13837	17141	13914	7427	9966	16012	18718	12612	13864	19278	2613	1356	9896	6207	14822	1209	8146	2295	4161	19021	16657	11665	7041	5917	17806
10995	9655	12557	6291	2920	19755	17150	5393	18848	17930	13375	1141	11130	3283	20028	14261	8711	3814	12817	14729	13678	13359	18267	140	5544	1869	16036	1180	10885	1906	1184	6559	18972	18440	4742	14987	9294	4743	17816	19906	12984	1834	10444	4075	14624	1915	14470	15520	14066	8925	16828	17918	6077	17759	2102	8017	18730	8102	15482	14214	12575	7820	4163	10443	12976	12645	7310	11492	1686	5101	8631	16127	1209	14035	6856	16374	11796	9000	13456	20011	4034	4574	10370	8598	6130	18115	8443	14988	8151	7018	3279	10994	17398	4668	8204	17875	13570	2212	12333	19908
17991	17567	9147	930	18800	652	13963	8058	3341	10361	3604	18672	19649	8318	3325	7256	16074	18178	11121	8572	733	3887	9894	2880	10068	7668	19617	9433	2164	12532	15690	19218	9675	9154	11225	9572	8856	15914	10959	12235	16176	12537	7764	18474	15161	3389	3749	2778	15569	14890	16220	13558	1607	16757	15610	9431	5336	14642	8957	15626	17272	3756	16770	19106	2432	8513	3309	5767	4889	10194	12989	4204	14035	19520	15515	7802	9513	2252	7328	12850	2358	20042	10426	18833	1083	2254	18291	1215	271	16012	14391	1036	3899	2807	6741	17255	1082	3853	7212	633
11245	3685	10361	12866	6933	12054	13111	14642	13284	1880	12192	5433	1169	10580	7745	1322	10251	11016	11711	186	16247	4572	6544	8643	13981	5776	7492	16203	5410	10995	16290	512	6536	15608	9904	17126	14907	13294	18646	9641	608	786	10769	11000	18835	7137	17162	13631	1692	5608	7931	14655	6838	16303	5186	18515	6192	11083	8250	4191	9800	17659	7086	4119	2343	3898	17380	13583	16898	14379	3911	4804	4319	2133	14426	18980	17441	14682	19028	2664	17252	11399	16400	449	1014	15179	16432	15415	6200	4086	17829	6202	20191	18248	17040	16112	11816	974	8834	13482
9863	6249	11676	19690	7802	7977	19092	1115	12968	15023	11405	16792	5717	5593	222	3508	10730	10553	2021	1660	558	2080	1238	4359	14451	17233	12055	3068	19190	17288	12103	10558	6705	15855	10761	11699	17542	10387	15594	879	4351	14153	10804	6346	2375	14053	9164	16785	208	11130	11312	4898	8488	4138	18535	1584	11829	1912	5123	1852	18738	19274	13957	6740	19359	986	5938	19773	17286	478	17156	17039	11032	7920	9134	11910	6451	8913	5232	49	3937	3580	14974	4253	2005	18813	10517	10992	2873	15822	6421	9450	5438	3005	6018	19634	12660	1533	5588	14416
12321	1013	14700	8326	2794	2702	4424	16162	9305	3218	14512	13238	869	18702	11990	20069	11254	18280	17525	17255	14107	9474	15689	18400	10182	16785	6839	19596	3285	1143	18421	9117	2332	17481	3188	10494	18653	14809	297	2069	13481	8319	3993	14580	11627	1691	1189	19755	624	13322	12520	232	1275	3450	13100	9041	7374	19915	4087	13029	10710	19308	9107	12933	19872	11160	18297	10929	3645	206	13812	3146	15746	4205	11285	16989	2480	6260	13957	8883	2073	17646	11153	3104	10869	17301	9330	4742	11286	15145	4029	16327	913	3510	8345	17480	11615	4335	10952	411
14617	8625	3315	4030	9364	6583	16063	2243	2592	15216	13649	14352	3714	5450	12249	4772	1679	9697	11896	19872	3597	5983	11907	19596	11711	2884	16440	8832	313	10400	6306	5173	11624	16589	17091	13476	912	15797	11625	5112	4223	4024	7433	11815	18154	2422	7362	10642	14080	5399	12815	16466	14499	15705	8453	2695	1746	6508	620	3789	14343	12857	13644	9197	249	17119	11321	5355	10814	17510	4948	15233	9547	8230	15204	5607	1479	495	6850	17180	10218	15432	10924	10725	19364	2565	8305	12998	2652	13662	11850	1398	19687	6328	18444	9228	19954	14156	14608	7589
6208	6375	5097	14479	2367	624	11920	9737	17788	17242	1992	14841	9242	6946	7506	295	18767	19736	6736	4549	19719	4686	12229	1858	18121	8181	11095	19652	18699	8186	18875	4810	15964	1404	16631	9895	10919	2948	9677	2446	4419	12102	14980	13153	6199	16323	7951	12497	15065	6902	3377	748	20104	16048	16251	18186	8389	9002	5719	10982	3526	18722	2477	10423	17569	19508	5825	265	9035	1847	15790	8953	3261	9963	13425	2531	3905	14043	17250	258	4466	11669	13812	19867	3966	19407	12476	5327	12154	10274	10230	7962	11199	11512	10304	17083	8363	6287	2605	9397
16236	9985	9050	4089	19279	776	3744	2023	8727	19620	3217	1603	17228	4242	16836	11337	19455	8350	5307	1287	17729	8460	4713	13750	4655	9907	17310	9396	13583	12542	2655	19326	17428	10396	12342	17623	2035	2695	1211	6719	11040	17296	311	17673	14827	12638	4292	625	281	16483	16075	15021	19823	4918	12634	19980	5602	2694	18834	7553	6810	5436	15145	1195	17052	14293	12192	3089	15754	5431	14841	12081	1185	11058	11548	15063	7511	6677	9514	7753	7676	19925	4696	15660	7176	1508	13554	8291	19321	3507	12960	10711	12158	4907	16203	16061	57	14730	3174	10474
4646	7861	11552	9991	7763	7877	6614	4126	12123	10320	14640	2049	5323	6229	11938	14932	18248	8325	6206	1714	13997	3403	6856	18680	18980	3912	1888	15901	16877	1644	12064	17634	8806	2316	14552	8863	7329	184	14793	11725	15889	6272	12225	5475	13069	6425	8766	10500	2925	4759	17909	14107	10170	6695	12475	13550	3899	10384	17284	8777	14057	4855	11136	5879	17378	5364	5123	19513	16579	17525	8506	13657	11569	19335	425	20069	16835	3072	2376	2120	6107	5567	6775	5267	728	14340	14862	18619	8326	8053	10231	10615	17682	19880	8731	3194	3228	9616	4966	17257
15695	6351	16026	13212	11833	6756	16985	10353	4099	1696	18494	12443	9002	13371	15242	3258	1092	11775	12430	5011	467	20142	3329	19743	12953	9931	3946	5654	15937	19878	7515	603	11248	15922	12262	7789	20116	5075	13279	6087	7394	943	9002	9643	15363	11410	13472	11328	10416	5569	17902	15523	488	129	17552	16124	3674	13392	14963	3777	16263	17920	18639	19065	18528	2706	19332	3818	10191	7259	16148	9474	9576	16169	15502	8599	6890	18383	13061	3443	11918	2514	10037	8587	12623	18102	6496	2370	6822	5089	16070	4003	18813	11136	12932	4305	10491	16241	5319	4648
17227	17677	19719	1360	4014	2313	18802	18840	10515	9142	3435	14135	6285	14979	6663	1966	15700	7183	54	13211	5261	18702	18966	8073	6725	3679	15639	17342	4046	17522	13217	14513	17521	902	1341	7910	3281	7443	4987	19059	17392	4764	280	12451	1679	13392	14778	1882	14287	4322	12976	1142	12534	12223	5546	14193	10273	698	10072	6256	11668	12680	3532	8683	18211	12910	14434	17224	1115	19871	19533	3898	3603	10273	9106	14368	18668	4620	2831	19271	4948	18844	17456	17518	15790	19131	9160	18061	10834	18036	18632	12031	18299	10137	13214	1143	4380	4028	4133	3012
20082	5530	19632	14985	13917	19623	1255	13561	14182	16415	10145	18816	2130	15181	13657	19228	2646	12117	8998	16983	2965	5537	7978	10941	16873	17836	1315	4729	12212	14752	14284	506	19401	18101	9519	16153	12337	17572	486	2556	15892	6390	16735	4499	4806	9274	4871	13805	10725	2534	19051	4113	16199	17379	17160	18499	7082	9334	10109	6030	8797	3445	3314	12561	11039	20189	14186	11921	14749	2334	284	17112	4667	8535	151	3788	8603	3821	14373	6782	16292	40	10429	1810	11758	16186	14674	1983	20172	12210	13205	822	8948	16063	19320	624	8509	5208	16239	16801
12132	19463	17396	2465	13393	17190	8006	3864	311	12390	17885	3668	17476	17045	15389	4199	16050	2565	5825	2376	10048	5742	10691	7251	16397	8336	10541	15288	16007	11870	8398	8474	13615	195	1672	1007	11270	8621	11318	2269	10303	16529	2651	6264	11468	8086	13999	14133	9055	12410	1522	2528	14244	14033	13690	6972	19816	11975	9319	484	3970	10818	15871	11696	5956	6533	3349	10431	8009	19730	2515	15885	10396	7787	11615	13241	5329	5009	18842	5566	6285	18838	9662	13326	341	12342	19124	9521	5595	17176	7806	5330	11160	728	14123	1316	4911	2582	19170	19176
16099	17932	68	8207	9520	8372	3162	6772	3086	5363	14265	5017	152	1864	12258	16458	20098	18039	5242	13589	17301	13687	12718	13495	52	4060	8329	12615	20058	2807	12661	3407	16518	3217	11980	3898	5621	12615	12159	19281	12883	11646	11806	13915	10418	19317	10983	14459	18042	18946	2593	13507	11047	14330	7832	3621	14781	17231	16694	3286	1072	6802	9564	15121	19834	6124	7629	9453	5897	13822	20131	199	5534	1084	4080	7836	7781	6615	15082	9880	2709	12787	20107	3286	6054	16088	6489	6731	10561	19104	4296	5543	941	3463	1806	1111	17754	10351	9397	2752
3933	7848	1147	15059	3114	16463	17964	1400	2576	10096	9832	6639	16508	16411	2670	11809	16258	6673	19028	9632	19557	12777	7857	6550	19150	8655	7705	1852	3722	14173	14302	8097	221	19281	18372	18216	4982	7415	7607	3690	19508	6784	6870	20057	10686	4511	19775	12236	15103	6649	7586	18640	11531	3510	4276	11532	18904	12883	1796	5116	3283	5100	7963	15204	16245	12241	6342	3006	8816	10642	18892	14479	6397	12697	4195	347	7776	18367	2864	10342	4192	12186	4889	4347	13417	3597	8131	14818	1453	17019	7180	3788	17906	13585	11226	14289	7454	9041	12910	10876
3080	3713	3361	6219	18664	1573	12162	18734	3043	11209	14960	5603	7735	13325	515	32	3135	13144	3637	18371	14120	6098	1893	18261	2550	5924	10610	19366	20146	16628	20050	5986	15919	17423	17475	10100	653	17886	6536	19767	7798	10109	18478	19950	15709	13362	14421	17122	3108	17309	3668	3427	3677	5845	2660	1510	11014	9179	11665	13215	19862	11189	11498	11204	2811	15394	15184	15507	13877	12533	3325	7659	19376	15898	6140	14513	8538	17162	3128	8935	2045	10674	9086	695	5157	12008	8939	16667	12126	15035	4291	1072	4802	3152	6751	8255	14374	7820	19286	5508
1350	11319	10978	10469	11616	15923	2610	6843	12328	5172	8159	7975	6034	5749	7675	19801	6428	4242	7039	15604	1751	11530	9172	10569	9595	12767	12545	10691	2385	7662	9934	13679	12836	1788	5298	6777	6948	2174	15117	13775	11558	11982	3461	15914	14961	10237	19156	15663	5491	15748	730	2320	9134	6986	15187	13078	13896	14967	13891	19375	18339	14174	18536	17770	5034	10229	8604	10071	12861	1347	10208	1720	18338	515	18615	4783	12697	9328	14647	18706	1720	19243	3765	17408	8859	9338	6356	10371	1363	11244	17812	14734	5120	8266	7346	202	13735	5442	15583	20105
6594	12741	3084	18940	16177	12544	4315	8641	717	6342	11417	116	14653	4644	14227	16647	6592	10901	10915	7332	7431	9510	6150	1349	13570	6446	158	18545	6837	1792	2964	1869	7213	13146	6378	14260	17463	12499	11676	6572	6206	10139	9710	19180	7762	8652	8733	18098	14592	13342	2236	2005	15663	4535	11338	2613	4546	10986	16429	17102	14154	967	13027	10983	19496	6715	13560	8893	1301	4039	16644	15622	6130	6367	12609	12288	1819	10464	6172	17748	9936	10520	3057	3549	1596	17421	20164	5127	19410	18422	12733	18042	19733	17445	2679	4892	1004	3765	2881	5461
14852	17480	2410	9041	40	1585	215	8352	7434	17731	18735	4102	13005	3693	10302	16736	14758	16925	13597	19359	5300	252	11646	7473	6362	4979	7568	8444	4997	6184	6379	2828	2768	9853	7447	8433	15503	6913	17014	16732	4699	8965	18798	19070	18590	10365	14354	17458	19412	19344	7297	11249	1640	13494	12225	3784	18248	2744	6149	17176	3572	4832	5809	3086	14001	1972	17162	5383	8119	13805	9793	1217	3966	10883	15504	10343	9158	15173	10356	871	16358	1157	14031	4198	1993	17879	12455	9026	4103	8897	4546	5929	8128	13616	5157	11321	7239	4812	2677	15500
14022	13831	12602	1432	7675	14249	1654	9967	8310	10876	10452	9635	12743	6477	13639	904	17878	12590	8975	9176	19274	6718	8035	8249	7094	15913	1837	3716	3128	4822	2693	1727	8516	8573	9800	797	9184	9234	15804	2808	19944	1893	11707	1416	14615	13532	6969	11260	3217	19153	14858	10816	17599	14334	2867	17719	6188	1932	11377	3261	11	9719	10995	9163	8149	13327	11052	9083	17794	5049	4027	4036	8925	14581	10353	1716	5813	7	19606	6203	317	16620	7121	6180	14953	2550	11090	13621	19890	1317	11215	2580	14429	17771	15052	6517	15374	3766	6076	2123
5860	13256	19609	16098	577	4381	19922	10615	223	12359	12056	11459	18382	18061	12527	6181	17435	4722	6380	13595	19128	5702	8798	16856	180	13640	18294	5182	11136	4272	14852	17824	19504	2082	4299	11012	14573	5648	9364	19307	8508	8384	2451	867	14749	19820	5694	4266	17921	19706	8477	17386	14008	4998	18319	1016	3391	11389	7234	13957	10746	15431	16616	14249	786	18884	8538	3704	8273	14609	7473	13166	20114	15743	3540	6756	13819	13335	1941	2777	1424	15597	2626	2837	2722	6241	15434	11139	2381	9579	8246	16292	11656	8331	2413	19525	5450	18632	11711	12883
5594	12048	12214	13673	1831	19937	8819	2453	19900	12425	7498	14110	15093	14539	413	3600	15149	19238	8335	14936	1153	11623	299	2831	6645	5304	9367	10695	18946	4259	10978	8158	17374	5675	13524	11603	14060	5679	5754	16602	6179	19394	7781	19030	2391	9099	19274	11640	664	4566	12223	8497	399	6099	7341	3427	5	11882	14825	10206	2986	7875	19971	12136	12375	19743	12925	15790	15976	14776	7521	2279	10503	2986	8869	16406	13089	13581	184	4977	12915	17237	5385	10085	791	19713	13969	18807	12146	14642	5201	11830	13173	2838	6686	12443	7667	8541	18880	5800
18070	3647	2391	7762	16038	13393	10952	426	2857	4772	6538	11352	17634	4173	4063	14295	13430	13524	14206	9926	3989	7268	3261	11158	17395	3022	4123	17227	17590	5491	15384	2073	19111	18808	334	8153	2609	10746	15181	3841	10967	11098	7998	8703	16059	17092	16275	12247	11119	5155	17801	19939	9604	12989	13335	17928	13427	3972	10473	12384	13153	3421	8823	15474	789	11694	13244	9389	8108	14504	15076	3533	13723	15634	241	3755	9435	7762	13864	9271	18710	16873	12008	15266	19048	2526	2150	2717	10175	1124	636	1762	13729	10452	20125	14840	14881	16442	644	3701
2649	19521	9743	16115	18696	5399	7839	12049	18400	9298	16170	16554	14718	10879	17239	8839	4186	1703	19147	13779	10821	10601	981	16369	2813	1695	18041	10418	2089	18106	11070	2023	4938	6186	12661	5990	4195	497	10555	19444	4365	8882	9242	526	3932	2005	15986	17251	8222	507	10655	18360	15898	8281	16882	12204	4093	18650	3885	11020	19107	8794	1291	13466	15403	17720	12389	12716	13359	5330	5346	12377	216	7295	10294	9236	18515	11483	8433	15604	20144	1391	17945	10071	7550	14936	16760	17529	5989	8523	9028	16784	18222	3497	18501	7328	12529	17900	8331	17989
13307	17360	17296	5655	11039	17999	191	19326	2005	15413	4130	9796	6319	19454	15098	8205	18528	17246	9793	3635	2451	9000	6289	18542	17879	20056	8137	11709	14225	18869	6140	18899	3242	17981	6745	5800	14194	856	8953	2540	19609	6812	11322	1412	7487	39	19238	3572	10726	11365	3057	9253	18095	16263	13235	10285	1907	19168	1612	600	18698	5608	7400	7555	8277	17129	7496	5930	6464	11130	6649	7569	13386	13104	12235	5613	2571	12101	3932	7165	5697	4626	13037	5646	15931	10188	7019	14233	19545	14362	9198	5076	10131	18283	12647	19484	1612	10020	17435	3289
16321	17313	9675	4427	11256	11784	14617	14491	18214	994	14470	14791	6196	15334	7052	6744	12262	14861	20038	6998	10696	17959	10810	15408	10533	11919	11971	16695	11971	7575	8458	17416	19358	175	1412	52	1790	9708	1074	16965	19762	17979	3907	17928	3988	5612	17181	11045	10881	1400	2108	11918	17078	5329	408	2714	8970	1867	11320	20172	18228	17251	14844	11925	20125	4778	8239	11091	18024	1136	9252	16688	20167	16901	17128	13354	1621	16032	14508	7663	223	643	11542	17876	14904	8696	273	10611	16999	16043	6703	9911	1508	14386	10430	4990	5717	4162	7682	16469
4261	14186	19697	7086	5584	280	10304	13692	14265	13406	1669	11533	19456	15599	17329	5170	7503	18820	3417	14555	5326	17263	18228	5682	8355	5137	17609	10696	7415	15194	10764	19586	2143	18871	16342	11877	8992	11145	13206	11014	3439	8363	13465	15960	13547	1591	13657	19797	9648	233	12961	8336	2752	17115	15586	1349	13306	3108	9424	5298	11544	8472	8355	20120	4906	18678	13631	12076	2608	7943	12514	11677	19366	6847	2495	2405	14544	14452	19796	17094	5827	5434	506	19992	17711	15725	17383	7038	515	17158	7765	13386	3370	10905	9379	8711	15074	15401	19004	1874
8645	16470	6740	16027	16213	14862	14647	5438	2078	698	9475	171	4695	17677	10017	4428	12452	18793	7930	7057	20018	10643	539	47	15347	13118	9863	8657	2374	17372	10018	12601	2916	4914	9723	993	19459	4167	14323	3763	10194	4139	2722	18783	1118	15876	6659	19243	13966	17839	10183	591	19071	17986	14457	14963	19889	1153	11944	10144	2253	12665	16963	10737	17208	17051	10212	2433	14827	15353	11093	19268	5702	13990	19368	8707	6999	14558	9731	7851	8004	5995	3336	9374	11891	6362	8026	4276	6140	12034	3881	11092	19900	9436	8087	20137	18372	15781	19447	10396
17894	16630	17425	6659	18424	13361	10284	703	3169	4546	2644	19574	6115	15895	15507	15199	15900	13303	7888	16567	8881	20196	19632	3381	18246	9401	10588	5279	958	15992	5901	11441	13562	19688	3043	9509	14744	4124	18371	9262	2636	9683	13982	16950	5941	7973	2134	591	9279	16611	15725	14330	17931	12209	11366	7320	11181	4473	19795	19767	3384	7062	9586	4974	10017	18186	8469	14911	19921	18329	12655	14979	8560	16049	9947	8615	14532	2646	100	9941	4585	2997	197	86	10501	4415	10173	7434	18437	18642	5437	13405	8291	6816	19660	17736	9514	10303	427	5663
19846	12751	10411	1826	16397	14083	7633	6113	18869	13851	7003	11136	3137	2103	16083	12746	166	15842	633	7193	14608	12392	16054	15887	14378	8440	3480	12697	13692	16631	13747	17087	18158	11229	11755	12105	10746	7393	5827	16567	19454	867	12847	3172	18763	18558	3043	8574	13453	17768	9753	3553	17225	15485	11199	3294	5472	4238	4892	5620	7931	8697	4697	6107	16303	8936	1166	4945	18904	5646	134	12558	12151	13317	15571	2379	3041	1182	16649	172	15964	13738	1813	7586	1365	14022	14133	18031	7820	12947	13029	3708	7216	14244	368	8918	4684	8599	18947	601
11419	10122	18781	8217	16167	3977	3616	8071	4919	8335	12930	10463	1743	4303	13581	10783	4653	16790	4899	7935	16864	17832	8316	17064	19304	306	10033	12280	20002	5702	19153	7517	12535	11168	4594	11973	12784	9699	4546	2367	6228	1526	16345	7438	9057	8679	13282	20048	13042	9397	9824	14716	11574	18633	18222	16613	2431	863	12430	11105	2535	15721	17696	10614	15235	7753	15005	11376	19081	13341	9853	14265	8894	6371	10457	7213	17542	14411	11882	4272	14738	16030	12685	11750	18070	1800	14658	3472	17650	13857	18871	15273	2646	7583	6031	6049	3315	19643	5211	12835
18981	12840	7250	18938	11728	13818	10389	16624	1320	8252	13092	19842	17951	942	12648	3687	1336	12168	10856	6701	7407	8583	18799	8252	13563	10389	16986	6537	18455	12648	6537	19842	18997	19435	10672	12078	19780	3687	16130	17244	6701	7245	13892	17280	17120	12698	9159	13563	7072	8129	7870	3687	942	19842	12078	18938	18460	3871	15795	6710	2210	8583	19780	7728	13892	15731	19517	18997	12921	7870	12821	15491	13177	2996	10898	2842	12921	18343	13573	5477	18107	12168	14226	3687	2618	19195	1168	9377	8129	15246	18981	15246	10462	18308	5486	18107	4048	2996	19991	8100
942	8252	5847	17557	10080	11521	19991	15773	15108	17007	18981	9378	18997	13573	7250	19842	4048	19991	18343	9377	19195	3720	1129	19195	12565	13177	18460	18625	19780	18092	15784	4741	5784	7340	18107	11137	10298	10298	10442	13573	1926	942	6616	10298	9255	5477	4617	17888	10298	17280	16130	18981	7250	11587	2996	11521	19195	2842	1168	10080	10616	18997	17120	14226	4741	1129	18938	10442	15018	14360	3871	5785	8252	10616	2842	2996	13177	16986	12168	9255	16964	6710	16624	18343	10616	17007	10389	9255	12698	14226	13177	7529	19780	3720	18308	7250	8252	13818	19195	4134
7245	13563	17280	3871	11587	16624	8252	17888	4741	15491	9377	15773	1129	15773	4741	9255	15246	1129	1336	9159	3687	3871	9378	9378	5205	15784	10442	1129	1926	19991	11726	6616	15246	10462	15795	17142	18938	5784	1168	10080	19991	3720	3871	8252	17244	17951	2842	14360	19842	13563	16986	10442	975	4134	16624	1926	12921	18625	18308	18460	18997	17557	9255	16130	9159	18625	9255	7728	12821	16986	3720	10672	15795	15731	975	18460	15731	9378	19842	10389	17557	9255	5847	15491	18625	11901	11521	975	18799	19842	10616	8706	12168	11728	14360	2618	10672	10672	17244	7245
1926	6616	8252	12078	11137	17557	6701	18981	17007	16130	18092	1320	11587	5477	6701	9756	18455	8100	17007	1168	12521	15018	18088	18625	11728	19435	13892	5486	15795	18343	14226	12521	18544	5477	5204	4700	18455	4741	6057	19842	10898	2555	9756	15731	14360	12078	1744	16964	19780	15108	10389	18799	10462	11521	4700	12821	19517	19991	19780	19842	19991	11137	13573	7340	18997	18308	17557	9159	15108	10462	18107	15701	18544	3202	5205	18343	13092	12921	7728	8100	15108	14226	18343	15795	10898	18981	18938	1168	9377	18455	12565	2842	12521	2555	15491	10080	12648	11587	15701	4048
17888	6710	8706	17244	3871	18343	10898	19842	7245	3871	12821	14360	11901	7250	6057	2996	18460	19517	9756	18625	18981	15784	18544	16964	3687	18799	8706	975	3720	7529	16964	18308	16624	12921	11521	3720	18308	12921	11137	12168	10080	9756	15491	3202	15491	975	5847	11728	17557	13573	5205	18625	9159	8252	13177	13573	5204	12648	5847	10898	10080	3202	15108	7072	16986	17888	15108	1926	11137	19780	12648	18455	9378	10298	1129	15018	19378	1320	7529	14360	2210	1744	19842	18455	13092	17120	7728	7870	18107	942	12168	11521	13563	11137	9159	12168	12921	16964	18544	13818
19517	7870	10389	15491	12521	17951	5486	1129	15773	8583	18308	11901	942	7245	12565	10672	11137	15784	18544	18997	13563	18625	18625	7072	7245	15246	19991	15773	11726	15018	5785	12821	6537	7245	12921	18290	975	2210	3687	3202	1744	10898	7529	12078	19435	19842	12168	15731	12168	14226	13092	13177	16986	12078	6710	10298	4700	4741	11521	6616	17951	10298	10856	18092	1926	13092	16624	12648	12698	12168	12078	7728	4617	17557	19378	6057	10856	15773	1744	7728	12565	11901	15018	10442	1320	3202	18088	15246	15108	19991	2842	2618	15491	5785	15018	6616	12168	10080	1168	8583
10856	7250	19378	4048	2210	13563	1129	15701	2210	18455	1336	10898	18938	3687	18997	6701	15491	12078	10672	10462	1744	10672	9159	1320	13892	3720	15795	10442	13573	1336	17293	3687	2555	17142	12648	4134	5784	12840	5204	17280	10298	11726	9377	18343	13573	19991	9756	7245	11521	15701	2996	1168	13892	14226	7340	10442	1744	9159	10616	18938	17293	6537	9756	18343	3871	4741	16986	10856	17951	3720	19991	13892	12921	19195	7245	8583	18455	18997	5204	10298	1320	1336	11728	16986	16624	8706	17142	12840	7728	10616	19991	11726	8129	17557	12521	17007	11137	15731	16624	18107
10898	10898	11728	19517	3202	10389	15491	8129	12840	11728	18997	7728	5205	13892	12921	17557	15701	19195	5784	18107	10672	2618	13092	942	17293	10442	5205	10298	7407	12078	12840	7728	18799	1168	975	17951	17888	14360	5486	14360	6057	1926	19378	4741	8583	11587	10080	5477	1129	13862	8583	15491	17244	2210	11901	9756	7870	12078	19842	13177	15773	2996	16624	4048	16130	18290	10080	1320	2555	18308	18088	10462	15246	4048	15784	8100	10672	13818	13862	17280	18308	7250	4700	19195	13862	18799	5204	4048	13177	10462	18308	3871	17120	18799	8252	4617	19435	7340	12078	17951
19842	17007	19435	12521	1744	17142	18290	14360	10462	5784	18455	6537	6537	12698	9159	3871	6057	13862	9377	5847	17293	12698	4700	18088	15491	9159	18092	8129	12840	6616	16624	10616	15784	1320	18625	8129	18997	10672	19378	17951	17120	15784	18981	9255	18981	1129	4700	17142	8252	18088	11521	18088	8100	2996	10298	13862	12821	15731	10389	2842	2555	5477	18460	9756	942	1336	7072	18938	12521	15795	12921	6616	9377	15491	3871	16986	3687	11587	12078	15018	7407	17280	13862	7529	9377	12565	12840	17120	16986	7529	10672	19195	2819	13862	17951	15491	1129	8129	17293	5486
7250	19195	6710	17007	4048	13177	11901	12921	12168	15108	19195	8583	17142	18092	4617	18107	18981	9159	12521	2555	3871	18799	1744	4617	7250	12565	12521	11137	12168	15246	12078	9378	12840	19195	13177	12698	7407	7529	7340	8252	10672	8129	12821	7407	942	1320	8129	15246	18981	10462	18343	5847	12565	18625	3720	15701	15731	19195	17120	17142	13563	6701	19435	12698	11726	4134	19378	17888	1336	1168	2842	18997	6537	12840	18997	7870	2819	7407	1336	17557	7870	12078	4617	9159	17142	15784	8583	5784	7870	6616	19842	6537	10898	13818	12648	1926	10389	975	18343	17280
16964	7072	15108	13818	18107	2618	1336	11728	11901	18544	12698	13892	1320	6616	19842	17280	12821	10298	8129	3687	19517	18343	8129	13818	7529	2842	1336	9377	19842	12921	18308	17120	19517	9255	12698	13862	6701	5204	13573	7407	9255	12521	19780	6057	7870	11728	18343	1168	10389	12698	13177	16624	4617	18455	7529	8583	9378	12821	4700	18308	8100	11521	4700	10080	17557	19780	5785	7072	3871	11587	13573	2555	2618	18981	16130	17244	8100	9377	2555	4048	9377	6701	8583	8252	3871	7340	13177	15491	8100	8252	7407	15108	11587	10462	18544	12078	5784	11137	12840	12821
18092	1336	12840	5477	12840	6057	6710	15018	2996	4700	15784	5847	13177	17888	942	16130	13573	2210	13177	17951	2996	1129	2842	5204	18343	942	2210	2819	7728	2210	8252	19195	2819	1336	19517	16986	1129	7072	8706	17557	1336	1336	12078	13177	13563	11901	2819	18107	3202	9377	5204	18343	5477	19517	11726	18460	5785	18343	7340	3202	18544	5847	12921	5204	10898	6701	3720	17244	2996	19378	13818	16986	9756	4134	12521	1336	13573	1336	942	17951	7529	15246	12821	7340	19435	17293	15731	18107	7072	10672	12078	4741	11137	15795	10856	5784	12078	17244	1744	12565
18938	2842	5205	10616	17293	12698	2819	3687	4617	17888	12521	5205	18981	18460	17120	7340	17007	12921	13092	12840	18343	11137	12565	15108	18455	17293	18455	17951	18308	4134	7072	5847	8706	18088	13862	942	18625	10462	10462	10298	18308	10672	13573	11137	1129	8706	15491	17007	19517	7250	9159	2842	1168	7250	16986	9159	10672	18938	12521	18544	5477	2842	3202	1744	5784	7728	18544	2555	5847	3202	11728	942	19195	2842	16624	1168	19195	17142	5205	10080	10616	18455	19195	7250	7529	10462	18290	7072	8252	4134	17280	17293	2555	18625	13092	4048	1744	6701	2618	16986
13563	18290	19517	10298	19435	17120	19517	2996	3871	12521	5486	942	18092	8100	2819	12648	1168	12648	19991	9756	1168	12821	14360	8129	5784	3202	2618	10856	5477	16624	1129	16964	18092	15784	17888	8706	19842	15701	15784	19517	2842	18455	18997	15784	3687	5847	5477	13818	16964	18544	7340	7529	10389	17888	8129	15108	3720	10462	6710	12921	18460	18625	4134	19195	12821	18799	7407	7340	3687	5204	2555	7250	18343	10080	15773	6701	17293	15784	10898	6616	17142	12648	11587	5785	2996	16986	11728	1129	19842	16624	1926	13563	3687	18460	9756	17280	15108	18308	8100	2819
6616	12168	1168	19780	12565	19842	10080	9159	17120	2618	17293	19780	2819	4617	9377	19991	7340	17244	15018	17557	4617	1168	15246	18343	8100	12168	6616	13092	17951	19195	17244	17007	12698	16986	13092	18343	6537	18938	8252	10616	1129	17280	6057	12565	10672	7250	18938	15795	18092	13092	9378	19517	7245	1336	15795	5204	17293	942	10672	8252	17888	15773	13862	7245	18107	16964	11137	7870	13573	17244	15731	13862	15018	19842	15701	2555	9756	13092	19378	7072	13862	16130	4048	1744	10442	6057	9255	5205	10298	5847	2618	18343	10298	4700	18455	16986	9756	6537	10298	19517
12698	942	18308	18092	9756	17888	9378	4700	18544	13818	16964	13177	13092	2555	15795	15701	11521	18308	12921	6616	12840	2842	3687	2996	10672	1168	7870	17280	6057	10298	5204	6537	11901	16624	6057	15701	6616	10856	18308	1168	7250	3202	8129	17120	18088	1336	11587	15108	19195	19517	10616	5785	7728	13892	7245	12168	1129	11728	4741	1320	16986	15018	12078	4741	19991	11728	1744	12921	9255	19195	8129	17293	12521	15784	18088	17557	16624	17951	16986	18455	18625	12565	18290	4048	5847	10672	5477	4741	10389	2842	7728	7870	6057	9255	19991	19991	12565	12565	19842	18981
6710	17888	9378	19378	3687	7072	17244	10462	1336	18290	6057	3202	3202	17142	8583	7529	1744	19842	9378	1744	19435	16130	8252	2618	18997	6701	5486	12521	15701	4617	15795	1168	1926	7870	15701	15795	6710	8706	5847	18092	13177	7728	942	5477	19991	8100	10389	17951	4134	5486	12821	17120	18997	13818	12648	17557	11587	18308	9159	19991	5204	7072	6616	13092	13563	5847	12921	8100	18799	15731	4741	1168	9159	9756	10298	10462	6057	3871	19195	11587	3871	18107	18092	18088	7072	5486	3720	10298	4700	9378	18460	5785	6710	14226	4700	15701	5847	18625	18981	15246
13177	9756	13862	18981	4700	17007	10856	3202	17293	18981	12921	10442	18290	18088	15018	19517	10389	17120	7529	17888	14360	12168	18455	17951	11901	12821	16130	18460	19378	18460	12168	6701	5204	13177	3202	9756	17244	3871	17888	12821	17007	19378	8100	15018	17142	13092	17120	7870	17293	19842	13818	12565	17951	17557	12840	15784	5847	18455	10298	4134	4741	7870	10898	13573	9377	12821	7870	5486	15773	17142	17244	6701	5205	10462	4700	17951	19842	15795	4134	3871	14226	3720	12840	11726	19842	11521	17951	18088	12168	17888	9255	7407	12565	14360	10462	13563	18092	18938	10462	19435
5477	18981	5784	3687	15108	16964	6616	19195	4134	16964	942	18308	18308	19378	16130	11587	2819	18343	2618	1926	18938	7529	18460	11901	15784	17888	16964	7250	11728	2842	17120	9159	17244	13818	1168	10856	7250	18107	2996	4700	5204	11728	18625	18625	10080	13573	5785	10389	10856	2842	12168	10856	11587	2819	17557	7728	12648	10298	5477	13892	3687	13573	10442	19842	8100	19195	15018	18290	19780	1926	18938	16130	6710	4700	18092	5204	15773	16624	4741	8706	13818	8583	18088	19842	17280	18544	6701	6710	13892	18544	1336	19435	18455	1129	17244	3202	14226	15701	1320	7250
14360	18460	13092	18799	13892	14360	16986	9377	1926	975	7870	17244	19991	15108	8252	11137	17951	5785	8100	7728	16624	12078	8583	8706	3720	18997	19517	3687	17888	7728	7728	9377	8129	18460	10616	10672	1168	2555	5784	18290	19435	1320	15784	8583	6057	15246	6537	7072	6616	1336	18088	13862	2819	10616	18455	12921	7072	2996	13892	7245	1744	8252	15773	17557	19195	19517	10462	10672	4617	13092	14226	7245	12078	15773	15246	7072	7529	1129	17951	11728	3720	5785	7250	2210	19195	17280	15773	10389	15018	4617	11901	10856	9756	8583	3202	17120	7245	17280	15246	10856
5847	18938	8583	7072	14360	15491	3687	5784	10672	11901	11728	2210	4617	10616	18343	13573	11726	5784	2555	2819	10856	5785	4741	10080	18088	17120	13092	15246	18544	17280	15773	17888	7245	17244	2555	2996	1744	13177	19842	12921	13092	11901	18460	1168	4134	13862	3871	15784	18088	6616	18981	2996	3687	19378	16130	14226	17280	1336	7072	12521	9255	12648	942	12840	18460	16624	15784	13563	7870	18088	18625	19780	8706	19435	11137	18107	7340	18460	19991	18460	1168	15773	7407	5204	3202	11728	6616	8706	12078	9255	7250	1320	1744	17142	14226	10298	6537	13563	2819	15701
18088	18092	18544	1129	4134	18799	15018	5205	18107	8129	15108	12921	11728	18107	10442	14360	6537	13818	17244	10298	18107	17120	11137	1744	9756	2819	18544	18544	1129	18981	18460	17142	10462	10298	7870	16130	12078	18799	18088	5784	5205	15108	18343	17557	1336	5785	12698	7407	1744	7340	975	9255	18625	16986	19780	1129	8100	8252	5205	12821	942	12078	7340	15795	1744	2819	12078	17120	15784	4741	12698	19378	1744	16986	10080	3687	2210	8583	15108	12921	17120	15491	10856	19378	16986	18455	14360	12168	3202	7728	15018	5204	9255	975	7870	2210	15491	9255	5204	17557
9377	7407	15491	18088	4617	2819	5205	3871	6537	10856	18625	15246	10462	19517	18544	6616	8583	11726	17120	16130	4741	5204	6537	6701	10616	9377	18799	5477	12698	17007	6616	2842	13892	12840	19991	12821	15773	8583	19991	7529	10616	6701	11521	10898	3720	3720	975	2555	4741	10898	17888	8583	14360	4700	18088	7529	14226	7870	5784	12648	7250	6057	10672	2819	15491	10672	8129	17280	13892	17293	4048	19842	12168	9377	1336	13892	18343	10080	13092	4741	15731	4134	10462	18460	18092	13563	12921	6537	13563	9756	6537	7728	6616	9756	1926	19517	2996	19378	11901	19378
3871	16986	17293	7407	18997	2842	5784	7407	15701	2996	18088	9377	10080	13092	5205	16964	2555	15018	3687	5486	10616	17244	9377	19435	18107	10672	16624	18981	16130	5847	17557	3871	9756	18625	2210	17280	5205	15491	2819	19780	10462	4741	9378	18088	18343	15784	18981	10080	10080	12078	8252	4741	5204	10080	7072	18544	18625	16130	1336	14360	8583	19780	18938	10616	5477	12168	7245	17142	5477	12648	6710	18290	13092	8252	8252	18455	13892	9756	10462	10672	13892	16986	9756	7245	9378	10616	10672	12565	10462	13177	12521	18092	1320	18088	12168	19780	10856	5204	3687	11521
18290	17120	2618	2618	17951	8252	12521	16986	13862	5785	2210	18088	2618	1320	11137	19195	17120	18107	19378	15018	17120	4617	11726	12821	13818	18088	4048	9255	1744	10442	13177	12565	18460	17557	2996	18308	12521	14226	7250	12078	15018	5486	18088	7728	17888	18981	4048	10672	5486	3202	3720	12078	18544	3687	7870	15731	7728	9377	7728	5486	19842	10462	15731	2996	4617	3720	17244	14360	10616	10856	11587	5205	11901	2210	12565	15784	5784	8252	975	18308	18088	5847	10616	8583	942	9255	8129	10898	9756	12921	12698	12565	12698	4741	10672	975	3687	1926	15773	13892
12648	4617	18460	15701	18544	15795	11726	19991	975	10672	2618	18981	10298	9756	15773	2210	9159	18092	12821	17280	2819	15246	16986	15795	5785	4741	10389	18799	6710	2819	18290	1744	11521	5204	8583	16964	18088	7870	10898	18455	8129	4048	12648	1320	13862	6701	6616	12821	18544	1129	15784	4134	1744	942	18544	10389	2819	12565	8129	4700	13892	16130	15246	18544	3720	19378	10616	19991	19378	4700	5205	15108	3687	13862	5784	1320	18107	17557	9159	18544	18455	7870	16986	11728	18308	15246	13862	19378	11137	4741	942	2555	19378	7250	7728	12521	15018	8100	15731	9255
7728	2996	7407	6710	13818	15246	13573	7072	1129	12821	16624	15784	4700	12168	18981	14226	7072	17888	5477	942	11901	8100	9756	7340	18092	18460	8100	5205	18107	14226	13862	5204	15491	10856	12078	7870	19435	16624	2210	5785	2210	15701	15795	8706	18625	15491	18107	975	12840	11137	2210	10389	18460	1744	10080	3687	15795	14360	10856	11901	18088	10616	1129	12078	17244	8252	14360	13892	10442	4134	16986	9159	7245	15701	17142	1926	10616	15491	18088	10462	19378	17557	18107	15108	4741	16130	19435	12821	1168	3202	11728	17244	8100	10672	9377	18455	7529	1336	4741	6616
11137	15018	9255	18455	8129	4048	3202	4048	19435	5486	8100	19517	5477	17280	10298	13862	4134	4134	7870	4700	7340	6701	10462	16130	17951	1744	9159	17120	12078	13862	13818	3202	13563	10389	15491	13092	5204	12521	18343	15246	18625	15018	10389	19517	12168	15731	15108	5205	12698	17120	10462	17951	18290	7529	14360	9378	10462	13892	16624	10442	11728	17293	17280	13818	18799	6710	18981	18343	18938	5784	10616	10616	11587	7250	1320	7728	12168	16964	12521	12698	8583	4741	18981	9377	18997	12078	15246	2842	15784	2819	11137	15491	3720	5205	17007	10442	5205	19991	18088	18343
