11146	3982	10255	19661	5522	2288	12282	6453	7291	12032	6634	14576	2169	3321	13292	19291	9284	8492	18089	1156	6255	5925	6032	17985	5407	13872	1326	13934	15012	14842	13842	11738	5029	14657	8235	11196	6111	16621	13859	6068	11667	16668	2037	2416	5203	17837	7780	14294	13618	3958	11027	5796	8708	20197	2373	13158	3266	5471	3233	11658	8728	8567	9076	14570	7706	14990	1919	8507	13618	9356	14200	5918	5287	9311	8505	13954	15545	5221	5794	11354	15295	15337	4346	8829	7411	18508	681	5471	7131	5321	11152	13742	12972	15086	18356	3725	18394	17874	2307	9148
17967	8687	18546	18045	1618	2463	5739	15091	4187	12376	15894	9622	15888	17540	9205	8413	6779	11208	593	15081	8524	9660	17062	4995	2801	9783	16658	10117	14163	9876	105	13954	18150	9715	1761	8755	5196	12506	11375	3823	4931	16179	2204	17765	1919	12622	1761	9347	18621	7435	15476	6282	15268	16334	13158	7131	6198	17600	5281	7617	4652	11568	5113	11886	18089	16444	2065	14851	2623	13975	14254	2981	615	20085	6798	9053	3585	16272	10134	5281	7699	12334	2554	11386	7797	1674	19291	19056	12856	3823	3037	4908	5249	16009	14438	2784	4563	3658	8787	15799
567	14943	8507	11027	11056	19315	9910	8235	15251	14085	14405	2968	9642	13075	4417	17799	3396	15545	15157	7579	11461	13878	11015	13607	9773	18508	11738	18356	6345	18203	2557	5875	1233	12701	9660	9625	17292	15222	18083	9654	13830	9540	6636	13493	14835	14098	1998	9720	16875	9053	3676	18551	16900	16677	19008	8755	2471	7461	16621	19460	16931	12279	851	13752	16434	7411	18252	8718	6966	6901	2971	4976	5276	6509	2888	13139	19336	15325	14453	10355	4145	10393	6633	46	10393	1489	9798	18083	7283	3455	1943	16573	11506	9332	18410	8163	6951	6635	14113	11086
14923	14275	5122	8054	19512	12715	3101	13763	19416	18596	1602	2930	11382	13175	10617	4232	2743	13754	5258	10861	16196	1855	9684	16155	4779	14448	3457	17324	10825	7933	839	5820	2981	11886	3850	18554	2840	12175	5918	7129	19506	19379	10461	15183	18349	15081	11409	20083	13919	12604	5502	7222	444	16328	4666	4666	4943	6198	20163	15533	13034	18967	13414	18546	5502	10499	18830	7591	3514	12577	15867	20159	13414	14759	13469	6628	14361	12884	12315	2585	14732	7617	8610	10489	4494	14163	4372	12604	17006	12765	14409	6079	14298	1047	17471	8334	16370	7812	12884	14759
9766	5116	19270	4626	3059	9919	18272	1756	10730	6140	12333	15748	10927	10753	8805	7935	3348	4636	7048	16715	19140	10649	12518	13622	8232	19848	12781	16292	148	11410	13169	12634	8433	18511	19864	8119	1346	7978	19863	14560	4588	13418	17786	11986	1840	16145	11392	15227	1045	4816	239	19665	7355	3599	1327	11491	11457	1190	14381	14776	14617	5037	2431	5375	1844	2233	1612	7270	8260	15409	19566	14525	18880	6487	10029	16195	15408	944	2689	6072	19642	13453	20003	10628	11834	10	5126	2501	16858	10204	8208	14064	13511	14295	14966	15509	17137	4983	20171	2610
5516	2011	14015	19166	12980	12434	1246	16314	8207	610	3749	12245	14714	17249	11053	7070	11274	5725	13343	18882	16336	15261	11205	14123	14893	7633	17533	14913	1215	5468	19575	199	6381	14379	13560	17497	10469	8556	2031	15258	677	8603	1496	9223	1597	9218	13500	19535	14256	171	7052	1221	14556	17802	9839	1364	10188	20011	7553	7211	10596	3439	5655	16781	5809	4592	11941	11965	9931	6812	15746	13239	16614	12163	19888	2614	1824	7045	7217	413	14345	8256	10491	11236	1953	8409	11317	7123	12738	18506	14940	12296	16077	19391	7744	14605	1799	1974	6221	16274
5879	18129	2817	18216	18809	20045	19224	2536	9354	8856	5355	384	8825	777	14934	12642	12688	6980	18068	4797	935	5178	16810	9433	5248	1136	1516	5069	17958	1322	9064	14719	13870	19484	20108	19640	1436	11092	4498	12621	10971	13398	3281	5433	16901	14458	7906	17141	862	16282	18810	12747	2541	1152	18730	2610	12182	13093	12586	15439	5648	15959	3198	1564	15460	2751	10689	8953	10535	15347	12712	6948	5681	1537	983	13976	2215	1752	12612	12727	4778	7798	4485	11162	1806	12157	19006	6495	19401	4059	3566	1516	14610	10386	17947	894	20109	13966	19456	4436
16013	17866	2972	18535	17162	15475	28	525	7505	8746	16723	15863	2174	11353	9374	7608	11920	1276	18923	6215	11531	6807	11115	19111	16565	19461	18261	14726	5567	17816	1946	19445	19319	9583	8085	7767	6448	4621	353	11965	11167	15214	5107	14157	17845	15841	4815	14588	1708	6019	2236	15544	18643	4401	15238	6789	19838	4060	16356	250	9687	17434	7193	8694	1379	19411	17935	9134	6186	17100	1324	3485	9643	13846	6350	4312	14692	2287	13684	7292	3467	16337	4534	4690	5995	18643	17370	8818	6358	18902	3443	7710	9116	429	2661	15459	7327	7690	7356	125
423	5250	19360	11528	6294	13478	1779	2812	12094	7999	9661	1959	14515	14191	13427	13046	14675	6583	14048	1085	13897	12901	10614	17606	5164	5116	3271	18780	2850	10139	18706	8217	2661	16461	281	1952	4803	16109	9632	17915	5900	4354	10635	15037	15709	6380	2483	6584	7607	1549	12915	6663	11306	18727	2714	279	16976	2106	10741	525	4107	8913	2488	11136	5988	10832	4987	13023	3673	19086	16858	8403	14320	14782	16459	10615	7384	15770	15802	12733	18450	9108	9030	4727	18032	20177	7481	8404	12560	1159	1814	12768	12522	7719	160	10549	11458	12621	9278	257
1497	3095	3742	19516	17043	1390	5838	6933	4306	16396	3420	5521	20202	12984	20172	10351	17323	14351	5830	18068	11205	5441	2934	16295	9952	4004	3983	6201	14980	10645	5569	13555	11892	5536	2701	16165	6432	12991	19160	15722	8367	507	15199	4267	8112	9921	325	776	7221	10553	10077	918	11287	17590	348	2059	6475	17042	10881	13705	10757	16255	18200	17281	16449	18012	8207	10686	13481	11	7237	13525	16735	8880	10599	11112	3555	4956	15329	4002	9757	856	4419	2596	5033	12887	5906	13889	19508	18678	12977	3250	5560	16045	17735	5239	18467	4428	3267	5632
4966	18736	7079	13948	10070	13396	17054	1696	17485	1858	5279	7450	11994	12085	1815	5889	2745	10320	3765	17303	11260	13658	1819	11268	730	17415	4522	1876	2956	2440	11781	8893	12768	2574	13127	18432	13807	11812	4230	11277	8914	6379	6052	6849	14479	12265	20110	17622	15794	3960	15281	12465	4290	7920	4574	18515	19111	18901	12346	216	11920	8506	1878	15845	4004	19756	16102	3322	2075	2038	7066	8994	8408	2343	4751	911	15352	858	8968	17453	10538	16364	17546	16342	14825	18094	15145	19171	14312	1666	4614	16794	16026	15571	14007	2994	16075	16240	19658	18519
1428	2667	5235	7718	14611	6126	5946	6583	9402	8975	11051	19568	12999	14069	6287	19588	994	9984	12132	14250	16857	19400	10413	13	15543	2012	17635	15485	19496	14772	4190	8870	901	7075	4207	11918	7013	16175	13207	13104	2989	4797	987	16159	226	11317	17068	5028	14909	16664	15711	12976	9730	16410	3473	1729	15347	11509	20038	10403	6289	17861	10824	14644	10600	9139	1044	12935	9425	13614	590	3912	19904	6366	2175	15862	6105	11170	6690	277	10566	10231	1992	3599	860	7718	18867	10805	11485	3181	12341	396	1753	16425	16469	5909	13093	13792	10588	17651
15485	9800	10603	15357	1014	17983	3565	4147	11704	18284	26	12960	6052	10418	11488	17847	8791	226	940	13413	13701	18638	4034	16925	2923	1737	13472	16758	12178	17169	16613	17305	7888	2590	13002	729	2540	7080	1267	3543	10089	4150	17237	5557	1842	1972	15916	17660	10757	14846	20061	4998	17169	18188	12754	14035	10565	8883	19752	12318	1726	10821	8713	13023	7052	14064	16246	4388	16723	10653	12599	8356	13115	10827	7957	15374	18868	12980	8771	14492	17855	3071	9900	19521	13747	15273	12568	82	1416	15735	3462	13004	5834	12054	6104	9436	5231	9306	10208	18590
6102	12892	17556	3418	15635	10826	10403	10933	5535	3496	15500	7381	19239	5339	18043	17184	5680	1854	9485	3354	3821	8950	19216	15534	13731	11925	3498	14334	8760	1606	13220	2495	17425	18409	26	13901	1159	13311	12620	15473	18299	1453	3588	596	4408	17662	15262	3508	5398	5584	11581	4319	384	12901	8222	4124	6474	19130	16115	11794	9984	10215	5701	4573	15156	6163	2920	9314	5157	15829	16275	11921	2957	8373	10561	10469	11089	8983	14745	1445	16148	3534	4678	19867	12352	17446	4702	18682	15520	13170	1271	16447	15412	14906	18201	11300	2506	10353	17438	9696
17662	5005	6127	9184	10201	9052	3648	3220	5566	18610	11153	6497	15722	5279	636	17732	5089	545	5538	16425	2236	3041	15244	7155	1011	5009	19744	18706	9632	15889	1042	1978	1691	6426	6809	13406	14444	15225	14424	10803	996	7273	10241	9807	2562	6221	15654	3464	9852	19839	7659	7869	19613	5633	3458	9125	4914	3144	2387	15544	17528	18620	19536	17871	14287	6517	10103	8810	7071	19944	666	19358	16633	6632	12697	15384	8260	7259	16095	12545	12019	13399	3382	7119	10737	9538	16018	7308	13452	17118	11302	1896	16448	13803	19969	19634	8288	4593	4399	13723
17711	13037	11807	12900	5467	3685	6651	6911	11218	18280	6736	16182	11722	3800	5516	13228	5802	9832	13212	3314	10804	13957	7569	1563	1406	15096	4870	10504	8330	5390	17097	13672	18445	8851	1749	3913	15695	18632	18446	8425	13315	19091	17194	4117	1187	7963	18528	9903	658	2300	14276	3045	18365	5792	6597	5	18512	13834	15212	4091	8458	12859	1282	9309	13427	16510	3498	703	16564	4607	14549	3706	765	6654	20166	13097	6540	4026	2085	15724	11177	471	17141	14518	10942	5550	13483	3697	17615	2093	14738	18998	7393	5749	14326	11771	10932	5388	8976	7313
395	17403	1885	1246	4381	8615	5503	973	11444	2066	5075	2441	9936	17228	10713	11352	1734	4176	6957	15381	17356	11843	6454	11926	6474	11910	6743	1553	11445	19755	13332	9366	2908	11961	11546	8336	6705	4014	15992	7796	19839	2569	3572	4149	6481	2664	17191	5439	4362	16877	17461	5723	5802	19551	18192	7173	12560	12122	4223	43	4384	15158	16168	3162	18730	11969	4024	8654	10107	5802	838	15045	5810	18135	5526	5481	14052	17440	3723	13279	2293	4291	9402	4103	17949	15648	199	14362	11670	16562	7952	20194	2650	13559	4792	2446	19720	5838	2004	6970
10882	7764	11811	14731	16425	1938	5668	8598	8981	19832	9555	18793	15756	7176	8250	10004	20099	8517	1443	5011	7550	11511	16493	11394	2529	12634	6470	8724	8585	16868	5544	19566	1377	19556	15270	2252	5385	11926	215	12154	195	8691	10744	7493	5392	13597	18396	15408	20131	234	7347	16494	9231	19508	1163	14323	708	12162	10068	9398	9061	2225	16744	12859	9719	18449	18241	1752	7328	19411	5225	557	19184	16192	9851	10833	13852	19366	18652	13661	7401	19810	11466	6845	5773	14563	11418	13366	9015	17304	13003	14416	12038	920	6850	10872	5267	3928	4369	14542
6586	12901	13275	9580	17446	6683	13621	8989	6657	1396	15527	1319	12324	14162	2433	6128	9125	6099	9509	1341	4572	10606	10008	5749	8009	4619	2461	16836	13013	13090	17564	14991	1542	8633	15311	6339	17909	6102	6725	17590	9232	10618	3742	6649	19185	14954	9074	17550	12660	17510	3042	18035	10037	11312	2688	12215	15560	2948	5494	9751	8771	14426	11710	7481	17745	3855	13668	19532	413	8517	9721	4743	8009	11473	2823	3070	8902	13850	13802	3643	8990	12707	5232	16379	5535	7431	5838	12199	10818	19998	18344	2392	15301	16386	9491	1460	11984	19265	840	19643
9412	15502	19481	2255	13455	7294	7349	19800	6203	4972	28	11269	4619	1441	10855	11545	5708	3295	15634	12	528	2727	15410	7064	1553	7110	18174	10740	19979	19171	10700	2644	800	15495	9304	9896	5876	12680	5998	10741	11192	16472	2679	12986	9697	15802	6677	13004	19880	14231	13929	3825	13527	3914	2278	13070	11167	17641	6313	8313	1321	12612	9112	9299	5639	18456	6897	2624	2067	2974	5138	8954	3399	7747	1810	5135	1737	5798	2428	2221	2492	16341	218	9230	334	16120	12594	14367	9746	16644	19122	3714	7427	14419	7253	15975	4500	6897	1813	10483
13566	10698	11670	13193	12132	8562	355	17950	6253	10657	17737	13155	17456	6468	15239	405	16508	6964	15245	8140	7480	2480	17606	14811	910	6456	19253	18524	14869	8573	11512	840	10031	11912	10191	538	10892	17949	14284	7539	15870	4005	5327	17365	19338	19943	3105	1122	10651	1720	3723	9820	16012	425	18837	13947	1449	9912	2735	1786	17906	15985	10269	17236	2821	2073	17442	2470	748	1656	5415	978	5717	16692	8631	694	19154	14953	13281	9427	17434	10276	4482	18696	8765	17284	5523	17695	4474	17972	4812	18716	18807	8166	2244	15093	5049	2128	10558	18569
15373	4738	10227	411	16902	10994	11273	15412	16229	15034	8109	7534	15592	9854	15979	1628	3496	3620	2086	17317	2498	9134	3558	1113	14948	19858	8121	18743	14119	9725	392	28	3223	10587	3931	10971	9765	9516	11968	9875	1746	4235	19472	2459	6497	19132	7978	10809	8484	11999	1792	6722	5317	1615	5986	1276	18468	6163	19519	4871	15641	14386	16231	18974	12321	15926	17830	3137	14060	2612	19902	18109	4855	1953	8922	13061	3857	11231	11963	937	14048	412	6574	13644	8045	18143	12581	6046	19731	10960	9059	15772	2611	4002	16258	15611	19719	17556	14250	9030
18492	6430	409	1645	10742	3072	10165	17249	8352	1485	13328	564	13828	5581	7951	2994	6205	17646	15574	9731	6723	15119	14022	7062	7193	10291	10959	716	16352	7441	901	2774	15161	18381	16142	11456	3242	2710	17975	17315	19514	7795	10314	485	3281	1347	18669	4165	18064	919	2153	10278	7849	13819	17911	11310	14823	6262	19851	6495	18683	17009	410	16067	9627	8051	9645	9904	12923	19476	6446	18976	8930	18575	460	10979	3681	19047	14283	5020	12542	9581	4561	8812	8431	158	7806	13732	11236	5243	5216	13242	12963	1283	1395	47	12	2795	15141	12119
9193	7851	872	9918	18320	4065	18848	15711	5799	6113	4622	10483	9493	14157	5271	4334	15332	9865	13912	10970	4032	20000	1716	6976	8390	5280	19072	17073	6989	16866	9021	18144	5886	10983	18131	14258	10938	14367	12900	6085	19730	17143	13215	13025	11769	3581	18161	3659	5037	16583	10033	7952	13642	3808	8458	16771	6765	1752	19028	18261	16006	10044	1720	8566	8565	2339	4196	14936	19386	6253	13903	15131	3486	12708	12754	972	13559	11926	16378	18111	5975	952	10463	19938	14928	15675	9952	3516	19703	9522	1364	14315	14232	16150	8808	717	10652	14249	15202	4059
13719	3691	5740	5481	16067	19838	4049	8313	15392	8523	8968	5623	16354	3072	10784	12277	15288	5380	8077	5517	7257	16891	624	18390	19455	11948	18684	9319	4334	13834	2661	15637	3262	2120	16107	3199	387	5197	14821	10427	13392	11467	6600	837	245	12811	4012	2278	6360	10636	6260	15936	17808	7045	2477	14355	14393	3608	17613	15756	13553	16616	13252	9412	17519	16826	1026	5020	5223	646	2342	8544	17590	19853	695	8206	8173	12159	18131	1368	11084	14771	86	2525	838	14102	2541	1195	7177	11786	16941	12433	17038	18433	5182	8193	4021	4350	3017	4755
14961	17689	13631	2751	1800	18106	7611	18236	390	7968	11641	216	14618	14793	10469	4489	19527	2371	1372	6703	6258	16263	11810	7846	17434	10426	5533	318	2298	5827	778	18869	14235	18070	1971	9193	4272	14521	11926	10472	5018	18246	3113	4702	17440	20146	15357	17001	1411	9777	16898	13055	8701	20154	13834	15636	16812	8748	17872	10562	1143	13559	2002	12247	18479	10037	8516	16551	6207	18526	5011	17966	4427	5623	19261	6964	8201	335	1467	89	819	13235	8721	1431	4648	11670	8102	15543	10253	4344	6394	16567	14574	11140	5367	8562	17199	1643	14435	13322
4313	8549	4902	6943	19904	1786	20069	3841	3018	12947	12999	16797	9386	1669	2655	14050	13880	14162	6539	9521	20014	3643	10426	5463	15798	212	6732	17851	4073	16757	9301	13168	1201	1559	17542	15593	19905	601	1763	5656	858	18687	14998	5612	13560	19514	9643	8352	4201	10913	9427	18574	3814	14555	9329	16806	15321	18737	3472	13387	17423	15053	1104	908	9516	13984	13362	15842	2200	8319	18807	5233	7102	937	17467	10052	770	8442	5990	7428	13851	16308	3012	5613	8477	1198	17707	5749	19617	18456	15151	14443	11000	17881	8273	7734	13634	20069	14165	2243
17350	14585	3638	2	6067	6362	3766	8651	1800	1165	8596	17554	11417	14460	122	4622	19730	20192	18552	16589	4327	14520	788	10902	13099	11820	19150	801	19253	16903	3990	6790	11785	10066	4612	7809	16006	13417	4381	11133	19237	3294	6112	1524	17929	3389	12189	12178	324	7349	15522	9618	9325	6405	19667	19120	19600	3195	8278	15909	1581	12740	74	15093	10625	15237	4153	411	15643	11370	15791	12016	19805	18440	8055	13713	9643	19003	11220	734	1655	10044	273	16206	8351	3722	15373	16816	13716	3140	1537	1163	5187	102	10417	16723	1396	10357	3747	18974
19137	2873	10503	2654	20167	10741	1206	3506	16172	4776	1497	5363	14986	12064	11153	6180	13984	3580	279	6988	16185	6983	7568	8425	11308	5528	15928	2608	18947	10980	4925	10845	2843	6983	12056	10137	12560	1542	3567	19903	3977	2835	5402	1201	15331	7217	12357	10019	8140	1901	2056	7820	19748	15699	12366	2339	6524	6514	19873	16342	15794	20131	3250	5895	2128	4480	6664	3079	16737	4130	2532	10412	863	3977	7470	16150	11197	1421	11129	15477	13765	1565	17414	9914	12106	2802	14495	13599	4725	15964	11796	8833	9818	19039	15384	13043	8443	1530	15101	1379
15572	15141	13012	8731	8260	4109	11576	12081	6904	19678	3765	4351	16467	1589	19688	18612	11845	20003	11393	7007	10883	6428	13002	14374	5200	16779	1104	18293	10443	661	17001	14592	9856	15160	9791	7931	9093	17882	4878	16429	8247	9209	6370	4135	2366	4328	602	20074	15120	19706	13684	16760	9932	10167	3411	17838	15233	980	17242	3314	11763	4900	4880	10303	4012	6024	13145	12381	7612	7432	2788	74	856	5966	609	12424	14979	13235	4014	15875	10956	18447	841	5280	6030	13024	10929	8191	19699	471	7466	4049	7241	12316	17019	10373	14811	3986	9639	12433
13003	12512	5359	11436	19898	12741	2565	15460	4722	6682	19167	16486	7727	18298	5013	16183	6475	17031	12829	574	5538	4001	12412	18185	13974	7274	10674	14181	868	15153	17336	526	15025	17909	4264	18622	19541	3693	4054	14485	14421	8365	3506	16201	19452	13110	13642	6687	4369	10323	4028	1449	1913	4464	11128	13088	9907	11744	8335	12487	5897	13596	6251	14729	13037	760	5981	17380	14449	19830	3539	9278	3463	2640	12474	4753	13746	5869	11505	12633	920	18445	16604	2643	3597	9641	7594	5830	7917	3548	11084	19959	290	6452	19636	17715	2459	2993	10439	19393
3181	13340	14320	18371	18481	9173	11821	1999	1270	14351	1383	9862	12056	2088	3600	13905	17770	1497	7274	17931	1340	6621	14083	13809	5338	1662	4999	16496	13401	13385	1616	11321	13452	17437	1159	8948	7038	17642	4370	15280	14183	15642	2196	16858	19093	12451	2138	19815	9615	17167	1211	9390	11821	8246	8794	6531	9	2012	11837	5704	13316	4495	19919	7484	11010	15139	20015	19171	10047	16109	4150	16191	3593	1645	18098	16634	8511	13939	9560	10127	5368	2102	908	19401	13885	11891	10878	4268	18032	12129	16645	8485	11920	12102	7183	8918	3012	18025	19330	412
11204	10943	9559	6693	9630	502	19585	11390	6478	4831	4752	10604	7393	17679	3143	19863	4121	6548	13722	13193	390	16317	10097	12621	19072	190	18868	16733	16216	2331	16774	14449	11980	9180	11929	15957	13447	9234	3626	16154	2852	13559	18918	11662	15140	1663	3827	9397	19805	15567	7924	19959	4386	16476	6020	1469	11032	4067	14010	10777	1381	6533	3805	751	580	19863	5043	14022	11983	14573	4208	18835	10339	8075	564	9562	534	10640	7064	4773	3593	13081	8682	15318	6578	3960	7744	16162	16263	5697	4024	17911	15245	14497	4446	16205	3680	2590	12967	3990
1309	10427	7574	6850	12593	4914	11771	8070	13981	14744	5267	7419	15822	20092	16229	10356	9291	14139	9000	12479	16466	11290	3653	9619	7142	10959	17434	17140	15842	1081	12567	11089	16460	17112	7837	6998	9151	10595	2352	2773	2845	16088	14096	15272	9118	1522	3964	16382	9632	6576	4782	981	12919	6596	1685	11509	16702	1993	6821	8976	14401	16523	18367	7460	20104	15512	16996	19735	17402	3868	12682	5152	19767	18458	6283	11604	591	11179	2630	1201	18220	19015	1293	11732	2086	19025	20206	19785	10802	14791	4228	5359	3786	9428	2948	14260	13122	19111	13741	187
1916	10739	17296	7057	11944	16232	15847	16500	10892	15824	7297	7281	18304	12812	7836	3165	11377	17930	15946	1147	20087	867	17441	10464	6764	12158	17658	3075	8984	9218	17644	9514	18569	15141	12362	6796	9308	10013	16694	8846	12258	12180	6085	16500	15234	13851	16762	16072	3864	17661	19142	10258	18728	8851	19456	3509	10464	14578	9202	2640	20174	18453	14519	7379	19081	17022	12400	6970	1845	3325	3257	17744	6018	17567	14150	15946	19643	8325	199	4253	5800	10928	14306	3178	10283	15711	16983	9334	9447	7323	5704	17137	16801	16052	3944	20147	490	9632	19308	12259
3164	18748	14546	134	16610	7999	13027	13047	7356	10509	4123	5823	13807	19399	18173	3565	10602	19126	16241	6578	14618	3427	19358	10995	16604	14295	9026	1756	16877	15505	5683	9914	5669	16201	4588	4428	8551	5405	1295	3298	527	841	7885	12680	14379	4406	16882	9768	6974	20164	2080	2873	7913	6141	13040	69	9865	10638	2442	9967	8777	17549	3427	1142	2375	5147	1597	19377	11787	5020	11300	6024	2802	13670	11770	18918	15258	1875	12529	5823	16307	7576	14856	1456	16199	8598	3322	13311	7193	14364	1381	15096	2004	5850	16602	14655	13857	14763	10689	9096
14189	17769	1381	14935	3351	11678	2532	4939	12378	3498	5779	5237	13708	14841	20017	11786	10827	9915	16551	17304	3490	6165	8171	4123	9218	14269	3746	8288	8473	3002	11129	19715	17545	18152	15082	9028	11463	14355	18321	15314	17831	20130	38	12957	16187	16095	4243	8527	20058	3185	944	2858	12859	11986	17586	16522	13011	14988	8038	17370	11466	4718	4861	695	9558	7003	11075	2383	353	8305	11682	17801	9595	9231	1571	7310	12310	1161	19451	17911	14400	8297	7102	8193	19817	18066	10350	8746	4551	6008	6490	19495	3509	10133	10157	10371	19541	17001	18298	10860
12003	403	17682	3586	4445	16611	9230	8417	9253	7312	4460	17443	13276	11035	1418	8776	11750	12458	16187	4360	3766	3269	5187	14488	13519	5779	13958	17458	4893	13074	2495	20133	10824	9973	17836	13626	11024	15589	9269	13957	16567	17740	11338	17474	14549	16565	10837	2441	11678	3663	12924	14031	19073	4831	4261	5537	14713	17758	12883	18174	14083	11039	7378	10031	5608	3099	6689	12431	7555	19333	12930	19066	19154	6176	4747	7574	15616	18062	6164	15146	7676	15406	8522	11511	17989	8559	735	14151	12850	14506	5830	282	16938	4182	5770	17712	10159	16682	6489	15334
1779	159	16050	4204	1051	2422	1596	2284	8607	10459	14993	1677	16183	1644	9920	7314	2786	3044	7441	12217	7082	18699	18531	810	3172	19063	19532	8286	5547	13981	18600	19381	6677	6850	19189	14518	5080	18916	14892	9738	10353	19595	7958	5932	7284	8458	4393	16401	34	16904	3953	14556	18736	18766	7235	17824	9399	5612	16953	3994	2529	19474	14887	5225	8028	1248	20171	12916	7111	16780	4110	7832	6500	18396	7912	17634	5755	6519	15757	7184	7539	983	8403	15563	16733	17296	9653	862	188	13288	19189	16316	14544	4152	6683	16173	19022	10687	509	10376
10684	18908	11338	18590	18239	8447	8001	16471	5421	11754	13674	7526	11280	19566	8678	5960	9397	13812	4939	4480	5371	14946	5496	10477	136	18774	8343	9125	5683	14327	6054	14425	1085	17000	11982	11248	15648	1972	13755	5800	6234	502	17466	7308	8253	13062	18038	20094	13389	5812	10963	17587	18475	13661	9817	13753	6411	3372	5638	15847	13340	16232	12132	7413	14745	368	16388	2498	10188	14288	12106	2609	2608	4161	12230	395	1976	4496	60	9418	13812	10457	5026	3565	3201	3026	6446	15005	6955	6035	15423	2774	14688	12426	13394	11611	12126	4276	531	9328
18095	13821	8857	11233	16360	18875	11627	4822	4704	15549	4534	14248	5074	17885	10595	2248	5893	5583	13498	8823	18817	19683	13471	14186	9157	576	14999	11248	13365	14871	8049	9023	7784	14544	12804	15844	3498	5975	7444	15245	8474	9450	9708	15675	7758	11585	15082	5231	14154	10596	11642	10396	15421	16095	5253	18781	8732	636	14053	7976	3315	6962	16657	17958	8193	2735	9800	3198	9099	778	16148	18477	14808	14149	6009	9749	6081	3894	14678	11031	18131	4493	19904	3060	18329	18960	2575	6647	17579	9188	6467	6482	13734	15979	10168	5381	11686	14795	7634	20108
7975	5338	114	15684	15862	8912	1321	2896	11971	4733	16163	12439	526	9097	19123	19931	664	11223	7546	4354	13930	6303	16634	1685	840	12504	19174	1887	19205	5136	102	8921	6742	9793	15770	18931	11833	6005	18325	19462	10320	19634	1907	15277	9950	4002	12149	5402	8752	16397	5414	15000	3594	6686	9422	1677	12091	7830	4915	3272	19996	19736	3915	18421	7877	13918	15171	17895	7594	18466	18581	6842	3723	9160	13178	490	7918	6274	16170	17193	2468	10806	14500	512	18466	2914	8499	19301	2710	322	8984	967	4151	8956	18745	7235	13945	0	4486	2255
9895	13914	5011	5967	9064	7670	8456	2655	15285	12074	6789	13069	5754	5675	2399	12396	1663	4340	3329	18442	6705	4255	12492	8710	1402	11941	188	625	12836	12016	14572	11606	8116	8557	16379	3683	13706	12947	5919	2128	4328	15347	13753	18740	158	8934	609	2803	12288	9028	7027	8643	12848	7540	18740	6784	326	2602	19088	10732	19720	19629	11336	3165	11775	2002	10343	1819	10173	12537	17430	8761	5657	6075	6704	1942	4686	4570	3645	3114	1584	9388	10001	6998	17383	12787	16666	6252	12530	3506	12602	11452	11404	16954	13543	16595	521	5547	18095	8214
18605	5724	8816	18854	5719	18779	7130	12998	18622	10497	9817	4016	18030	20162	18002	4277	1660	11691	15840	10933	1122	14713	14501	7748	4811	6116	7846	4219	11945	12982	2248	9818	10222	19427	19292	15690	10189	11929	11748	12955	7517	18751	6281	1598	10545	5871	3895	2157	9252	8161	13009	4737	12363	3943	8094	10595	9926	4802	6539	4074	1334	7729	9270	10636	2541	4752	4054	7783	5584	5642	19271	7133	6927	4783	550	17189	18979	14410	12217	10222	4752	13790	19741	483	17430	1840	13433	13553	16827	14077	11711	6972	10047	15767	316	18350	6380	15424	12898	11133
6098	5442	2871	7285	9088	10652	4510	4476	18250	2298	19538	7826	13889	7968	2067	4503	19117	19270	14531	14637	13268	12273	1433	3809	1847	9180	161	9362	5988	14280	11772	17245	16258	18960	4230	514	8719	19368	4482	17530	11657	13003	16178	5496	2223	13144	236	18736	2870	14519	14057	9952	12934	13319	4778	12888	7527	7586	1122	17784	4311	14444	7428	9863	11871	16108	16853	19820	4016	1650	3846	13364	5837	7238	10506	19069	4269	16088	16020	16377	8635	11644	2358	4390	7925	5316	14424	10694	5346	5414	15964	9519	9434	19742	14492	6249	13291	12276	5825	3716
9055	7075	1616	5274	5937	4692	3606	11262	19577	2844	13771	3531	19131	16995	1891	8827	8134	7505	16889	12927	4411	10431	111	3825	10373	9407	3750	14430	9394	1147	10028	531	17947	15863	11226	19825	4586	5164	18132	7032	16590	12869	1973	16275	15377	20021	6621	3762	13147	7722	8948	11700	604	6975	11925	13584	12558	8899	19976	7334	14808	7788	18569	14249	6784	1452	18442	212	3473	1947	1875	13746	8077	13924	6338	3841	6054	7349	15138	12250	9131	16201	1141	11293	8318	271	2654	11500	5701	19326	10993	5127	17276	15904	10177	253	16819	14544	3746	483
11830	18979	4269	17141	8880	4784	3043	8730	14251	18642	5840	13311	20203	4661	11289	7484	3128	16090	10907	11274	16747	10145	9753	8292	26	3341	9461	14816	8134	10599	9268	20089	15153	17001	15070	16407	14639	19998	6249	14812	11202	13494	2005	3541	3456	16710	1526	13925	17167	8957	13933	7848	6463	16049	19712	13646	8549	15554	12527	4264	14748	1918	7166	4914	16354	1169	18657	7929	3507	18284	6347	3248	2692	3189	8565	18114	9495	16903	16462	8992	17545	4702	7762	20208	9204	7988	16284	15481	20042	14747	7318	8390	13873	2957	19412	4250	6622	2496	4790	19321
14319	460	5591	4224	3620	1265	4783	3377	9498	11952	16413	4742	15357	1526	9163	895	11990	1059	19921	5633	6816	15164	13323	12866	1887	15946	20013	8720	8446	1725	3273	3377	13260	895	5285	13011	6142	14592	7517	13131	19032	12481	4189	20167	361	9047	3770	4228	10142	1080	9735	3203	14588	9262	20158	15753	11505	11993	11788	11743	11691	1083	15590	17031	14618	14084	13538	18312	5323	2593	10173	14852	13807	1753	15166	4503	15871	17793	12823	11993	5379	15588	12945	10187	14289	9416	16079	11763	7963	5645	13596	8900	4892	18392	6971	19927	5521	2148	1662	13496
14527	16801	19279	19585	15797	7826	13017	5424	12079	6702	19881	345	9748	13561	13622	5067	166	1717	7730	9502	8517	6577	8917	3482	19276	14149	7891	2207	11296	5959	12207	19373	11622	17058	17365	17403	9427	18947	12421	13023	15849	8092	19160	14893	16352	13122	16484	12126	13436	82	365	11191	19223	15103	1243	16049	8279	19241	2755	2986	5310	14420	18777	13923	6667	8910	10247	15616	18280	2381	10899	8062	8119	13502	16136	11924	17040	448	8796	17785	6621	7674	10477	3606	17434	8467	11945	17658	5953	18911	862	1556	3713	13562	4778	6932	13907	3817	5209	7478
15923	8951	8747	6783	4977	11182	11404	15282	3329	4855	18216	17506	11739	2223	2915	7634	20009	16007	1193	17959	19193	2972	10865	18718	3036	15078	16858	2956	9273	4111	6624	10820	15297	11509	20185	19429	15150	18043	1543	18661	127	3132	15692	11820	15198	8816	235	370	4267	2751	18992	11112	14839	16586	8500	99	13889	17643	2434	3597	13315	11971	5389	19458	13218	11965	7014	3618	2260	5304	11919	8693	17901	9458	5300	32	18114	12803	17208	6132	9433	16771	18896	3546	19913	3028	2146	6464	8012	19463	6575	16426	14625	9351	7975	19773	16461	13559	19220	20014
3926	10891	4408	19513	11286	981	15955	5637	8059	5732	18536	10651	12237	6702	154	558	7629	16156	11155	5292	5488	5636	930	15273	12570	2222	18741	15721	1048	13062	16755	14731	8324	14656	11933	12615	17646	10323	8862	8349	10677	17521	9036	18720	1677	1843	7443	20151	10065	9359	16728	6683	12896	17104	3195	1481	16457	10373	16213	7382	18442	19032	14761	6844	19400	17282	8367	7588	17779	2864	18162	9065	4450	7387	16316	17521	16290	6855	14718	9772	16090	13055	18277	15477	11072	6124	15462	8578	6900	13361	3228	16188	13721	817	9830	6580	15131	3969	14121	15508
3602	15982	15282	14605	3006	5523	2269	9589	2111	9345	12556	1870	12721	14521	6983	912	11256	19280	10339	6613	4562	10277	5339	12296	10329	4198	140	12154	12359	12070	9853	17802	4880	12182	17122	15432	14726	3602	1994	6371	14672	11971	20171	18157	16908	4646	15498	13923	17411	12166	5637	12888	17064	470	8218	18696	8265	6209	13321	6075	11485	6786	14012	9906	6672	3576	339	56	14182	11115	6500	2281	17031	11845	7802	5125	4791	5457	4898	1524	17911	11846	7443	14176	1134	17586	19904	13235	15979	6511	17838	19877	8079	19481	5291	7808	16474	3499	13097	10686
15976	1730	15314	19757	18871	12336	16110	3444	419	10122	11856	5986	9207	18890	4378	3644	19733	7506	14989	6944	15779	17785	3012	15117	13548	117	13894	6753	7059	1083	5924	19855	10534	3539	15165	16616	16553	14001	19237	7967	7336	16962	11526	10218	18860	10984	12849	7720	5669	8068	12858	5080	14870	3329	10029	9307	17019	3196	20206	3536	6047	4772	15832	8390	12053	9688	16587	400	19731	20147	11950	14913	3232	18980	265	1803	17870	8019	8816	552	16870	14697	5600	3966	15234	15870	3832	6613	15620	1563	7820	17554	14745	13392	3529	18042	7634	3849	400	338
19598	3929	10052	4635	4407	19825	15064	1415	1752	6838	14713	13700	8912	3796	4299	3763	11218	14848	8730	6309	2713	16119	14964	17546	4848	2986	3879	20054	14728	8179	19268	11990	15207	5111	1822	19243	16174	12321	487	17319	15746	9087	13581	14709	19251	20156	18618	15689	1988	3020	9396	2524	4989	10182	7573	1206	5679	19116	8879	1267	5599	2105	5717	14527	19317	16182	18629	1712	6263	11688	6414	20152	4109	2431	15911	4683	7441	19358	17333	10699	4341	4460	12925	4088	18412	12989	12240	4022	8819	1265	5275	13604	17844	6760	15568	16866	16254	17945	2643	17618
1958	16667	14343	12699	8236	12782	771	13684	11536	4570	13399	478	2767	4276	6107	3281	5470	2488	19743	4261	18329	15243	1651	17530	20100	15066	9616	2251	14045	4386	18511	2041	7481	18143	18311	3456	6337	10300	3832	20176	13948	7386	12132	15459	10785	19900	15099	14251	18357	4117	3114	9731	2520	11827	8269	7356	9416	17270	11313	3066	14658	11466	10047	9926	17902	4862	12846	9402	15797	11039	2528	13276	7358	15144	9230	221	10853	11045	4938	2260	11961	6802	15550	17981	596	11548	19509	15945	221	12946	19737	2520	4024	19079	11522	3272	10924	18228	14114	12923
16700	15560	16783	2868	15101	11971	15216	14918	13351	12237	13203	13072	17037	18103	9709	5916	10840	1808	14033	19380	17906	8201	18696	14551	2997	7436	11645	10434	809	11390	10247	1355	14748	8862	2279	2056	654	6342	4275	8711	19710	7473	19566	9061	4321	8480	9662	4623	7753	10498	5696	8110	15169	17019	5546	2936	16245	5222	4521	12694	602	17117	3223	13460	8407	10623	12275	10964	8381	7544	18909	13508	17959	2857	2916	1241	2734	5413	6217	19171	13750	9493	1976	4551	6058	10860	5043	16856	17227	2569	16342	1016	19695	17959	16416	17400	5696	16362	5643	17964
3832	6759	16757	19457	5962	11606	4028	16593	11317	16109	16263	18923	12692	19292	2700	2526	3623	5478	14756	20142	20020	13376	1315	10241	8015	8209	11945	11247	10692	258	2064	12465	14129	6288	10189	11	15891	15727	10113	8296	7080	2175	9109	11189	18291	3533	11060	1788	7832	16218	8725	14521	3769	13731	14129	13558	12980	16963	17859	19066	13850	2289	3803	2160	19532	2576	13392	16264	16119	12409	13924	15590	17118	3304	13484	787	9184	20076	17055	10427	13039	5675	860	3839	4119	2540	18500	20146	2079	10903	9837	18640	4465	8506	19286	18341	16499	646	12467	5116
2158	321	10992	20167	5346	18678	10177	20003	19820	8048	10770	15260	3751	5517	18722	732	12927	10806	5575	4088	18647	5182	3403	12119	17376	1021	18093	14752	5775	10879	8782	7553	6794	1596	8154	8044	18860	16791	4359	14424	17389	5363	14817	18687	3990	1796	4957	823	717	4501	1849	17265	7605	14027	6263	4755	2745	10565	6647	16655	16554	2733	3954	2948	12667	9040	1185	11190	7957	3425	12278	8191	2233	18541	17345	16898	3026	15384	12999	6981	1486	13140	18037	10912	5022	1311	7173	7450	13741	13851	5271	12204	12941	1171	3214	10512	10981	14846	13757	19574
4332	9768	6775	5746	13628	477	12373	16548	4082	5938	4501	17635	8468	16038	9314	9367	12076	16030	18359	18667	5962	13617	8934	15660	16124	6289	6287	10119	20086	16712	2111	5600	6575	2275	1778	18019	18964	789	16868	5805	9952	19257	2858	748	5055	7768	3696	18068	7665	15259	5646	8081	12872	6420	16171	7733	15639	16773	3068	18600	12050	10842	2924	6232	6035	18469	16344	1150	2541	8680	17193	13957	6484	4699	3404	14210	10982	11520	15216	14681	18102	14379	7963	619	7651	16358	2458	8642	5500	16725	7874	3674	13123	15889	13358	9735	6902	13245	7007	5805
18947	3597	3788	19228	6135	4353	10803	2171	11941	4758	4879	6093	18368	13361	2755	770	7434	12357	6291	14060	11051	17117	137	6186	8488	14921	6028	4684	1014	13343	6673	9985	10584	755	1840	6838	15199	4026	1113	3351	19509	9618	13536	8779	12186	14628	17104	11190	5949	7336	4674	836	555	5828	808	14204	11170	1488	7698	4083	13508	6957	19193	19836	12786	16190	2679	1867	19684	1356	10748	5868	11090	17153	16792	18868	18329	8474	13176	8089	14273	4402	19720	3211	1631	10280	8454	15779	14569	14896	18361	1264	11245	16292	13068	5921	7708	8109	11245	10194
6732	11417	4549	5415	20193	188	2917	1411	6201	14756	19140	11816	6331	5418	13865	17966	13389	17567	19602	7798	4803	5646	14048	17785	13166	19801	13438	6592	774	12074	1891	2477	9056	3519	9000	18038	3802	19509	9446	9893	10786	15520	15945	16805	13309	7356	13692	5620	532	13366	18845	6999	3719	5922	10739	14196	16595	6355	10811	15000	10477	14821	13732	15370	2588	9815	12721	7475	3966	17475	14874	20045	3547	16910	3983	2807	8980	3220	894	17798	17569	5639	1110	9336	10161	6270	16249	3593	2920	8121	10591	16380	4086	3128	423	9653	5440	2679	13470	5529
17651	5017	4500	4812	15928	16847	206	16725	19164	17905	1349	20175	10983	19638	6140	12170	17720	11135	15148	8002	59	15365	9717	4898	6721	11097	6281	639	19251	16810	3294	14345	16176	1353	11640	5393	14367	5066	9807	15035	16026	10685	8954	8071	6709	1793	11005	16730	13613	8386	1778	19832	12469	5497	17485	3377	10430	13891	5823	16851	9333	13003	1979	15116	7544	17642	11623	18650	6837	1428	3853	10821	5716	17679	7864	1579	6310	13601	9467	19804	14054	13127	12823	9807	6731	18845	8914	4072	8182	13243	18368	5764	4811	6037	20023	18072	18868	19755	6035	9857
1206	12936	17082	13058	14778	3484	18908	688	624	6765	18163	20062	4326	19820	6928	11318	20082	19504	5261	5069	12373	16647	5889	18381	1996	445	11117	15699	13837	16672	690	4063	13377	9863	1264	2507	13508	170	250	5627	19660	8355	9671	15676	14364	1207	15204	2896	15293	9834	5765	443	7359	15957	13515	11834	17673	1893	4121	9441	12657	7170	17101	12803	8360	10272	14323	14458	11087	14896	16436	19699	8486	1143	13386	8619	13735	11779	1499	10451	8565	7500	10845	177	13702	19280	11412	9065	13214	313	20129	3023	10183	387	828	1322	15647	18458	14546	12860
4763	412	5157	10332	6360	9154	306	18498	4738	1709	14233	11642	20051	19772	14225	16114	18031	2746	6809	19310	4819	17304	15505	19167	19461	4182	343	12311	11279	3813	10047	14444	1288	14949	12182	5261	3722	18884	1084	883	3059	17389	4832	16856	44	1567	6746	8438	4233	5696	17370	19865	4731	3473	14240	777	9449	5202	18163	17748	6552	10151	4653	7872	9027	15969	16110	11112	14174	20187	10151	16837	6348	9069	6034	1517	11217	19292	17249	10411	20032	7665	4189	8381	15505	2890	10938	9163	17681	11531	623	2366	17255	17091	17882	4439	2637	7517	12786	15322
7585	10633	14518	3416	13533	13807	8665	16697	16627	7305	12382	18948	19429	982	12738	11617	18360	13829	10826	12167	11508	19744	9841	12102	4696	14986	1482	18736	8730	3535	7534	4903	19071	1709	7290	4921	15844	19950	9567	4686	6673	4362	5889	13479	6392	3124	6182	11657	5569	16073	8051	13996	3029	4746	17859	11045	8094	10738	5990	5299	8570	19885	14682	8009	6812	6187	4311	683	16088	11780	11663	438	7396	19498	6248	11406	1760	17046	13866	15041	19636	11779	11666	11190	16320	15243	4816	1776	12296	13163	9514	6359	2502	19366	12599	13030	924	17402	17912	11860
4873	2355	8549	5201	4124	11493	18586	6087	16376	9590	5117	13222	8677	8523	18250	318	20048	10017	6914	17381	7408	7564	1672	7484	19292	14761	4139	20162	9403	19353	6098	13596	7675	11138	9080	7524	3572	16910	11980	8292	1528	19908	13424	14413	8662	7305	3506	3010	9382	197	3593	7102	9707	10785	11254	9595	16598	3193	5984	11708	14187	13386	6246	17714	7270	2978	1961	18831	17677	1722	18682	7857	16109	15520	12925	12822	7863	14834	888	4904	8421	11545	2730	14324	17246	13013	14959	17501	2783	20062	1352	14240	12425	12729	7492	18725	10596	10120	17377	7789
2434	2593	19330	9484	2892	10764	15519	8798	9002	13663	10900	10766	7734	16729	10779	2882	16344	13260	5551	1816	8531	857	7877	10040	14647	15485	2391	3089	8188	243	6982	1164	3410	17921	18639	417	3164	4165	1534	467	3526	1509	11528	1684	12057	5554	15897	13806	15600	10558	7260	10719	19992	8964	4938	5560	6961	1690	13889	1644	7124	16729	15834	5767	8552	1418	7976	6347	17251	18501	1938	10085	5219	4192	15637	8578	14027	6550	8419	1842	13671	6014	8390	12749	8731	19609	18643	4796	8570	8427	136	17309	18026	17561	18097	13999	8812	11449	17223	6971
7310	13247	5056	11945	10139	4423	16206	494	7779	19172	15778	5834	12185	16645	16651	17416	13394	3716	8204	18517	5313	17876	6687	2751	18708	14015	2093	8079	4139	13648	8742	3798	3466	6999	1972	11419	18445	19688	17014	2599	7957	20149	16308	1924	1870	1463	694	12403	10099	17051	9218	3694	1565	2990	6645	13438	8541	3035	18982	2624	12167	3946	6483	4709	6986	18528	11597	6561	14501	8869	5795	6958	19850	9475	45	5681	14794	8278	2652	18500	5434	9282	7528	3645	7019	9202	15890	13368	12837	17981	11531	12232	15892	20091	16671	6185	19221	18216	11910	8370
17139	17961	5354	14613	19057	6689	5711	15377	5354	13616	2441	8770	6304	4150	14917	12074	18392	7992	4942	20116	13734	11839	619	4500	14757	16406	12807	11830	2803	12001	965	3416	6080	8262	16645	6856	10599	922	9631	1870	11373	12758	19575	703	14519	8850	13557	5178	9782	2500	12062	8483	12888	11058	6065	11290	11308	13482	1033	14632	10188	16224	1242	760	2787	8089	19511	4109	8990	11566	16744	3976	3388	8981	108	2699	7346	5623	14858	14605	9865	14099	14981	18586	12934	7031	2457	16998	5022	2786	715	13822	9071	9716	14721	18966	2187	12273	9374	603
7575	12955	4487	4594	15581	14615	6164	8299	991	2820	19498	6676	40	850	9410	17556	9202	17148	4235	18232	16142	3448	3799	296	5891	18200	15368	2248	1858	14179	650	10070	18266	11544	11200	18538	19110	15961	12811	199	13525	9290	13394	19017	9589	10229	9576	2556	6657	1677	4942	17469	15519	3907	7472	14372	15340	13593	5951	17854	18246	10813	14206	13597	2383	16175	13042	7776	11550	3076	1398	9038	13326	8419	18028	18360	6846	10049	502	8260	10210	4671	7632	8691	13701	11851	18657	12229	17864	8789	3483	2203	9331	10141	5968	8112	4983	2744	18232	9345
5347	15686	16169	5292	4052	19690	4466	16359	5709	16703	11753	25	15615	14114	14614	18237	14082	16522	16676	17782	5821	8123	17481	8471	2128	8902	10072	5066	13169	3132	14231	600	16770	10159	4578	2669	18793	1701	14644	11316	1831	10842	10883	5438	13805	887	12270	2102	449	20110	14675	12791	16700	18098	9172	19006	18366	2549	13865	595	4725	10569	10166	5804	9087	11303	8671	18768	9223	19890	5786	5893	17586	195	2929	18628	4312	4352	11795	13123	7588	4686	13936	18714	20048	11846	19513	1954	6519	18152	4886	17875	3813	20119	2356	11694	9135	17560	11637	10595
9971	12052	2011	5233	11180	18470	17642	17901	13525	12946	1641	12252	9177	3684	17304	9327	1067	15673	18433	11976	17391	4531	6598	5087	4468	13901	14804	15096	9644	16715	9406	11398	56	11049	4636	11360	12433	6105	7296	18517	14469	13055	8974	6811	2053	15401	11459	3859	11353	18339	4542	4381	6497	16729	14552	2366	13366	9922	5078	15898	2612	4904	16862	13893	8846	14430	8899	338	17625	16851	7836	5926	18562	19421	7282	17885	17625	9253	6131	18134	1126	18236	9422	75	1921	15815	16760	9779	14430	11493	8080	4755	17174	10978	19566	7427	4477	14174	1821	14609
8310	8729	262	9253	12364	8951	2004	5867	17530	7501	5368	10970	468	7671	9588	18090	3928	1085	9921	17438	10552	16125	16203	13550	1571	18946	17433	16400	3749	13049	4997	8552	4987	4815	2236	13362	19808	11191	18445	5151	19093	15101	7385	8570	7560	941	15296	17038	10980	12321	11256	9209	15985	16757	11094	13976	17625	2894	7844	2676	4501	2680	7264	18472	8349	11161	17833	2251	2593	12178	6468	1729	17094	1297	19994	10737	19544	16810	5952	4845	6580	16082	1631	3604	14917	15864	17913	10187	1729	10581	375	7588	9652	8824	4054	13399	5177	10506	10799	3172
10937	12405	11279	1498	10085	1359	10774	12237	13987	13040	10453	15824	10273	4717	11366	14401	6201	2056	13465	4201	17918	12253	56	18459	7958	19004	4161	18890	2404	15739	14900	12858	15534	5388	8566	1299	517	16142	19261	10728	9333	676	16013	18781	18408	8180	18113	17909	18774	4380	17914	19015	13002	1549	3004	14610	19980	17373	17001	6861	3899	11589	17535	19437	14519	14153	1502	18387	5843	3756	3085	15676	8643	8569	15628	5389	8713	6639	19760	12210	15764	6972	9470	12070	9652	6972	5202	8782	5369	12076	17397	19928	13375	19715	8343	1417	13418	1703	15811	18681
10879	19519	4029	18725	13394	8677	1568	12461	4036	3073	5716	13287	1948	19663	7528	8902	5868	15936	10018	17178	16173	3018	15179	16336	11225	7954	19078	1567	18127	8325	16321	8846	10443	11637	10482	11482	2507	16284	7432	1727	15069	17588	9156	10370	11414	19071	7165	17727	1090	14550	14248	19797	18986	11349	16675	16575	13795	4476	5425	2254	18032	5621	6224	12217	800	13241	14585	10169	2118	18919	10165	9829	4299	7346	1081	1804	2146	19593	676	10438	1854	8724	6104	6577	8407	4029	14154	18533	11784	17679	8180	1660	9453	10100	8172	10323	7182	6944	15756	547
8369	11637	2786	13472	18734	4892	996	13147	15564	17912	17681	14221	7035	18250	12733	16781	1161	3281	7729	9493	19747	11545	8574	13090	4217	14479	8657	13147	13456	3498	1586	2920	19973	15370	10614	16270	13923	18367	3702	17424	4457	14393	12650	6500	5898	18316	563	3486	13987	19806	9765	7307	4478	18565	4277	9404	1586	19431	6358	2783	19636	18310	6058	10003	919	9508	2660	19690	312	1582	17775	2962	5668	2118	11819	13852	7329	4477	6275	2284	11703	13452	13211	16311	14549	10319	15271	13321	5000	15500	18738	10860	17205	15626	5310	6352	8506	18424	18766	582
3133	14834	13453	16962	4109	6285	11170	6058	13644	6657	2436	6467	19161	6351	13658	12025	8599	19305	12412	19508	4028	10800	7187	8570	2379	8870	5916	4783	12237	4810	4551	15148	7285	2209	16469	11062	14000	14900	4291	18844	1250	14788	6304	7333	9562	2088	11466	5940	15866	7555	6467	15549	19796	18297	8694	342	9600	9502	4561	10043	18652	9520	18212	14764	12580	8574	6764	1383	239	13140	5421	15331	4050	18678	15209	10210	15023	14976	13980	6684	17870	18102	10011	6477	10263	1379	15616	11597	17261	12790	18841	140	1500	7560	3701	17754	13045	11130	18131	6998
940	16117	11245	4054	6774	4419	383	11941	18809	3643	15559	4196	12826	7459	7003	13203	10074	19922	1641	7240	9443	2841	6586	18765	3391	15353	19218	3581	19697	18808	11799	11092	10323	13235	19886	3799	5652	8999	13062	10685	15282	2662	5022	10652	9699	591	4475	10777	5783	2564	4396	6283	14885	8528	127	7935	14149	5487	3767	6252	11760	7349	4911	4153	17295	5109	5208	11987	18874	4326	9926	7511	1302	5935	14967	19665	2175	9106	8373	14513	19730	20170	10426	16461	4080	1132	10295	12864	17	10738	16708	3044	18422	7767	13856	19571	5112	14549	5257	10482
18682	17604	527	19957	12030	5968	9562	13746	10907	18035	9470	7173	17135	10139	2207	10227	6115	15065	3580	17455	17804	3262	5414	14609	4835	10697	10491	15964	11826	3022	13815	17052	3299	13734	17553	399	10338	12981	8724	19595	13647	12687	216	19102	1046	9231	18844	11444	14444	19534	740	732	6105	18323	15716	13603	15650	10319	493	11576	8193	8998	7265	11327	18130	4199	4653	2644	16248	3679	14539	16120	6307	13701	16254	14380	6623	19541	6253	6575	813	13120	16238	1189	6403	17250	5227	18808	14208	19614	13701	3207	4804	16151	14143	13509	2415	5357	8099	6936
122	6671	345	10716	6080	16043	19576	14265	10066	5384	19148	10911	15634	13492	4489	9479	4723	18188	2609	10233	7815	10044	5483	2404	12592	2269	18448	1600	801	20166	15797	15880	17781	17191	2059	17587	16917	20208	4923	6782	15942	15010	15374	7585	16732	10426	3437	6187	18779	14095	12288	10121	3691	18396	14273	12320	12458	2964	15960	9484	19928	594	9889	17373	12182	16828	9038	18237	10581	5436	19084	15173	11748	7253	14782	9635	644	10500	19230	1978	20011	10515	14049	4769	20151	14536	1294	11896	14858	10596	14986	16470	15278	15727	9251	16516	6958	4855	8730	4186
943	18448	855	12617	155	4264	2266	13634	6913	10066	9204	12210	8916	15648	5825	19057	6938	15881	17327	7388	931	10516	18224	290	1959	17660	1046	15749	1346	4	13405	10950	9158	17310	10423	3484	1328	3354	18875	7743	9231	17019	11794	19218	3070	6113	12707	2376	4322	16505	12347	18293	11070	20061	6295	6081	14892	4898	16239	7849	19066	7308	6352	11839	6295	3466	13013	2531	5611	12668	19552	11247	16031	19400	16567	658	15037	15318	3838	16552	8760	3610	3444	13698	9914	9188	18707	15009	82	12136	7710	576	5891	4303	15631	11974	18040	8442	4511	14664
2385	8358	11275	13831	11646	9820	8128	10559	6376	10900	17272	5346	8059	14283	10103	14293	9486	16565	10104	18434	4961	2834	3603	840	8035	12804	14773	16327	17991	1382	15434	13599	7524	11670	18849	258	16125	7496	16238	17656	19682	6463	4014	17588	16153	4644	19321	14618	17864	19287	12612	19180	17312	12862	859	19102	16647	15162	1990	11500	4343	19086	13153	15984	8776	11711	7396	6647	8968	16871	9751	18468	11133	11689	16754	5561	316	1760	18177	11058	15520	19695	6064	11312	19678	18962	9436	18445	6219	19682	9108	16617	2003	16224	12871	12964	20151	9841	16409	8690
14752	19935	12643	15280	16352	8921	3275	8318	1771	3531	12932	12378	7235	19487	16974	13481	8703	7178	2123	10748	6500	8138	2271	1651	15685	17927	5354	14758	16754	2808	18765	11638	3341	5384	3604	16723	18720	19606	14572	14365	10183	17555	4263	2441	10183	12003	14623	4473	394	3635	1810	8304	9974	17319	6496	6252	2883	18631	8138	5686	8902	10900	7765	14418	9307	10319	4018	4264	7556	2478	14590	1678	1307	826	6366	14729	19005	18237	3463	19889	19380	15691	8045	7297	3071	8914	3689	4034	11618	1508	181	15950	15518	841	18359	14892	11863	8571	14551	4774
12339	13944	7500	2342	1251	4188	16835	4452	17022	18320	808	13900	2984	17975	7012	14647	17302	7836	12812	14709	10260	5116	14852	15353	1827	5254	18766	8686	11412	7848	19649	18586	11758	3456	1137	7336	16908	13732	5959	9538	18501	7292	11236	7353	16958	4434	2916	16937	16061	15320	8528	8474	17163	8330	18131	10742	13554	18615	9547	19401	10649	18090	13088	3181	19535	8049	10516	5267	13663	8964	1916	20206	8981	8574	15134	6719	19496	2457	19875	13728	10673	19375	13037	10458	9386	1275	2005	20196	17432	1849	3472	19796	9107	3482	13749	11280	8460	8488	2150	3830
12623	6498	14331	10276	8854	16246	8282	8956	18953	14922	4764	3482	13376	1134	12780	14391	4771	14406	120	13856	17360	7501	17312	7700	9079	15599	4603	10924	6035	9425	15202	14904	11670	15356	12968	5288	19525	5838	13114	14369	16275	6862	4344	9760	8078	11141	7437	1266	10543	6708	8215	8253	5338	7891	7290	11119	3944	2404	18911	13435	12567	15102	4133	5790	2540	12925	10559	20002	4778	404	2220	9017	15244	2268	5219	13354	6661	1010	17812	711	1403	12545	9749	17871	17681	3580	12276	1436	11677	16330	1261	4661	8577	14049	12468	18082	11581	5049	1677	14102
8989	3566	6202	302	18216	5681	13013	2232	2207	17346	1152	9861	16012	6904	1847	8125	1892	4823	7376	13401	10275	4773	12091	2659	11628	11160	14858	7216	10746	13143	17296	10960	8059	17563	18014	996	10547	5663	6106	9992	15377	18953	11668	3315	19556	6601	11016	4154	6890	6211	10569	11288	4509	8606	16721	5592	10917	367	1654	1283	17419	17360	17110	16653	11645	19866	6731	19695	15996	1485	8609	8035	7441	760	8574	5910	6708	8773	6161	2341	13939	981	10802	1885	636	18823	16364	14852	5	8247	19938	1961	759	6693	8295	6121	16400	3232	19532	8974
6362	3079	10622	8182	16757	7393	18835	12868	16791	15721	17141	8443	3145	18632	15607	18854	15244	14444	6746	2709	17614	10587	9523	18575	16709	1730	15672	18006	15118	334	15977	17518	19038	13276	12021	18494	16613	12333	18718	4073	14921	18589	5348	5976	8643	7568	4590	9335	3575	7322	12224	14619	3193	2963	13653	1378	2988	3060	10730	11979	18147	8275	16737	10770	6106	7155	19611	18232	6192	12470	2501	15076	2222	10194	2192	924	2914	1365	17793	771	2718	13701	18175	16425	16593	12504	12857	10840	8234	1868	8574	8891	8738	1974	12126	5746	4453	14590	6842	9865
3603	2367	10000	5983	6990	5988	14848	17824	3964	7563	15511	11277	16873	10944	850	18590	7928	18781	1768	9797	14206	16869	5799	13362	10295	7071	8254	8761	9997	1126	17479	12853	1295	6405	11185	3362	4686	1515	3025	4733	19069	19931	12800	4883	13120	2056	12838	2506	17024	10555	8017	10725	3993	10734	6790	4889	7493	9628	6096	18813	10196	3357	17918	12283	18368	14284	4897	5922	1526	15373	16968	19162	10732	4428	9915	1163	2917	11794	2807	3830	19028	8260	18103	12673	815	1110	17890	12026	15070	4191	6941	17166	11941	5941	6771	16440	18084	3579	2434	17345
17664	52	6598	16715	711	19623	15129	11919	16178	7379	19855	721	17094	15459	5563	11351	10942	13109	15654	16013	2850	6484	17480	2759	7366	12247	1164	9667	9119	8965	4418	18884	3001	14266	9319	4139	18534	14708	15065	10967	927	16050	19180	8953	54	9607	5475	12	5418	16579	11377	13750	18503	9181	2782	17014	3533	8736	16409	6519	5393	19317	2553	8279	2024	18653	855	19557	17420	11135	20099	14311	5941	10792	642	20066	11471	13910	17441	17355	19265	2193	6942	6220	16501	14591	14893	17453	19656	9766	14546	15409	3526	19564	10892	4407	15648	10692	19856	16052
1651	14312	3602	10726	14311	15217	5897	10113	13154	10333	14220	20070	8138	2806	12823	19620	9446	19030	4774	13141	19028	840	8806	17939	6952	1862	7356	773	7294	261	18311	3096	10698	8742	741	19576	19030	7832	14668	13758	8882	13524	18266	4415	14417	7094	11800	1999	2582	15066	678	13058	12405	2661	3030	17759	14979	12837	13505	10837	4570	12464	338	2011	4129	20039	12729	12051	7698	4824	2392	9854	2046	10922	16671	1481	13837	2384	6542	12204	8027	715	19489	1051	15743	19642	14624	7351	9333	17827	5429	16806	11551	9435	6461	10173	15117	6202	9464	102
15571	5868	15368	16755	13590	12910	17018	62	17085	15878	15611	2428	11392	15844	19640	6234	11792	19558	10841	15259	14276	9081	483	15047	5476	16198	179	20187	14913	17639	9219	15560	15986	7071	4725	15503	11416	14883	17496	8810	4499	4738	8942	7703	18112	16602	12652	2220	8531	13125	8738	1969	10979	3546	7414	1421	16775	14156	10035	12411	2994	7237	801	9588	9769	3597	1414	6117	5709	15618	12618	19022	3061	7976	15985	18216	18293	7902	4458	9230	8641	6514	8827	5354	4831	2699	9192	4231	9899	16220	8806	1892	13581	5884	5441	9123	11268	12390	18171	19386
4435	102	20007	10946	18713	2405	7373	6121	6034	14610	859	17769	1893	5986	12477	8897	712	11812	16952	17947	14617	1742	9304	3754	11416	236	19557	18988	1561	15764	19318	12934	3473	14840	16476	11932	12853	15628	6689	7346	17744	2092	18082	7183	10639	1010	15714	741	20028	18590	10901	207	18929	10995	15632	883	18838	7176	18241	8531	12277	1048	14559	1900	9040	9536	8548	10759	7144	3319	2483	8578	18371	16898	10328	11448	5295	13774	15752	341	12132	7452	5233	16476	12030	3254	17549	18904	11744	10470	4511	17159	3425	5175	6676	15530	9367	19921	17733	18115
8166	14280	8955	10165	16585	18160	10490	7595	16366	11777	1630	1152	8079	2488	16777	15510	7448	14581	5508	7832	4936	18135	11877	9117	1180	6192	17501	9915	822	1542	4246	18536	12048	7601	1092	5003	8704	3546	2835	17751	7719	1918	19032	14635	353	4737	14680	16427	10221	16159	236	13032	17870	108	822	17814	9422	17648	2247	5187	8760	8609	12960	13395	11366	2306	10515	7138	7474	279	3819	5124	15509	16816	4267	6185	17194	11362	18779	10655	4705	11645	7807	14033	693	17728	3335	2	4653	16102	8055	14449	8846	18035	1591	9079	10802	3722	17173	14585
19988	17237	16602	16150	13427	2550	10045	1072	15348	14079	10933	15234	17055	9057	13918	2657	8702	1778	17344	9380	3929	4168	10800	4611	841	19172	5091	910	16080	15405	17301	8604	20020	6061	3749	6849	16699	12252	19168	3341	18498	11589	15010	14082	8038	2993	1717	207	15815	18052	5437	2807	13009	13040	13029	6141	19287	9846	4360	5725	9498	9309	166	7853	19457	2750	12638	16305	7576	3788	15577	17300	7854	7196	6663	3324	16653	15404	15112	2459	11157	13410	1815	18025	3105	3540	8859	7382	11788	759	10755	16238	449	7134	3191	14782	10001	9096	3937	17552
9142	15547	11829	7589	6600	18315	12190	17968	8107	3972	7196	3025	13947	14340	10034	6939	12189	20131	15616	394	9475	624	5938	9641	6903	1621	14809	14370	10208	5610	10269	8256	2997	15085	11275	10718	9648	3110	17460	5733	5442	13060	3061	10986	10003	10622	11095	8191	16488	17958	8563	4003	13753	11133	8998	13359	13705	15273	13569	17203	4095	54	20047	5038	9963	18466	13713	2955	16633	19330	5577	8831	1395	17852	11105	7162	1875	9717	2443	8342	9033	16133	8987	7686	3974	3293	279	17395	15361	17150	4646	8831	10308	18317	12705	13946	17800	4142	5467	9057
14343	4966	973	8427	15281	12159	2835	1390	5607	12793	3487	4625	14866	10517	5519	15238	3530	10439	15328	4935	13379	1865	3334	13066	16729	1640	10340	10243	9243	3131	18875	14779	5648	7355	3663	12947	10590	7735	19890	13427	9835	17336	14457	17702	3028	1798	4148	8643	18844	6065	17288	8251	20110	10879	13634	15169	8912	17353	4972	1251	2661	654	11585	14714	18271	11436	1398	5749	17973	195	14909	12891	7917	2447	7963	4636	4271	15205	5021	15031	6794	10250	2529	19316	5834	14658	18926	2828	14279	2020	11373	12602	5984	4835	9351	10315	20060	5402	14959	16776
7733	3416	15564	14371	20206	3964	4897	12498	8331	13857	17451	19671	16777	6321	3137	6451	3336	19243	4505	3781	6209	10843	4979	3784	5840	12550	10858	652	1954	14513	7059	17522	6782	18043	14601	1870	17304	4444	15647	4925	9551	7582	10714	400	1720	12643	9221	5529	10533	16077	9376	13843	12633	19072	12982	704	6873	12244	7359	15357	2655	12654	12613	14773	11827	5284	9310	19130	11921	4154	17651	14159	18898	8071	15633	18899	7734	216	14648	3746	10339	16873	3697	12980	10464	5834	4477	16217	13118	12357	6629	3954	15579	16461	18618	5070	16466	11668	7408	2016
3548	4319	6753	12207	10756	19256	19125	7869	170	7320	6085	5431	10022	17939	7446	19657	4713	6789	6708	4915	3268	13598	4046	6352	19459	8049	1137	2347	6033	19615	11376	12621	13317	13008	16593	4469	14852	18556	3814	16848	8782	494	19538	7304	10555	15448	11094	14605	8319	794	13817	8051	7527	20039	17554	17673	12409	406	2453	14583	1295	9253	16797	11321	5090	5656	16642	5643	11644	14848	6108	10533	3215	3315	12476	10611	14287	15609	6454	2195	3875	13441	12475	4759	1365	4228	8236	9919	8879	15479	15243	8255	6238	2133	3121	198	18310	15673	9335	14347
3057	17480	18013	9738	15527	19581	13807	5454	2591	17838	2298	13382	12149	13100	2143	7020	5136	8955	7508	4945	20147	15834	14780	2768	15549	15242	17940	6307	905	13332	8651	17895	18002	8398	2556	1460	5348	14488	6598	5417	2765	11024	12835	17912	5613	595	15360	8480	14335	19222	3188	5120	11348	19756	8103	2864	11087	20021	265	19852	18896	15093	1799	7710	17856	5399	19913	6050	3496	4904	5825	18125	14419	10426	10291	16330	12384	7667	7674	1013	162	2003	15521	17437	4516	16655	18005	4520	7035	11392	10978	8527	10759	13856	5584	6205	963	2338	3095	16432
11952	19898	8548	17338	17550	12571	9736	16276	3747	3060	11303	11048	2515	8215	5658	8268	9404	2650	19805	13143	7837	10109	8856	2682	8995	17075	6892	19777	5426	6289	13903	17165	7266	19176	17042	8727	16306	12034	836	9899	6864	2734	4823	7444	11067	19318	3638	9403	17281	16657	15847	19317	12833	174	15913	14820	9765	2181	5572	2906	3250	7473	659	10548	17548	18679	13100	8662	5167	14946	15579	7275	16531	545	6812	1845	19333	3746	7727	19194	9568	13540	15087	7323	4880	17052	11921	18450	14053	7656	15774	3294	18536	4470	16775	16932	12751	15737	18100	14064
3871	7245	12648	15246	13177	17244	18938	17888	7250	18981	4700	12821	13573	13573	10462	19842	10616	942	15784	14226	18981	19435	7072	19780	17007	18799	18799	6616	7728	13563	19378	15701	3720	942	3871	15701	16130	18455	1926	8583	6701	15018	18544	16624	1320	18799	18544	17888	10080	10898	17244	9377	17557	17244	14360	12565	12921	10616	19378	6710	3871	4700	2819	2842	13092	6537	18455	18107	6537	19517	18460	13892	19517	6057	9378	13563	5477	10080	14226	18107	16130	10898	16130	7728	10442	12565	15701	5784	9378	18981	15795	13573	11726	12698	4134	13573	15795	8129	13818	12921
15491	8100	7340	10462	8252	7728	5785	16964	8583	15701	5785	13092	7407	19435	19195	18308	17007	2996	12840	12821	15018	6537	19195	18088	17888	6710	14226	3871	19517	11137	18997	10389	12648	7870	1926	10462	15731	5204	19842	15491	13092	7245	16624	7529	15784	14226	18343	2555	5784	9255	5205	9378	18092	15784	13092	17280	1926	7072	8129	3687	9159	18308	8100	2210	11521	18625	10672	16624	17951	15491	19842	19378	17951	18460	1744	12565	1926	13092	3871	19435	12078	8583	12078	14226	15108	11901	12840	18107	4134	15701	11728	7072	11901	17557	11728	19991	18544	12168	11587	1129
8100	3871	6616	19780	1129	3687	17888	13573	17557	6616	1320	15701	5785	7340	15701	18981	7340	10080	10856	9756	13177	16130	17244	3202	5477	10298	2819	6057	12565	12821	19517	15246	13892	18088	7072	18088	17951	18544	10298	10672	5204	12821	1336	5204	4048	6537	13092	975	14226	12078	8583	18088	10298	12648	17120	12921	17951	19435	17888	18544	15795	1320	6537	10389	18455	3687	3871	975	12168	13573	15018	4048	4700	8706	18455	11137	12521	12521	12821	15731	19517	15491	19842	10616	12168	17951	13092	14226	15018	13892	6701	12921	10898	18460	13573	17142	15246	18799	2996	2842
10898	7250	18997	2210	8100	18107	18981	12821	2842	16624	18455	7407	16130	13092	7870	16624	3720	18997	13818	7728	5205	17142	5486	18107	7407	17120	19435	8706	1129	19842	17557	19435	10856	10898	13892	9756	6616	12565	13818	14360	19780	5205	1744	7870	2618	13092	15795	17293	15246	14360	13092	6701	3871	2210	7245	17007	10389	8100	18343	9378	19195	8129	11901	15491	18308	7407	6710	16964	15246	11901	6701	12168	17142	12168	18544	15795	18092	5204	4134	11137	2555	11728	12521	16130	10856	1744	11726	18092	6537	9378	16130	8706	5477	6701	7870	7870	11521	13092	13892	9756
19435	15108	17888	7072	9255	19517	18625	5477	9159	8706	19435	16624	7245	5784	19842	13818	7072	1168	18981	12521	8583	18997	17142	10442	13818	18625	7870	5784	6616	2819	18343	9255	18938	2618	3202	19378	11728	14226	3871	5477	11726	11728	11137	3687	6701	19780	11728	12565	7529	16130	18981	9255	11137	15018	10898	19517	4048	1336	12078	17007	12078	3687	7407	16964	7529	18981	1926	17244	18455	17280	9378	15795	12521	17007	18981	15491	5784	11726	1336	10672	5477	12821	8129	10672	19842	8252	19780	11728	18088	9159	18544	17120	18088	18625	1336	15784	2618	12821	2555	5477
17007	7407	18092	13092	15731	15701	18308	10080	4048	19991	18088	15795	10898	11137	19780	10298	18107	12648	18107	942	12921	11726	2842	10462	17951	11587	11901	10462	15246	10898	15784	7245	10080	15701	18799	12840	18455	13092	1320	6616	2819	17142	13092	9756	3871	15784	7728	7870	5785	12921	15731	7250	17280	9255	6537	5205	9255	18799	18544	15773	18088	2210	8706	12565	1320	19517	19517	10442	13177	10856	5486	8100	18308	10672	19842	5205	17280	7529	18625	17557	17142	17557	10080	15773	5486	16130	10080	1744	11521	15018	9159	17280	10298	18981	12648	8583	6057	10442	4048	11728
19195	15784	10616	12565	19435	11728	2996	18455	14226	7407	6710	19780	1168	9159	8129	13563	12840	10856	15246	5205	16964	12698	4048	4617	5784	1926	16964	17280	7250	18088	6057	6057	7870	19517	10672	18107	16986	10672	3720	18455	10389	5204	14360	17888	7250	5784	17951	5785	18107	17120	18997	2842	7072	7340	18308	13563	9756	7870	13892	13892	16964	11587	15731	5847	2618	10898	7072	16130	1336	10080	17557	2819	7870	15108	12521	17280	17120	18308	8252	7340	17244	10856	3687	12168	12698	18460	975	10616	13892	2819	4617	18107	10080	17951	16130	19378	12648	10462	18460	15491
5486	7340	11521	13892	5204	5486	18092	7407	17007	19378	17557	14226	12840	19780	12821	19780	11521	975	10080	18625	16130	11137	19991	1744	9756	5486	7245	19991	17951	2555	7245	10672	17007	12921	10298	1129	10616	17120	5204	2842	13573	5486	3202	17007	13092	19842	19435	10898	6616	10442	16986	13177	5785	3871	1129	9377	19991	19195	13092	9377	2842	2842	13573	7245	11726	8252	8100	19378	5847	17293	5784	2996	9159	7728	15784	3871	7245	9377	2842	18799	5486	2555	2842	15795	11901	7407	7870	13177	10672	942	8100	19378	18981	10616	7072	15795	5785	18625	2618	18799
18997	5784	6057	8100	10389	6616	12521	1926	6537	2618	18092	16130	2210	15246	8100	19435	10080	16130	17951	19842	9756	17244	7340	10080	17293	15731	3202	13818	16624	12078	3202	18625	10672	3202	7870	14360	12698	11587	15795	18092	12648	13563	6616	18088	975	12840	18938	5477	16624	2555	975	17007	11901	10616	942	18107	18455	15731	9159	2210	19842	17888	1129	1336	8706	18544	10616	19195	8583	16624	18799	15731	9377	8100	2555	17007	12698	5477	3687	18997	7340	18308	18799	18088	17951	3871	1744	17120	17951	11901	10672	1744	2819	7250	17244	14360	9159	14360	6701	975
6616	11901	8252	18092	975	5784	2819	8706	19378	7072	6701	8583	6057	18625	9756	8129	6701	8100	15773	18455	1744	1744	11521	15795	13563	17951	2210	17142	12521	15701	12078	18088	15491	5847	15773	5847	7870	5785	10389	2819	4617	19780	7245	3202	12078	11726	10442	1129	10898	1168	8129	19780	15784	11587	18455	8706	18625	6710	15795	3871	5486	18092	19195	6537	16986	6057	12565	11521	12078	1168	7250	15246	9756	8583	14226	17142	12565	19991	18981	15784	2210	6710	11521	17244	6537	12921	11521	975	10616	5477	12821	18308	12168	17888	8252	1168	2996	10672	7245	15701
18107	6057	15491	7250	12565	18544	7529	13092	15018	17007	5204	1926	16964	19195	2996	1320	6057	3687	8706	7250	10616	13177	975	11901	11728	7728	975	19435	7529	14360	11587	7072	19842	19378	17244	9377	5784	4700	975	18625	1744	15795	2819	18107	10616	15773	7870	9255	15731	10616	6710	13563	12821	11726	4048	3687	9159	8129	18088	12921	11137	11521	18460	5205	4048	4134	2996	7870	10389	18092	17280	7728	10672	11726	12168	6701	13563	4700	7870	4617	13818	942	7250	16964	15491	19195	1926	13563	15701	17007	16624	4048	13563	8252	11587	17293	13563	13573	17293	6616
12078	16624	19378	19435	2842	17280	6537	5784	10462	8252	4617	2819	4617	5847	11901	11901	13818	2819	4700	12698	5486	3687	12521	3720	12565	18343	6701	8100	14360	15784	15701	1926	8706	19991	15018	10080	17888	18799	6616	9255	9756	9378	10616	15018	7245	975	8100	12521	8129	10298	3687	11901	17142	17142	15773	7728	18544	19517	5204	6701	7529	8100	1320	8252	19435	7072	2555	10389	12698	18938	7407	12921	15491	10898	18625	4700	9377	12648	11726	2842	10080	2842	4048	11901	8583	15701	7250	19991	18092	19780	6057	9255	7870	8100	3687	2842	7072	17244	19780	15773
14360	9378	942	10856	7250	2555	15795	19378	18799	4048	15773	16964	17142	11901	12698	6057	1926	18460	18544	16964	15108	1336	2996	17951	7250	11728	9159	975	13892	7728	1320	17888	11901	9255	16964	9378	3871	18981	7340	18460	17293	17888	15784	1129	15491	18107	18981	11137	7245	2996	11521	6616	14226	1336	6710	19195	18981	942	17142	1129	15731	6537	12840	15701	7072	1168	12648	8252	10672	11137	15731	7340	15701	18343	10080	17888	1168	17557	15784	8100	17280	7728	12648	19378	1320	3720	17280	1926	12921	18544	7072	18544	6537	5486	17888	3687	17244	2555	5785	7529
10298	1926	1926	18544	10856	7072	18544	12078	8129	12078	8100	1336	10080	1320	17142	3687	5205	15108	7250	15701	17120	1926	15795	13573	18981	18981	18343	17557	5204	19378	1336	15773	14360	13573	17280	8706	19991	16624	11728	1320	7250	7072	17007	12840	19991	5785	12565	10616	17293	18343	16964	13092	8129	18997	3871	6057	19378	1320	19991	2819	1926	3720	5784	7250	15795	17888	13092	2819	9378	5204	5477	13563	13563	6701	18460	16624	10080	18997	16130	15701	8706	7072	8706	2210	10672	13818	15018	16130	19435	11521	13563	8252	18343	15731	18460	11587	11726	5205	17244	15731
18981	3202	6701	3871	10672	15018	8706	7245	4617	11901	5205	13892	17244	9756	15108	18455	12698	12921	9255	16130	1336	14226	17120	9159	12078	17280	15773	18938	18455	10672	8252	12840	3202	16624	15784	18938	13573	13563	4048	12078	15108	2842	1320	10856	19780	18625	2996	11728	18088	2819	7728	975	5204	15795	12648	1744	4700	10462	11728	5784	2996	13573	10616	10080	975	9377	13892	7072	9255	13177	19195	2618	8100	13818	7340	9159	3202	1336	1320	2618	13573	11587	10898	15784	5847	13092	2618	16986	19780	1336	19842	2996	19435	5847	16964	2618	18981	5785	15018	11901
11137	18088	5205	1926	18625	17951	2210	18308	17888	18997	8129	5784	2996	10080	18460	5847	1336	19991	9756	12565	18455	10672	19435	14360	7245	13092	11137	5477	10462	16986	6710	18308	18799	7340	19378	1320	12078	3720	12821	17007	18343	5785	8129	12698	2996	16130	17280	18088	6710	16624	12078	18625	13818	12821	15784	3871	2618	13892	1168	10298	17142	18107	17120	7340	17244	16130	7870	6710	3687	7250	1336	6701	18343	17120	16624	6057	11901	3871	5486	1744	1336	10616	2819	13818	13892	5847	11587	3687	11726	12078	3202	2210	15795	15784	17293	17951	7728	2210	4617	18092
8252	1744	5486	8129	15246	13177	19378	10672	5784	2210	10672	11587	15491	7870	1744	942	2819	17007	15108	19780	7072	19842	18107	15491	18938	975	17557	2996	18544	7529	8100	2555	12840	2842	7407	5785	15795	12078	15246	4617	19991	10080	3720	18938	5784	4700	4048	16624	15701	11587	9377	18460	13563	11901	7728	15246	5847	13177	19517	975	13573	5205	15773	17293	15731	16986	942	1744	9159	7529	16964	10462	19991	15795	6710	12821	10462	15784	9756	15795	18460	5784	15491	4134	11587	10442	16964	15773	13563	11587	1336	9378	18799	8129	18799	18455	18625	18107	15246	9377
11728	18343	13092	12921	6701	18092	1129	1129	942	18092	5847	13177	8252	17888	11521	4700	15701	17557	1336	8129	6057	18107	6701	942	3687	13563	7407	19378	11587	10616	8129	3202	16624	7245	18343	6057	19435	1744	10080	11728	6710	10672	2996	19842	18938	17280	15491	18343	19195	7072	12168	1926	18625	12698	18625	15018	13573	2210	17244	2996	13177	15701	8583	9756	19842	13573	13818	2555	12821	17888	17293	19435	1320	18938	5785	5486	19991	12168	7407	19780	18981	19780	18455	5847	10298	11726	7245	12840	1744	8583	17142	4617	17280	19378	9159	18799	15018	17280	7728	10616
6710	14360	16624	7728	9377	12521	1320	7250	12821	13092	2210	2842	15246	10856	5847	15795	15491	12565	12698	13573	14360	18092	8100	19991	19378	9378	8583	14226	2842	10389	10616	11521	6057	975	16986	3687	9756	1168	18799	2555	17120	4700	10898	975	11901	10856	9377	12078	1320	13573	2210	9756	7340	9756	16624	1129	19435	4617	4134	1168	18455	18343	10898	10898	942	10298	18308	12921	19435	9255	3202	9378	8583	11728	4048	10856	7250	18625	2618	12698	15773	19517	12921	19991	18308	5477	5785	2842	4700	8129	14226	2618	7407	18088	1744	15018	15773	9377	18981	17557
12521	4048	15773	19195	11901	3871	17007	18625	1336	1168	15246	10672	7072	18938	13818	8706	18544	10898	7529	9159	9159	2555	9159	10389	18088	18455	18088	18544	18460	17142	942	1129	19378	18455	15108	11901	942	12921	11587	5784	16964	19991	18938	18308	9756	10672	1129	5205	2555	12521	12521	19378	12648	4134	6057	2996	12840	10672	10080	13092	15018	2996	1168	18092	9159	11137	15795	13892	9756	11726	2555	3202	1168	3720	10856	5847	11728	2210	10856	12921	18088	17951	11728	3871	18107	17244	3871	14360	12698	3202	17888	10856	16986	18938	17007	1744	10298	1320	10672	12078
17120	15773	18455	17142	18343	11726	14226	15108	2555	12698	975	9255	6710	18981	13563	16986	18799	9377	5847	19378	6537	11728	7245	18460	18460	7072	17293	9378	18343	13573	11137	8100	6616	17557	2819	8100	4700	17293	18308	8252	10672	5784	15795	4048	19435	10616	8706	12821	10298	15246	942	3871	17293	15491	10462	5847	8129	7340	6710	10898	12521	17007	7250	18997	7245	15491	10462	10616	16964	8706	7870	19780	5205	19378	13177	10389	13177	6710	18343	9377	4134	4617	1336	9378	12921	942	13892	5847	11587	18455	5477	13892	7072	19780	15795	19435	18343	4048	18544	2555
17557	18107	15795	4048	12078	10898	13892	9159	1168	17244	14226	10080	15018	18544	18625	15773	14360	2842	3871	17007	19517	7407	11728	3687	13092	11137	10462	13563	9756	6710	18088	19780	12821	4048	11901	12698	4134	8100	15018	13092	18088	8706	12565	15784	10898	8252	6616	18997	5205	17951	19842	15108	19780	2555	11137	6537	12521	15108	9378	6537	942	17142	8129	9255	12565	8129	19991	18460	15701	18343	15701	1926	6710	7245	12078	18799	18981	19517	4048	10080	10616	2819	8100	2618	14226	13892	9255	12078	6710	4617	1926	8100	12840	975	15108	2210	8706	15018	6537	18460
12168	16986	9378	2555	8706	6701	4134	12521	13818	10080	1336	7728	7529	19378	18799	8252	4700	13818	19195	3202	17244	14360	7250	18308	8583	15701	19517	942	18092	18107	19195	18343	11521	1320	3687	16130	15246	9378	5784	7870	17951	13177	2555	5486	12840	15731	1744	19991	13573	1320	12921	5847	5486	17120	17142	5785	12565	9255	17120	10442	15773	13092	18308	17142	3687	3871	7728	13573	17280	12648	4617	1320	13573	15246	11726	5477	1320	10672	15246	11587	17951	13177	18343	16624	942	1320	13563	8583	2618	13177	12168	18981	5847	18092	4048	10462	10898	12565	12821	13573
