12966	14259	3780	6193	19430	9356	2188	12349	7108	1774	4691	4929	3725	4488	9263	10988	12376	1176	12856	4929	7841	4563	1872	10364	8498	19874	12569	16019	4308	18353	9799	17292	17617	17699	7008	18142	8133	9622	13787	1174	14923	13677	19631	18621	12075	681	5606	17023	4565	15183	3654	17826	4145	8960	15877	16846	12307	7001	11056	11169	9585	6534	7108	4826	2968	5004	19897	3850	18967	16931	929	13726	17899	8216	8978	8757	11998	11510	1569	6259	4488	10825	13031	2479	19052	10216	19966	1461	17797	9787	1594	13810	9983	15747	10095	16520	1439	6534	16668	11169
331	1674	11621	7657	11652	2135	5606	12553	4929	16179	7969	12032	581	3795	9599	15427	4663	8927	6655	3958	3479	17013	13240	5666	2380	8610	14325	8176	8190	11946	12097	8933	2476	3772	7283	18099	14259	18554	11568	18704	6418	11134	14438	5965	5294	17632	17657	8735	772	13872	13180	20160	12266	17849	17934	20085	14188	3596	15535	46	8728	16677	13091	567	10213	6526	18138	18053	5674	14842	12228	6685	8424	16558	1741	16434	13381	15591	10489	13034	1326	19661	2135	2170	14201	3491	11307	1872	651	10617	8966	11864	12717	8216	3292	3476	5504	10213	7915	7258
8996	12248	13720	14814	16155	220	18269	15251	15970	19960	17027	1943	434	18203	11253	12649	2265	19384	18296	4749	18912	2918	7579	10776	5666	5258	1985	8610	15789	19983	3408	4985	6543	18543	1519	5875	9745	14262	12577	5014	6636	7759	2995	19155	15224	12348	9165	291	5464	4372	10857	12604	9745	8175	12880	1106	15180	18554	14405	16353	1899	18353	14683	6151	15157	14595	4310	15587	2639	19277	7279	8152	3598	16678	3246	5807	8723	1024	14338	6429	15130	9715	15967	15865	7786	844	10290	8687	2581	14278	15681	19897	13551	15268	11621	19605	2554	20004	15575	16714
7222	11667	792	16822	764	772	9869	5841	10255	18847	4788	1351	14759	4820	13591	12398	8723	16214	17834	8670	17394	3438	14304	11375	13830	13666	19947	11080	11478	10530	17799	16161	3698	17982	2622	12406	4728	7688	11947	5861	7940	14486	9546	8728	9339	15081	11258	921	9284	12700	2010	402	764	7640	6965	18648	7554	12554	13549	16180	4565	516	3858	17394	13842	4993	7129	11752	10476	2716	12282	11429	7889	3982	16485	17773	4795	7324	16680	19464	20106	8507	9395	1112	12322	9265	15240	16495	4494	14720	17235	3695	8705	17892	1473	13919	5247	2869	651	18965
6491	1335	18181	6965	5471	105	18258	7232	15172	5578	8424	17799	15458	13054	1872	2622	9980	15294	11029	17090	9566	13921	542	8457	15	885	3282	16272	8413	10542	6813	15865	8301	709	9440	4565	8728	701	13878	1117	17278	14436	16139	10392	4232	16559	8684	2449	15251	19432	1724	15535	5558	15325	8996	7969	9350	13139	9657	3394	11998	1693	20036	5059	681	6726	292	10106	16000	1774	15024	1919	7051	6159	18150	5780	16846	4366	16652	1715	11258	5362	13257	14806	4577	13383	7502	1451	8492	15538	18906	19739	701	1177	4416	3987	7047	1889	9563	331
5002	6265	15042	12911	18891	3592	1741	5247	2052	12949	3807	2373	14105	9339	444	15894	3698	4967	7458	5220	9799	3514	9248	288	4346	16227	8176	4494	14317	11719	7283	12322	15342	14163	13493	20112	846	7132	566	20135	10392	8920	1426	18891	19242	2380	15591	11305	2460	13034	13665	10866	10844	9323	15658	3056	9132	19406	15190	15973	7009	15658	949	16743	16994	1361	14570	4807	747	5226	7683	12828	17691	6226	6066	2584	1471	1181	7554	19584	13381	3119	17967	5502	4409	15306	18138	14990	11667	17200	19361	14342	9778	4216	12011	13130	513	562	5735	3815
17574	7471	12911	4563	8626	15339	16918	18164	9100	18410	2037	20159	13369	2690	14304	3958	5258	19336	11855	3598	17113	13932	115	4577	13158	12248	11330	11429	10499	11793	7252	19857	4543	8376	10392	17982	9563	5198	90	97	9741	14931	14085	1420	19960	13787	19361	16680	11838	3321	9094	11391	3810	5247	520	10055	3284	11738	4978	15934	10546	5504	6226	14983	634	12115	5691	14931	3356	12175	1945	1123	12714	8238	14342	3858	13676	9490	11864	12828	16019	10375	19183	16559	19874	2460	5332	2065	268	6766	6670	386	12376	9356	12505	3338	1174	11305	15465	5007
4840	17600	18393	627	18196	9265	19450	5370	12385	1724	2184	2557	12693	10041	11169	9417	1172	11591	19052	5992	7001	5196	4799	17015	5220	16863	11384	12700	9898	3360	7105	14296	6965	18596	14437	16897	10216	5403	12524	12484	18488	15183	6434	5817	1112	7112	5010	9599	17965	4728	15427	16846	19036	11208	15708	12973	7131	17413	3446	16654	1068	14915	16430	13253	1434	6628	16678	13337	5129	9750	18139	18257	9794	15973	4565	12315	18623	7523	6726	19242	14814	19681	11998	4405	14314	11271	4320	15538	6151	7224	1203	2791	12577	4760	8492	12640	14575	5915	10624	17602
5874	3550	15306	16988	3245	14983	13921	16076	10106	701	14453	12279	9100	4922	19248	10612	10399	12669	18769	10375	6898	10106	18566	7108	804	20059	3455	10136	17669	15464	18788	14275	19727	649	12539	6416	9186	7657	6631	6002	18258	18027	15300	825	18906	14854	8334	15907	5247	1580	8567	12709	13497	14450	1775	14595	14192	847	46	14431	11261	14296	7171	12799	5841	12709	17916	1791	14093	5996	7940	12150	5332	18508	846	4666	14931	15027	1791	2288	3585	15886	13249	2926	9167	9165	7684	4467	1471	18648	10214	10392	17657	562	10546	3676	5179	18349	9264	14984
764	17815	13369	780	16139	8235	15970	3401	11998	5249	16222	14769	14294	8301	8920	15180	17773	11523	13801	962	10267	7331	10776	16141	14278	2939	1314	6898	8933	14098	4624	12147	19254	20135	6633	13919	2623	20085	8054	709	18939	12622	2326	4169	19584	12676	1594	17582	17667	11120	8029	12724	17013	8492	12376	13686	15224	6679	9781	11080	8608	2622	16200	13619	13740	1724	6543	18045	1805	7785	17669	6506	6268	14923	6805	9546	2469	10455	18905	10290	20135	2469	4779	11134	5004	6965	3479	5994	8712	9332	16495	988	11169	17722	6898	213	7005	20145	13921	1312
16714	12505	9186	2218	5874	17617	10973	7996	3246	3958	4008	4076	5430	3958	516	19269	16650	11803	14720	9545	3419	11059	17669	15345	13619	4577	13992	4308	14736	18296	1181	15956	8735	7208	7889	19277	5801	8457	581	13763	11621	5315	3266	17632	17177	10530	7818	15345	18393	16935	3698	15545	15295	16155	105	4071	15	5014	5007	10393	10102	6066	6151	5875	15998	9647	4929	17582	17331	19235	8601	8905	3923	5522	12385	18258	7011	17036	18257	638	18905	14843	2792	2653	19336	15095	19409	14403	9733	8708	1174	292	3360	6543	10392	15865	6167	1895	4008	1513
19831	7009	14806	8868	15751	4560	16714	16875	12039	18555	15224	18257	4071	3551	11066	3394	8413	7131	9553	6966	15535	17657	18258	15295	4071	672	6506	10894	4318	2933	17797	6881	8283	6010	5558	2218	8996	19779	6886	13848	17669	13133	6881	14105	13872	2219	7759	9720	6951	11621	16076	9140	9654	18905	7871	2995	5282	10951	18983	5883	19857	5801	2822	2218	5352	18712	6396	15993	14923	2389	3850	10216	8168	8712	12039	5113	19605	18566	15345	17874	5890	7161	18150	10262	8052	6462	8735	8873	16370	10383	15343	8868	12334	18139	11593	6543	2944	5156	9649	13612
5122	10041	2377	12099	15268	3446	6001	17013	11848	3861	17511	6635	503	8029	14163	19874	19981	5059	13439	18257	3280	11869	8811	10988	11099	1244	4840	6198	16445	9146	13637	19826	12553	15998	5221	18965	5400	12911	11261	10255	4930	17444	8306	17278	3457	16351	18264	12480	3457	8972	2606	6685	8054	12640	17874	18788	15801	4905	6965	8133	18181	12175	13801	7024	5674	13196	2995	17669	8905	936	4451	17632	1106	9076	9349	11099	13133	5196	14200	16319	10644	10969	3256	6635	5403	13612	231	3734	1724	14894	1222	7024	4215	15342	4553	16451	921	8457	14098	8175
12714	11621	8567	3000	16233	5504	4749	17980	1351	13439	13221	8457	5522	4105	5883	9395	702	8283	14093	20012	16495	4512	6189	14431	9347	18488	4417	6660	9323	2869	4169	15300	8708	9540	9983	2084	14853	7695	4735	19089	15894	16926	1602	18269	17571	9553	19776	12073	14409	4730	4930	14042	1366	2554	12717	18203	4840	3376	7051	9439	17200	6505	3695	13439	14473	7092	13763	3810	17278	8937	11391	1634	291	4967	2377	19191	570	3666	6070	11964	9263	9869	19727	15414	1872	11384	4563	18891	12114	16334	4145	12510	14093	9546	16905	4404	20008	11651	10481	3233
2995	6543	6893	9684	9356	8294	19315	4761	11134	19077	13451	115	18138	11742	19616	9284	7331	18137	10863	3861	8972	8039	8610	15538	2716	1774	12039	18207	8294	9186	11034	8492	10795	18905	6509	97	6564	4799	19847	5002	10321	14239	7232	14431	1148	19983	11029	1434	16503	4799	2452	20085	275	7797	11738	18436	115	4962	9546	11375	1357	15993	10969	10446	2015	13414	11869	12256	278	6069	6069	12289	3321	8908	5165	6491	15251	12503	5558	5430	520	14405	18712	9044	10186	5464	17810	19046	2615	14296	4652	1483	8568	14806	10571	3613	12771	1805	10267	16846
10214	14924	12884	10825	9004	7804	15532	6494	1175	16438	20083	8039	16445	18508	5874	16668	2308	11651	7797	11391	19430	4624	4985	5358	16745	20106	12361	12093	17023	2463	1078	11152	10134	7112	542	14304	17511	12113	8347	16196	13451	1112	8705	2615	12046	3479	18762	8787	15868	1175	15294	18663	5471	3245	8155	7005	13054	18089	7208	13067	16003	949	1937	13875	1439	14836	7825	9085	12700	14923	13338	7829	16372	10844	9980	4169	6068	3266	4724	9654	14361	4760	10612	6951	8743	6167	14437	17842	13637	10857	4638	12147	2554	10546	2944	7047	17985	7411	6146	12656
3654	14304	15382	18599	5817	10083	2825	15924	2775	18269	17278	20030	6424	6193	16543	874	18843	5548	8054	3455	7051	18269	18771	11470	5362	11169	14696	6636	5002	6724	17835	14304	18353	13493	19226	17278	10267	5866	13499	4128	16875	5931	6255	14202	16328	14472	2454	9622	3666	19654	19046	19423	15535	3884	6628	11966	1745	12345	6259	17571	16495	16569	19727	551	12307	18843	17810	5001	10220	10369	2889	15309	2712	9370	8867	9284	15538	16931	7324	19291	17773	2444	10355	7011	9235	4943	17619	10478	115	5703	14602	747	15341	20135	8133	6631	7915	6569	18771	14448
15967	9440	5449	9622	2971	14577	10255	14760	13975	14984	17916	7461	7812	17699	9545	9945	5036	9658	2822	19654	16743	18083	8029	14270	1855	4922	16822	2169	4669	2292	8283	16994	5129	5058	5315	4481	17916	11367	16019	19654	16935	5241	19379	9140	14014	15967	19779	11817	13497	18771	5703	5875	12349	4560	3514	9140	1494	2513	628	14829	11613	10461	7461	3734	16214	16196	13754	17539	19981	9720	15782	13869	11847	9891	17799	8949	599	6059	18120	10644	8163	7092	1451	18543	20004	5925	5294	16714	7229	2732	10336	9566	15877	13338	2071	10620	7008	5965	10461	8920
2776	8909	14154	17096	14260	16700	16548	16796	4144	1636	4622	2254	1266	610	7189	4625	12225	13839	10411	10020	2897	10072	16203	19192	16054	11401	17073	6470	14857	19574	3229	8188	15680	3002	5990	1042	1586	95	10912	4469	16415	14077	15204	13322	7223	2945	15347	9296	9754	11328	15389	13359	6108	12336	1921	19261	12733	15421	8889	19092	6251	8788	19872	7563	6284	13615	13996	13235	458	8911	646	18379	954	15021	5932	6294	257	17623	2501	3293	8049	6150	15242	17435	9443	11403	13127	10523	2194	487	14166	9722	13344	14392	13702	12655	1979	11538	1331	8722
17840	5180	760	12976	17733	10699	16182	19400	9607	13238	18162	3633	13125	1556	3899	9330	1258	14922	1655	5526	17543	9199	10109	4327	10649	19389	13045	9494	4184	9835	16720	11950	16472	3983	16708	6381	16448	7949	5521	2692	5797	10715	10970	12890	9028	20072	3351	968	5421	12694	10813	8089	7401	741	11322	2652	15566	2384	4801	5441	13005	7275	7218	6117	15991	6187	18706	14549	5415	2786	5950	4148	19250	16712	7740	18114	18087	18443	791	9017	13663	3746	5870	1382	19065	18966	6613	11763	14150	17270	18659	907	20185	19463	9628	2652	13675	7420	8464	7920
14743	11434	16336	869	8588	12190	9139	16182	7954	2979	1400	8499	3814	6208	9856	16968	9406	12487	17886	18291	14834	19065	6715	9027	13517	16148	17640	4635	10557	14525	16276	4489	14245	7597	13070	8281	15530	1912	15329	8941	1982	12424	82	4643	13239	7990	17022	12393	4862	8263	10003	5111	253	18631	17063	15929	9198	17879	4850	18132	7428	5797	12309	1535	2558	4957	16309	7646	10878	5163	5277	16857	13010	5245	4482	15242	9136	8421	9508	7415	13178	13708	9023	14846	11610	7674	15271	8447	12626	14135	4474	3441	15550	3111	6682	4176	18481	11162	18675	10089
13925	1455	12544	8777	15249	14060	13930	10317	1660	13275	6109	5963	800	18869	11688	4060	4452	20031	6115	8263	1084	11819	9862	12734	13671	8206	6698	15094	1978	9410	17270	1779	15164	2998	17972	13517	8048	14643	9431	3674	8489	5076	15384	15293	12537	15922	13417	11464	6989	11718	16614	3180	12088	17257	14652	11192	7055	9922	1598	6508	3255	10938	10827	6538	11743	15778	5868	2112	14060	10761	8778	2701	2346	15315	6740	11435	13074	1258	15947	8911	3217	10067	1146	521	13668	14043	834	3747	19920	15052	20108	10227	1160	10663	4121	4246	14810	13148	7930	576
4160	748	8188	9686	5369	16143	7289	6815	15900	6106	446	2006	17356	12964	11910	2624	19169	8788	10598	10068	6577	908	12359	8808	18783	14439	19593	9054	9200	19686	7998	13011	13248	17440	8429	1690	14187	10243	2826	9682	14181	4459	19308	18459	8704	9815	12215	13668	3262	17461	12229	10905	13839	9865	1770	12019	19929	17421	9398	13744	3701	13089	17635	10279	941	10448	8818	9123	2440	12933	13335	7273	4104	19217	7736	10052	4040	16467	15021	9335	8745	7359	6096	7568	11463	11390	3123	9962	15037	13307	1328	10181	13110	1500	7496	10016	9388	12663	6229	4771
9432	5368	6773	2515	3900	8665	2852	17779	2765	2808	1877	7527	6342	4564	18129	14519	6004	14508	17437	12760	8732	7102	137	15034	18880	15434	16764	7664	8805	14524	13621	15030	19803	19270	1364	16725	14000	10694	13716	12185	10280	13524	623	10122	19652	2857	17319	13795	18893	10924	13003	1792	3754	6257	9173	3497	2118	11320	10516	258	8137	18406	6772	13719	8678	15659	336	6783	18693	11180	1621	2408	11401	9202	12710	964	11843	15931	5375	20150	19216	1742	9330	7394	17290	2001	11874	5300	7035	17203	19130	4228	15914	5217	15238	3329	9530	11373	4206	8994
19161	4209	13132	15863	12749	17567	6943	17530	11787	3365	15448	17495	5055	8207	5567	11911	16669	6873	8279	14068	16584	19478	9964	3961	12337	5546	11333	5678	2404	6098	12947	7211	13903	12682	14709	4572	18960	5912	3126	15757	11527	6321	16531	12738	2993	5087	17675	5733	5361	412	5089	18038	8574	12478	6736	2915	9578	3404	16628	427	858	16484	261	11875	13778	6744	10541	9802	19333	18447	16085	19332	162	2046	15929	16518	7781	3814	16688	6355	17958	9738	9597	11631	5654	5328	14946	6940	9686	14074	6708	11707	18283	17158	13455	10122	15822	8556	14495	9962
14556	19122	10803	13050	553	82	463	13915	1497	8451	13918	16025	6752	15144	4165	13943	6061	14179	11707	12344	10622	5494	18445	3868	19317	18174	3240	11094	5256	17431	19927	7213	14957	7238	17646	20047	10796	11976	17836	11684	4303	3767	2466	12417	7322	4259	19019	3128	20170	5812	17671	5462	8477	740	13368	7450	10230	19118	4109	1694	6331	10468	7049	984	17790	5116	13802	17093	3350	10470	19665	69	2599	13186	16522	10628	15448	19188	19386	13877	5233	9557	9846	17125	3334	17489	17758	8265	8560	9411	14504	9967	15724	6696	18866	13961	19904	9305	17371	3531
1105	8396	11700	16898	6425	11691	6859	1912	18548	7025	2710	1712	16944	9958	10068	5368	1949	2670	1291	4778	17344	9985	16152	7833	2957	16043	3555	13001	13224	19241	15085	14400	5795	1465	13005	5328	16946	7010	6861	12697	8733	5364	19484	7323	19632	1183	202	7014	8147	7434	7664	7783	16317	10070	10403	14182	10343	10407	17302	11441	9521	7354	2917	20041	19445	11031	15866	8843	778	17742	11436	4266	2166	6934	9659	11362	68	8514	16228	19699	11781	6179	2415	18875	1187	1459	3651	1661	11625	16356	7082	12026	5467	16518	11581	13670	15320	7137	19372	14056
20208	10221	6772	17961	3779	18054	9228	9351	2717	8612	1561	17964	7348	18961	904	11296	1779	7744	8396	2986	1788	14976	4163	11520	12465	19255	440	10663	11229	2220	6126	9708	13030	2989	11256	17039	2070	10412	16369	5257	14052	19124	1113	15864	19777	6058	19207	18111	18552	14613	5442	7703	9522	124	14717	14609	5349	15765	17510	16369	18591	10519	5050	8311	7806	10417	8239	5013	5655	16755	1027	9829	10226	63	3534	2174	15161	18185	19457	14560	1011	5141	987	10203	17794	10995	6594	10110	5755	5933	4573	5831	7281	12124	19166	6514	6187	3177	6378	7913
18446	2080	3543	11124	13578	3378	5189	4265	17117	13905	18190	13595	15983	14392	12647	3160	5070	17749	14544	17622	17091	4855	16640	8878	14077	9291	12223	8142	409	7976	9405	10263	2934	367	16607	16989	14655	5621	1734	7608	18620	19651	10836	2058	2443	10279	458	7897	8427	8697	9615	17642	16697	3878	3742	17532	12389	11468	8237	3604	2874	4684	4360	1816	17530	10645	9602	15537	4562	13291	19453	19211	19290	12119	618	18858	13792	855	11340	16168	11574	10581	11608	14874	4474	9382	15181	14096	15460	3325	1173	11981	740	4450	5268	17437	8975	1792	271	10548
20110	34	10260	11072	7055	19931	17547	19920	18859	7820	8187	18706	10822	13395	2610	7385	9447	2664	1454	19032	19366	7031	5608	157	4109	11969	3696	13003	17061	16516	13978	12603	10475	10927	14374	3025	8761	1031	3926	17141	10827	9409	1610	18178	16173	3774	17844	11874	3940	4296	12309	2426	10715	7976	17779	3621	14816	6597	18962	7048	1794	11544	928	20156	19387	16672	9682	9659	3002	4823	9134	1104	8062	17075	1044	19835	6762	11270	4108	3235	2827	12613	16088	15144	3411	2565	1651	6249	11980	2375	4212	15550	13099	9147	480	2799	16894	13185	3818	19588
156	9202	6847	4255	11324	7900	8458	8527	14426	10196	3370	15739	7012	16123	698	13471	15071	765	18584	17833	10978	17737	19830	16231	10431	6435	15816	15305	12875	12544	19636	6011	3079	10739	12204	15201	6401	987	6653	17546	7901	11882	10516	17488	3399	6789	20098	4151	2703	9411	15112	9137	8214	12496	15758	3228	17407	19251	14556	12797	18121	4095	1815	12300	18668	14077	11204	2301	15146	3124	8871	15282	19516	3859	11526	11664	13728	2070	6497	1026	7312	7514	18042	1384	10547	2006	19516	18309	10937	1211	15120	11246	3575	4884	14440	14007	10509	11101	8253	16771
9962	8547	12235	8025	20022	13877	2640	18875	8847	16522	902	6076	6102	17378	17966	13122	1966	1384	8198	16923	4526	9966	14462	9728	17358	11505	11585	7385	8832	17996	19370	16545	14047	3525	12401	19163	12412	9907	17844	2491	20193	17004	17362	18102	16216	16396	4489	5961	16314	8035	3298	2003	4238	9306	5022	17865	5470	4423	10943	3304	11585	5678	4763	16178	7772	5163	4592	6995	419	4767	18354	19192	4889	19851	967	7936	19367	2082	9851	3078	7041	14978	18494	13354	13567	5906	18766	12477	20073	6197	8863	9986	17510	5607	3784	17223	8627	2715	5879	2651
17586	3976	621	10980	18513	17118	8431	15494	4188	9989	12968	5533	10981	14578	2506	19992	9390	10585	4892	11663	6842	5746	16706	11990	7359	19055	16827	13215	3799	3495	10339	7167	12015	11061	16154	1372	9677	5291	17870	1615	15862	3849	18025	7744	15489	3099	1237	11418	6471	277	1878	9517	5280	3072	11112	13231	14483	3180	6940	2934	9316	16284	8405	14635	20140	19646	18498	8802	15523	16927	14177	8577	166	14137	11060	4031	11830	8044	19881	1455	3189	15318	6807	11067	20061	7576	19624	8028	14912	18727	26	10663	9652	13116	7378	16508	18313	10107	10008	14461
18068	5442	1182	14069	3732	3990	19319	3228	17401	15432	1231	11203	8731	14940	17553	18038	8299	10591	5038	19622	15560	507	17845	15163	12250	5363	3933	2706	15192	19106	1087	7478	10229	14019	10649	14279	862	175	11471	10350	17714	10047	10696	8516	13603	5683	18832	14960	6752	3536	9294	13598	10104	2699	18837	1134	6106	4702	10881	11830	3411	20062	4362	3644	16229	978	13701	5414	17931	4919	286	6935	6545	11163	8701	4495	110	734	17654	4219	10323	7415	12326	10291	19657	2662	16516	8692	5043	10779	8592	14227	17518	14834	6838	7964	17638	2362	18006	6896
18624	13550	8485	9697	15937	1480	1206	244	1585	7018	18438	4733	1826	4307	5635	14224	8288	9951	3339	2846	16308	2434	17024	2686	4704	8993	17467	13679	8530	4397	4307	823	6461	15685	10044	1221	4064	19563	19178	14421	14658	1058	17398	5719	5598	4919	2899	7334	19843	6842	2959	9403	16663	727	8278	10463	17079	17463	3957	13089	17455	5827	10384	10319	16413	17072	10765	9050	7573	3267	8018	19955	9295	5895	14618	9446	5383	4838	12339	1344	14637	2540	18581	1155	17702	9067	8796	7217	3749	3535	10520	10729	1690	1792	15851	9513	10365	4705	13747	4398
9940	5755	2124	6208	8403	5742	15388	3751	4274	66	5645	15626	19078	13855	19171	3044	10460	19447	5365	7048	18889	20104	5840	11424	1152	14630	7907	19377	6594	3777	13030	18265	19638	8484	3072	9190	3218	482	14957	3059	6638	12853	6925	986	17391	6592	7003	710	8604	4072	3781	3017	15686	5629	15942	3223	15384	12734	1708	40	10639	9359	9856	10483	3575	12736	15682	19243	18515	16290	9543	5245	14782	144	15409	19338	11925	12746	3841	1288	10554	1837	19980	5261	8193	2489	8504	5442	17146	16012	13236	16471	7007	16115	7322	6207	6981	9768	6489	5988
10632	15652	1412	10407	19939	2916	8260	3521	11641	14619	10087	10732	13498	3361	19567	2232	1341	387	919	11601	3855	11504	17643	4370	12427	14306	10303	4793	16586	13640	114	11574	15216	10561	15938	19080	3769	12775	6786	5049	20156	6920	9268	10983	3637	19522	10314	17327	1165	2617	13304	2453	5212	2259	9413	18466	17457	8173	2540	10827	14734	6686	1796	15748	17658	3168	1633	17181	10086	8748	14666	20003	14955	6772	3145	10350	3404	6371	10537	9875	13738	3568	16376	8707	12957	4396	19762	1443	473	3435	18054	14782	13395	19529	13603	14738	17115	16343	9818	913
15353	6769	6652	2458	5433	7816	5381	19634	14666	14785	360	19671	10365	19173	1248	16302	10257	1814	5938	1894	7784	17009	11709	6777	4135	11755	14681	20175	15523	11830	11299	17428	4242	1672	16609	4972	8107	9401	94	5328	7341	10044	14256	44	7522	19971	7312	8538	19887	17395	18677	10142	10066	19876	13644	10686	980	8180	5922	13281	12339	4272	10110	9686	6843	19508	9737	8145	5611	16385	19713	7343	3954	10181	15316	12654	18691	4224	11319	11840	8209	5648	6621	10430	13138	12919	14795	20058	11835	17542	9232	10429	12937	20065	10551	3756	13553	6859	10588	6565
14648	11762	1866	18949	11041	19542	798	16642	2593	9730	10320	7312	11396	2855	14353	20096	6303	8806	18767	18499	3178	16864	5292	17520	14900	18629	2788	17721	11205	1415	9203	11505	5895	17876	2927	12784	11073	2311	15500	9696	2003	523	3684	3812	9298	19225	9441	11430	838	19853	19784	10065	14151	16961	14637	5876	7560	17549	6431	11627	7111	11799	405	14061	16631	10033	1763	6725	7736	18736	1860	16097	5800	643	19138	10226	13550	2385	3366	4970	12076	6669	18321	8907	867	8633	5675	18966	9271	884	5654	127	11636	5083	11193	17076	11840	5367	18244	10086
14573	4452	3273	2	378	117	15119	16138	481	9412	7511	18528	17333	1992	17408	305	843	9209	8942	8440	15719	1886	4644	2009	15109	9463	19026	9234	3597	8968	1792	10231	9383	7264	18100	19652	181	16258	8748	5497	3420	9922	12802	4036	18699	17618	13502	3796	17421	19784	6228	6107	15727	5937	10547	19216	15144	761	1383	8008	684	2564	5933	15739	11820	16195	9761	9404	912	10448	18412	17958	19299	34	488	8563	15691	18075	12558	11336	13168	11657	17659	3553	1211	5550	6555	2501	16682	15404	10173	9154	11664	8341	3464	16115	18889	19673	9664	18125
3299	15368	18087	6693	198	8932	14118	8914	17303	10622	18725	17199	17138	9608	9590	12957	16486	5394	12998	18701	4274	3608	7114	6612	5197	5335	19062	2867	6753	14717	367	13553	7524	5345	16346	20048	14985	16342	6575	8556	14666	6983	15160	1799	18842	14307	3868	13559	8259	1585	140	19934	18687	342	16364	7155	15826	14364	1195	1405	5935	8481	7081	6163	3911	4660	540	4819	8098	19758	15171	19494	1295	1113	11512	4427	3424	11117	2027	11073	2749	13622	9914	10156	1027	2734	175	10879	19785	19444	147	16305	11016	13724	10938	19745	8513	5740	18299	3404
3474	9886	4489	1533	18458	10834	14961	17096	13260	12542	1581	10755	4720	11399	3582	10187	2524	9387	8121	11922	4856	15097	15735	8987	13001	7304	6350	9090	5732	18114	13074	3463	15547	16567	10329	9131	10092	7328	11129	2689	9597	5569	9952	11016	15982	14626	2255	9435	11491	715	1316	1084	13153	3951	537	14864	12645	14987	16587	17239	223	14033	9671	11316	16357	16078	15507	313	19356	5211	11349	6425	7955	188	4746	1424	3137	18448	11744	8070	11443	13116	2735	18612	1803	18947	13377	1910	4535	18384	17035	6850	19766	128	12342	4517	10385	11569	14512	7499
14529	8962	11808	1553	3409	2506	19085	9835	12155	19360	6014	11157	3067	13757	1229	6030	9192	10146	15171	5305	859	10402	16584	32	19457	15688	7532	624	14653	3172	1025	5575	19461	19322	16833	8181	20101	3536	338	8698	10016	16030	17872	8282	11902	12708	16151	10725	2970	3123	15265	16961	10110	17695	18134	18615	8497	9409	15431	16774	16845	2212	16627	15477	19038	1561	8297	6423	14327	642	19164	17296	6904	14357	10431	9617	10781	5968	7354	19064	1037	3332	10774	1319	704	2920	7662	19218	6410	9436	11236	9472	1971	6035	3819	99	13115	15821	3073	2820
19305	18235	11598	4274	14827	11318	5279	8181	17770	4690	3864	18481	18478	7534	5104	16551	7753	17073	11165	15632	10741	20134	15495	10204	7284	13728	18738	10327	19264	1485	24	1195	1463	3458	7007	3979	2165	8464	4186	16079	7307	7309	3543	15711	75	7484	6448	18231	9586	13734	1332	8440	3571	4268	5081	4230	3830	3393	19808	7611	3278	6652	1236	3647	14734	5379	18524	724	2867	15975	7508	2576	7081	3163	5418	10615	16874	9639	4086	12120	8797	11140	15663	20102	14752	13729	267	19576	16552	9696	797	1523	7826	5900	3456	4270	104	8356	10256	5738
8856	4326	7110	13100	10964	13032	14334	7170	18615	7601	3938	3639	15138	15227	19642	3463	7496	15873	4083	6989	17114	1021	1497	7007	9056	10100	532	16736	1331	9399	4341	3754	15488	7362	1485	19743	1481	5076	19305	6234	9099	19514	15025	451	1694	6916	7979	15590	16999	19537	7522	13394	14221	12969	17264	6229	14297	17497	13250	11779	12590	12542	4265	6467	4516	11403	20192	16066	9157	10685	12112	2767	1046	9197	4291	16314	1302	1180	5342	9814	9871	8156	18889	6014	17707	10253	6187	16934	12718	13969	19114	4878	17894	5655	20167	15438	15705	2744	5584	7234
6435	13913	4532	19156	19624	17964	17624	11165	12488	11874	1019	10638	2778	10971	4720	16747	8696	348	8284	19998	7241	19261	14685	6971	5413	13455	2876	9965	13307	10855	12536	4370	13606	18659	10196	19640	9843	14052	19850	15583	18242	11805	10194	18970	3777	13948	19719	14297	10272	18154	8745	1952	18134	1092	17074	1153	19202	6020	4982	12814	621	3005	13679	20206	19848	7733	9026	1368	17184	19712	14885	2650	1193	11603	1480	9664	17753	12050	11925	17304	6252	9033	13058	10840	11385	16291	9616	12623	3314	19638	8717	4717	15389	15948	6464	9639	6475	6126	12846	9459
13605	13478	5526	4948	3568	4267	16948	7056	13533	2727	15643	17092	524	4694	6500	2526	6815	16572	7637	3363	10643	18291	5348	17915	1953	15685	9871	12151	17694	17304	20193	13327	14343	6040	9403	19130	19237	19671	8494	3933	19602	5085	17277	17497	3774	11170	9911	17759	5818	19509	18725	1559	6490	19044	4362	18382	360	16518	100	10813	17876	13247	517	12207	19240	15745	3103	6905	9952	2932	18971	8678	6551	8922	14354	7179	5288	2748	6896	838	16903	3752	16226	3191	19220	14966	18177	15261	7671	17789	14443	1183	6836	2835	6533	14559	15165	5856	1396	7986
10432	18730	2972	7631	10308	13050	6495	3962	4275	7217	2561	18467	16962	10645	8131	17488	11180	17083	5749	11843	6303	11155	1709	11488	18422	19207	8655	7582	5390	12257	7571	8373	4920	2734	8910	16502	20129	7130	3028	15710	12937	20023	2375	576	729	18282	13472	3605	15914	6572	18472	14354	2693	6758	19772	3680	12229	13923	502	6212	20086	9682	4938	1567	1553	6185	13027	9959	3348	13387	4692	9421	18513	12186	8186	12324	13063	12060	15712	8893	17259	6538	3111	10836	18616	8493	8808	17552	3824	14010	1081	12158	5472	12727	6124	19945	14462	16605	13569	19188
20020	8016	18904	18101	3062	6790	13521	3104	11130	19115	1534	8548	3343	11087	4328	17865	8691	14734	12682	9554	8796	17642	10736	17748	2592	5657	7707	7656	8617	15428	11569	19667	19883	5038	17543	12833	163	3003	19871	18818	6103	8923	7328	12641	6120	9538	13327	13881	7235	17284	14319	14988	13562	564	4695	11430	8016	16368	7752	13638	5041	2492	8499	16586	3322	7853	3957	1147	3508	18311	14991	19083	6046	16925	9154	13541	15652	6461	6723	4591	10741	7973	14022	9203	448	18615	1780	18185	1267	9895	15858	13425	18209	13447	3362	11696	1316	875	1371	7576
12255	14429	18481	13561	7168	3588	144	16325	18396	8292	8244	4264	641	4792	2734	7507	13159	11576	18280	233	9070	18859	9893	18425	645	16198	2549	17894	18316	10733	7214	967	16120	2673	10842	15052	16720	5433	17262	12024	16791	8266	15646	12356	14424	6469	9408	18339	976	9856	16771	4108	5688	17532	19465	14462	10614	269	5091	2610	5893	6684	14726	312	9765	433	10881	8172	5159	17923	8185	18211	4242	15227	7314	17376	8856	9562	3341	16713	98	20108	2089	18803	14700	6829	15835	4146	14783	9495	10407	20062	7446	3398	8116	6908	2774	3657	18739	12532
4649	1673	17680	17569	2255	8895	5993	4612	4997	15235	6572	18090	1612	3894	15129	18412	3420	14772	10019	19513	17966	16817	3778	7708	4095	9592	2338	2576	6037	9717	17476	6338	7294	19412	13237	20050	11098	9201	11645	2795	5022	20114	1596	8225	11509	3797	62	2527	2969	13103	16367	15660	11604	4588	2823	8522	12890	12900	13427	12851	3275	17266	7571	11520	4532	5252	1913	15313	17625	3381	10179	390	15507	2617	10473	3885	4030	5940	13553	18573	17391	474	8205	14529	18443	15259	15574	10611	15485	7925	18094	19583	15844	8018	16788	19170	6683	16342	10738	10224
178	3629	14240	13533	14941	5951	6731	490	4126	14173	9364	19980	19241	69	9232	16830	7316	15748	15909	18575	16695	7441	10201	14635	6613	3910	365	16031	13894	297	1779	10374	16193	560	4452	11896	9659	13680	4668	15904	3291	16505	12461	2565	18068	5127	12927	16852	10179	13843	67	15611	10356	4946	10569	4202	9986	7189	2923	11938	7459	11130	5694	7727	13868	2090	9779	10451	15139	11745	16607	17912	1362	16721	7067	6258	4380	17319	4842	8863	282	18591	17191	15234	13640	15959	1266	8388	12890	10447	6435	17150	3582	1509	342	8502	10552	15597	1311	14507
7621	12981	16878	4144	18068	7134	2101	6847	717	18188	18494	12010	14794	3089	7672	3603	10633	2877	110	14048	10507	16692	6188	12160	12602	10295	17673	13267	17392	11275	12467	15955	760	16425	16027	15005	10858	927	14542	5271	10381	1011	6478	12084	8880	10411	15727	17940	14430	18459	13057	4648	10540	14435	9180	19563	5912	1722	136	7698	6576	15648	18129	1793	9894	15724	12309	19487	10533	19612	10633	387	10109	15191	11434	12685	8565	19368	6461	15202	2561	3821	5239	7498	18683	945	425	19755	1405	8162	8305	8433	18371	2763	3549	15494	11633	8125	517	8856
11532	13496	5926	13386	17464	2750	5989	8806	14987	17742	17031	4198	883	9905	9443	14168	13235	16422	11987	12533	14135	9036	7664	12444	16675	17118	18679	10483	16910	13981	18121	11542	1317	7628	5081	85	5887	18344	8856	2016	5039	8565	6577	18325	16092	269	9245	3702	10156	1834	16265	4466	7521	8208	2856	15060	4501	7916	4517	14758	1875	3467	16732	11550	69	18248	7091	6968	19939	790	5169	13114	11119	325	3399	7192	7415	3965	10191	17966	1190	3762	19316	5750	5609	12270	7701	3185	7597	12637	10625	6895	12751	13647	9852	17488	13062	16510	15444	765
14542	7400	3994	2148	1932	4031	5081	11334	13015	15506	19003	13321	5189	15173	5344	8617	20104	12991	16487	13723	6508	521	15116	5961	5076	2331	16776	3775	19898	18928	18132	17094	19393	10618	2779	8812	7294	2263	13779	15144	15543	14406	16107	13745	11686	11467	18311	4717	5478	10196	14636	13521	4532	17639	652	13016	7863	10540	18718	15317	11837	10320	8686	1187	19969	9125	4314	17712	18917	13068	19923	4476	20084	18261	4351	3555	2456	3610	18976	17008	1482	18397	16816	16070	485	16991	13527	18741	20172	18768	18638	16797	7788	15164	1777	1630	17735	7214	19194	3425
17949	18095	12297	12431	2415	7576	3018	2795	10120	13288	7971	8782	18261	15604	16295	19055	3883	7787	16220	5988	14007	3575	8086	11173	9243	388	11900	1682	15084	11984	19967	6925	9543	14133	2116	2821	15821	5983	1033	3554	15672	3638	17750	8714	123	16303	1948	20162	18886	14808	8099	13584	10820	2979	9038	3667	17562	480	1633	11941	15743	12783	16651	5995	19263	12470	11989	13929	16944	19117	10384	4191	10841	16637	9379	7021	9800	1688	19048	14794	376	12364	11320	1692	19760	2299	8528	1437	3484	7094	13986	13553	5779	3933	15327	4771	19111	2972	7	3274
9093	7603	7038	19170	14182	10327	3540	4935	14373	14250	18896	5463	7226	6746	8683	10157	11972	2550	16380	2300	6353	13279	11040	12606	9779	11135	20118	5834	18842	9295	14845	18409	3403	9156	3253	19931	1589	5536	3228	10482	13236	1766	17996	7013	17143	19603	10503	18370	4871	9517	13502	15185	14752	6278	18040	38	1039	1048	1535	16823	14343	19335	4269	3961	11681	19614	5598	2385	19507	15573	12054	7196	17621	2269	11830	9518	4078	1058	10737	7111	1049	9086	12672	18319	10240	10564	4791	17615	19988	10548	12989	7142	4386	16299	12819	10350	14256	8691	19595	3153
493	17740	19588	4713	16247	3976	7013	3531	16375	15297	3311	1443	16484	15986	20134	13045	11161	14292	16985	242	20038	15842	13153	13009	8535	16369	14082	8835	3756	18841	14796	5342	18735	19551	6782	13987	1122	2657	17791	7020	16998	456	537	10103	17811	12106	15469	5538	9382	3582	8497	19646	9630	16574	7290	13380	15938	750	9431	2118	3420	6568	16806	8114	16216	19471	17308	17760	18481	8370	2484	7973	14998	16516	1300	18631	3752	13037	7611	5175	2617	18318	16597	5030	12922	16699	12879	15821	5082	12481	15768	9914	3558	7553	1059	9147	14946	17877	13211	17181
618	17227	18421	2480	16500	10490	7275	7442	10345	17254	4348	3494	14748	10978	12594	10008	15068	2086	7921	6200	15494	16431	8085	13207	11115	3322	14413	18434	987	14372	6576	7581	12003	5849	17711	15360	3647	12512	13250	19427	17782	2927	5525	16860	6676	15175	733	321	299	3901	13168	10589	18350	18016	14417	494	14695	18727	16467	5560	4396	5222	7357	2655	19939	4083	15120	14424	4920	3518	11906	14642	1398	12237	11453	19251	14723	4672	16447	5688	10657	17542	15503	12530	18935	10818	9508	3051	10551	19718	5528	15413	4910	17140	5210	16631	5041	1876	11200	5211
11121	11688	17086	7857	8473	5369	9360	18622	14185	8302	12637	4435	11268	5790	4535	11693	11392	6207	16030	12793	94	14181	2248	10688	9373	16324	14027	7019	10950	8856	17802	7334	14419	15846	11468	20082	10251	13430	4854	6415	8884	4028	15009	6939	16723	9722	409	10008	4916	19712	7334	12851	149	16172	6275	14323	8402	2457	14460	9509	19223	8141	17463	13436	10691	667	19152	9234	14721	5354	3801	4997	14418	15878	12204	15898	1986	13155	13973	8821	8548	15519	4674	5894	17008	3214	2439	4236	10498	3775	11586	2969	2251	15178	424	5643	14840	12536	1067	4199
17022	1869	4804	13562	12977	15655	19387	7349	14	5398	1152	16582	19505	3820	11439	12476	10183	11141	7438	4188	4796	2456	910	3486	17097	19687	18276	20129	1976	13689	3814	18392	1684	4341	3645	19858	10210	12618	19069	9108	3771	17983	2432	15976	20198	13675	17579	14023	8895	15480	18773	19174	1570	17929	17203	10642	7935	6829	3043	5388	7360	19308	15740	17881	2575	5214	12451	6127	14779	5418	5217	16551	13616	9103	14734	13974	13137	10183	10810	6289	2174	11138	16814	8633	11028	13680	374	245	3029	6022	18255	3866	14256	15055	13063	8351	10327	12409	4166	10477
12344	18226	7099	15269	19805	6053	16488	3272	14343	9090	7891	16173	5654	4299	9117	1182	15923	17845	5641	17532	9997	4479	18756	16150	3883	15151	2205	11488	3243	7125	17408	17829	5393	12247	11575	17472	1114	3904	19478	4764	5385	11448	10782	12052	423	17830	1814	4965	16518	13215	8895	11292	11954	3144	8240	14216	12801	17070	13452	250	9116	4896	944	54	350	4751	11624	7962	15132	7039	19393	18283	2713	13410	2297	302	4900	7515	1113	11000	16947	4123	19005	620	16350	18661	7049	1894	15301	18545	17446	13392	8134	13386	15194	19270	3604	7849	19421	7420
14010	6913	487	16920	12273	20011	15948	17030	7967	14531	68	986	5587	2657	18249	11303	7489	1766	18667	3647	12793	13173	7020	10092	11686	7434	12664	961	10400	14231	17421	18458	16125	18820	20200	16679	2384	3805	7754	17665	2677	10386	6998	12632	16717	18294	11860	9183	15237	10814	4315	5526	7134	9766	4228	15767	6703	2649	3694	19107	14357	1988	2368	19261	13220	5913	13933	2283	4897	14107	16725	16589	8315	9336	6235	8154	18960	14371	5859	20062	16649	7595	7484	6741	15328	10911	8828	15184	1430	926	12556	4499	18511	3441	10381	16426	10980	5968	14548	2761
13248	5330	1991	14347	2713	6415	18273	14667	1241	5639	16587	7628	19712	9233	12823	10001	5921	19638	5030	10547	6977	13604	14311	3783	14644	18160	5884	4374	11406	5137	12072	16426	8268	47	19892	19995	3724	2541	1799	6704	9920	18612	15552	4487	18549	10226	16413	12542	12478	19102	12187	14734	6239	9880	7345	5798	3309	4772	15205	11906	18605	6613	19130	14810	19458	16593	11275	7329	2130	1900	9999	9210	7794	17680	19207	10104	7826	16516	15735	10283	13046	5208	1920	17650	6355	8713	6105	9	1903	8146	16397	5591	894	13248	12807	11167	9503	10905	4603	2390
968	16152	1135	19766	6856	20041	9615	12369	1961	11101	17389	2897	810	7790	10016	7977	12190	10484	11636	17092	2165	5013	6673	5964	15985	3746	212	3123	12144	12518	7560	1516	15957	15096	3506	17100	16679	7851	8062	6352	4352	1753	11837	4726	6392	5337	17542	1975	3051	19544	5418	5940	1720	3229	12090	19025	1954	320	17635	6856	8717	19243	17303	4411	3781	390	13250	16187	1036	3724	15247	17438	8183	4191	2346	18664	2040	577	15496	4901	15995	2371	6197	3384	19864	1396	9586	4972	9173	5	19256	18093	11074	15740	3763	5085	18144	3094	285	10470
16175	13795	7546	12721	1802	14673	20002	20128	10517	15938	1002	14981	181	6256	13358	9511	5551	17037	19140	19003	17719	15518	808	17028	1291	14846	11768	1127	861	13494	5425	13400	6038	16466	4152	3486	10591	7334	19274	8108	8254	15699	19787	3534	8748	12684	4485	15322	8988	14273	5361	15498	18000	4889	426	12152	17940	17751	19747	14110	2630	17189	724	9605	20055	17438	5804	17561	16870	1726	4737	11786	13852	14109	2569	19529	4816	1762	5136	20054	13709	8540	11349	4040	15709	547	14321	16708	17424	9752	18273	5534	13047	10806	9410	13404	6790	12198	1377	11163
15440	13447	5398	18091	8240	17432	8721	10483	13332	19192	10618	19314	12167	14709	7506	18283	11750	473	19230	18814	70	17723	13668	10692	8962	4465	7980	4823	15272	4398	14791	5776	13581	295	16075	54	4845	12449	1559	5560	11399	12680	6920	1601	2755	2506	8339	5394	9743	16752	8291	15102	15909	11597	3059	11231	15779	3164	16154	18344	7299	8944	488	7532	582	16326	710	14592	16562	18859	4397	5835	16432	5310	5005	1920	11329	45	16183	15054	5640	12758	11072	1682	14892	18185	17443	14035	6115	6228	3602	12434	16755	1969	3832	4665	3176	6209	12421	12252
18294	4263	13291	11880	10416	5116	10274	19670	9919	1201	1452	2786	590	12430	14904	3066	7357	6113	6989	4879	19931	18837	16422	18391	15962	14636	4683	5112	16938	19484	10107	1848	4696	9618	18682	1729	15059	10159	6102	18869	4838	9214	4998	408	426	8207	17911	16889	7420	4354	12003	19465	9203	6976	1809	7807	8145	18237	15540	2415	17141	9238	8006	1779	19995	14758	935	8237	8162	6276	13510	15983	1720	7327	14812	5935	18036	19280	12434	3337	2339	18723	14631	11003	124	6629	18720	16440	19541	5627	7854	17064	9387	14628	12059	19208	16182	4551	7241	16335
4069	15031	16094	16836	502	11032	6132	14647	18379	18439	13333	13616	13648	3437	16608	5595	3113	8785	4968	14673	11065	6704	17652	14519	5289	2749	2035	191	19142	2425	19158	154	4054	13584	13900	4301	12959	4623	4328	12710	17225	17159	2610	7318	10254	4152	14370	17855	14045	20172	18457	16432	2677	10883	12389	10611	2917	14032	5650	10872	14619	19176	15944	1920	16687	17381	14670	14653	19156	8086	3947	19102	16878	716	19632	12741	5472	17618	2284	507	15388	15400	668	7931	16460	8404	10823	16024	1847	834	12214	12409	295	11158	18498	1511	17223	2390	17480	6540
19489	19219	13242	19571	15439	17478	12025	8711	12516	3571	2853	697	15786	3779	18633	12067	6664	6024	5418	15916	13128	4156	8370	19771	9125	13628	16265	6683	10797	3946	16316	10638	2807	1321	7546	1781	19853	7500	8919	18271	9578	3182	16843	7130	12070	5682	6702	11921	6489	14631	5610	11971	12187	4470	7556	15209	3467	7111	3788	19503	13771	9717	14670	2366	10986	10325	12305	10602	12589	10829	224	19969	12270	14530	7623	18813	6849	15245	6248	9399	9901	13070	1628	3424	17561	17352	9447	13226	7918	1025	8891	4334	9097	8119	9057	9059	19761	4804	14977	13698
9933	13850	15387	16324	8173	19805	12716	14057	3955	3002	1834	7234	13675	2092	13146	1607	5961	74	2194	10350	16903	11125	14623	11681	1017	2894	8625	5949	14518	3264	3490	14964	16983	10631	19582	5075	12936	7607	11049	10555	3501	11673	10820	18160	2222	19116	18336	14268	14041	4979	6731	18316	16628	17246	15436	7394	6415	6487	11559	8703	18921	10651	1377	11787	18581	14529	11833	4659	18528	1045	8269	1007	1849	11467	6359	5163	8557	10739	2883	15543	17165	15415	3201	5754	412	2702	5250	14530	14594	2632	19264	13170	17270	14261	12530	4447	4474	7237	3381	19784
8562	14035	9899	15642	2835	7747	9096	3869	13978	15038	7722	3334	19393	18422	3450	8153	5409	17567	3663	4209	8408	6908	16788	18706	19870	7114	8108	16052	2610	16790	19697	4873	14033	17251	18840	11664	18376	6389	2103	18424	8921	13865	16198	17276	15567	7527	11117	7515	1654	12606	9287	15349	5253	6659	13947	19192	4135	4236	16630	19997	17446	11451	765	11185	12351	4384	10376	15237	5792	2640	7141	12155	7124	15406	11316	9686	1598	17521	8194	11743	5702	7753	158	18304	13339	16864	7619	13557	12522	20023	7979	8824	10003	11922	17341	14951	5835	13002	2223	147
7659	17163	10912	478	12935	4570	4511	18144	1550	14632	17358	12347	8079	1711	9450	12223	689	5567	18171	9921	6394	10628	15160	9959	8433	7415	17855	5271	16985	3348	2091	16716	17119	19912	13946	13478	10347	10283	10760	14435	19638	7608	919	10387	11993	8156	19917	5473	12270	5123	5860	1852	6414	1421	18163	8232	18499	19047	14895	11920	996	15387	15198	4521	5661	15301	16623	9848	6820	9943	12470	8520	11035	9017	3668	613	18640	3911	5339	12922	9920	1651	3732	10554	18061	2595	5906	6192	18450	14242	2312	19875	12974	1081	11471	5837	7748	19568	4233	9691
2073	14747	938	1598	6056	8944	8313	18832	6916	7791	4095	16165	17360	5633	941	10800	1185	17450	2664	19649	12377	5610	592	17220	15919	14852	14662	256	11191	4699	17448	20082	5546	7454	12487	15439	19326	9131	4190	3020	2398	13550	3875	14551	12797	8942	8683	590	10685	7762	667	4660	19154	14102	7212	8050	7511	16321	16736	17702	8222	11051	18911	15168	18690	18035	2016	15757	190	16934	6216	19703	297	19705	4468	8569	35	18953	6030	5061	2062	5429	12353	15950	1733	19697	9709	16061	16746	86	14179	4473	16562	6603	9299	15406	13732	14674	4268	16760
16001	3483	10761	15010	7954	5270	13327	141	18512	19777	12786	19588	5742	9556	15101	17335	9643	14731	19048	19716	14145	1211	323	18953	19971	1999	14987	5028	4811	19667	2983	2480	16143	13829	5163	18645	15873	15767	17858	14668	49	11644	191	8182	17608	8554	5813	17672	1534	2108	9231	20018	10247	9526	3258	3220	15702	181	11387	2986	869	4493	4870	11123	15544	2313	5337	9331	19651	3789	19971	3885	70	5459	5326	1415	9686	12518	18590	13155	18753	18370	57	16156	12241	3018	11520	17085	9354	12668	960	7696	19490	12167	3498	15349	5341	12586	11467	10097
16961	6895	1658	19921	6985	6855	14825	15097	13728	19253	12254	3404	14069	16999	4521	60	7065	11710	13019	1704	5248	3126	15021	10412	11636	12389	7985	7900	10004	12555	13004	15510	11298	18350	15281	5018	14525	4191	17776	11410	6519	5116	11932	8272	4152	14479	9641	16835	18381	18930	19804	1056	19973	10007	8925	14542	5602	2936	11016	5621	3799	12520	339	5383	8296	19203	12982	18354	16323	7515	3908	8065	4836	16198	964	13554	15276	18898	7547	10601	1418	10189	1375	3906	5277	6103	1023	1127	3932	7836	11436	6618	12064	14964	1295	20079	5174	397	4263	14788
11602	15260	1481	16770	2811	11277	2255	3972	3288	16314	6998	1115	3133	7018	4254	3714	16939	4151	11766	19131	8871	19802	11581	11483	14168	4473	8394	18021	4162	1903	16182	6161	12441	374	1617	8890	8271	14401	11500	10079	5761	18437	17910	17162	4949	10329	10074	10484	17695	9402	1281	4711	8651	3953	9679	8797	13432	5170	8993	8447	116	2576	11298	19782	5889	1641	10669	16985	7173	12121	19451	7175	19678	964	4702	14808	8828	12602	18740	16974	14857	1121	13518	13713	9473	12838	8990	12922	13755	3634	6446	17629	18096	4847	3352	7566	19286	10339	9061	6477
8776	3348	3165	3080	9893	12613	1329	17486	19567	6024	5782	8187	17308	5385	9447	11812	4036	9388	6321	4572	17014	4633	16634	4550	18102	2564	14748	11857	13664	978	19373	16828	14295	14971	13595	9047	13058	17553	18376	18913	1406	3866	18499	8513	3910	12787	6432	3443	15858	19012	11254	4815	4870	20148	7968	14871	8096	16271	4399	11485	9181	12326	14216	12804	5089	3094	11923	1201	11573	13393	1915	8442	4369	16989	9734	2610	1999	11688	9645	19474	13478	9486	110	482	17604	14231	11398	13602	6007	14752	4627	2841	7637	13675	14988	13225	12980	15572	3536	17802
17882	17164	4566	6112	12469	4671	181	17435	38	6775	8156	18121	4119	16955	19767	8440	9467	6982	2841	9278	9202	751	746	13430	7999	5888	11351	16781	12827	1449	9095	11610	1114	10296	11167	9485	14347	16873	1757	14729	18995	8911	8899	3915	7986	17902	2466	15594	7722	16901	3580	11722	15779	524	6135	2744	18972	13984	12898	2662	1888	17097	20204	1290	10649	18242	9717	16026	1658	19316	11740	13435	6420	8534	19484	3728	19104	7013	14870	11264	19716	14634	6905	10426	19110	17458	9056	4966	10525	9057	5164	17459	14373	8262	14031	11794	13393	16142	14762	8207
18972	6999	10325	6750	19922	17151	8362	1113	18745	10219	15620	3042	16736	3604	4694	11677	13342	9516	10832	13045	14179	1212	14225	11365	2405	10540	3122	8911	777	12375	1540	17964	784	2269	15709	424	13279	10100	3990	6862	8951	1183	13167	10254	9099	14265	7943	4586	1870	4875	18370	18988	528	3114	6067	15523	8955	9362	8260	17590	13260	16766	13894	563	7447	13812	19091	10304	14821	2473	3547	18250	14297	12823	178	589	13897	3200	13710	17203	10113	16613	6661	16554	8696	10653	8716	2252	17839	3464	11533	16593	6975	14499	1789	18549	2778	14280	7173	18396
537	12034	6530	5178	11329	5627	5020	4108	9266	19364	4637	62	10156	12617	1768	9360	6250	2657	20045	13513	2528	7632	19877	5420	17827	4386	6751	17751	19083	8560	9430	19905	5543	15692	9707	4812	4427	2923	8109	734	6908	10691	12930	11822	8925	10053	15519	1564	10162	15145	4158	624	10566	12891	4816	11377	10272	19935	8236	10312	17609	16574	5955	8748	1622	8879	5162	6872	15646	19684	14108	10916	4191	18115	10257	19741	8607	2361	10558	17252	1708	6914	4473	3576	4647	16585	15919	19855	7046	1043	1709	14558	8166	19678	11636	19941	13103	17051	12847	5798
11144	4539	4702	16483	3229	16270	7851	8922	15356	19908	7729	8310	5082	3411	4231	8357	2447	8964	19281	11721	3603	10452	1708	3198	3237	1663	9587	14610	14651	15872	17749	13185	18734	14630	12684	8534	3172	9682	10402	13642	15099	569	4130	5028	3599	16151	14834	9409	5642	17312	15882	2287	117	5989	15804	5388	1389	2028	18280	19901	16474	11105	1418	10469	5858	9648	14583	11431	11920	10325	17252	18913	2693	9837	6307	4322	529	5127	8678	18677	2531	3122	428	9179	17438	13749	8795	366	13399	11229	17683	7228	18591	7559	12095	1672	601	697	7266	19338
9453	18250	11412	1009	1023	10179	20150	18778	17679	3219	4455	11404	1202	11150	17732	8878	9099	4104	9997	10500	8897	8172	10694	8562	2221	9047	9270	3651	18836	3417	2838	16114	16364	9067	8655	5016	11932	18679	14922	15515	7612	16385	14552	18171	6847	12010	7622	10498	1031	19697	6332	5344	16007	494	4391	11827	10295	9561	4933	8427	1124	19162	19507	6835	146	19876	6677	2859	6323	2434	16229	10558	15495	801	6773	14166	17560	3370	5577	1450	8936	9139	19773	3080	6241	18024	6231	3308	17873	5952	12793	3659	15191	6373	12705	18517	8635	531	11084	4878
1421	18640	545	1396	8281	11396	10959	16237	19715	8244	15909	7708	15072	1921	9139	1567	12662	828	14120	9309	10276	13377	13511	1591	8902	15929	17308	262	17100	468	17443	2542	17371	3726	1682	10905	11119	13315	8627	19875	8474	14398	9519	10112	13616	2081	8992	1114	13684	10509	15258	10502	8959	3979	10227	9456	9430	11127	10885	6337	13436	5163	10990	5434	5363	17941	8806	12694	16947	9991	3814	413	9915	11167	7081	12647	2300	11874	13910	6649	6126	14738	15898	14185	717	7276	1558	14674	5275	2998	8078	13452	7130	4621	10233	6568	5442	14912	14540	8255
13005	6942	3153	17626	4266	17028	6423	12916	4204	14235	12584	17260	6689	16783	14321	16823	18868	17494	4695	19401	664	10676	5033	7934	14	13103	18474	13050	9641	13403	5889	1022	7901	9899	17854	952	8725	12538	4442	653	11246	12809	11385	7056	8782	43	4948	17183	9031	3208	4250	944	13186	3762	15471	2148	2439	12197	12542	2465	12497	1142	14618	10868	11906	1229	17137	9307	2128	14644	748	8183	15142	6765	17654	17520	10596	6337	7220	9914	10589	19600	8890	4337	7788	13674	15840	9493	10891	17768	410	3493	9921	1118	2715	10554	9450	6609	3398	19656
8230	2425	6809	18587	11444	15424	19041	16989	12333	19624	19270	659	14401	5961	1169	17469	6696	18282	13966	3648	13829	57	306	3770	2447	9380	7211	12705	7414	5441	6363	9892	7319	12767	7982	2306	14273	11337	1051	3908	14772	6686	8048	16801	4898	6976	14492	2353	6262	17099	14366	14460	293	5336	13527	18070	5389	11475	12591	5291	9766	1869	3742	19028	5754	15214	17114	7288	13220	12333	3085	4686	5066	20039	19111	13405	8041	12986	808	3403	1382	7332	7962	10501	7448	16274	13128	17153	7655	5676	15207	7832	4034	17254	10599	2795	12310	1538	8556	10205
9056	7949	14743	16173	9052	2152	14499	17876	15160	68	16766	7214	11781	9941	1959	17653	14451	2506	6411	12124	9211	9424	3475	13990	17138	1621	390	2196	17161	11403	8237	6112	19740	14544	20146	13802	10992	18200	3182	17302	10782	7199	3669	428	18101	17041	19670	19892	384	16776	4593	16805	17554	2935	11809	9459	5291	20138	19980	2064	14662	14590	19394	19048	4160	19029	10744	11351	19571	9164	5563	18714	817	18037	12225	16344	13339	18959	10719	6300	5438	17335	1993	3229	13769	1135	3216	12749	6040	4875	12119	8907	11119	17433	2982	5109	6598	2851	10839	11535
5418	18868	6063	5725	6035	3181	12934	11926	10686	9923	3798	532	11999	17636	6638	11105	11155	6338	7638	427	17101	3820	19931	8446	10144	1606	20102	13968	19497	5809	5380	12377	16345	3126	9941	8514	8326	11830	14425	16883	2664	4706	15135	15489	2686	12857	2751	5955	12006	7589	19652	52	6120	10580	10635	16731	13850	3737	10761	5250	13481	10426	2755	14323	10218	4312	451	14818	14161	14559	10464	18453	16555	6209	13460	19030	8721	1329	1300	11979	12254	4573	6477	5127	15316	17991	17542	10494	8531	16666	3487	9608	19205	1487	19741	39	13831	13365	8193	14005
13646	17072	3534	11452	6964	15611	6117	15152	17216	3485	10024	19519	16784	7035	6404	13455	17522	5946	10618	10810	9398	18750	4276	8125	11845	1063	2632	781	4083	1046	19168	8329	12784	3128	9558	2364	4435	12990	11158	9388	17045	18391	11585	18440	9592	11915	1660	582	9277	3255	7764	8275	18892	7736	13311	537	9491	1860	5127	5997	7443	10152	16634	20176	2495	2715	1132	15911	4442	11246	10692	17638	1821	8403	9000	4773	20011	15788	18750	8717	18457	14893	9346	14423	11487	14229	9675	1876	15249	7857	19374	3012	1781	11986	1877	16976	15710	6428	1002	10665
1241	11477	11627	4707	8535	9959	1550	3581	6211	9671	1105	18709	11280	18816	8588	13063	5761	8075	7517	13027	19469	8737	17727	5319	19998	6211	2762	3879	14667	17930	7553	14971	19734	12237	6053	2103	14555	17040	4856	4236	3600	961	7918	19202	7010	14391	3546	8426	15284	4350	16669	2295	8726	3205	14427	3114	13714	758	7642	18398	6301	15144	16127	6155	18685	1036	10079	19806	12341	5909	944	14129	19327	8193	9180	15698	5457	1610	5977	15053	15207	12826	15469	9287	507	10735	17262	5960	17484	2761	19487	11287	20143	2861	12364	16736	552	12320	3499	17776
11907	12567	8902	860	3819	17921	15074	15205	8137	5882	5787	930	1969	16801	5719	1027	7041	5733	10728	15509	11403	8545	2612	12542	1122	5588	3582	13127	7269	1658	5809	1524	9833	7359	253	5244	8796	10203	19308	12390	11473	1516	12189	19484	12916	5313	12085	17092	10247	11434	15568	3799	6463	10694	16775	15158	2190	17380	2776	6263	15566	3165	1000	5717	12215	18513	1950	3199	9262	18051	4659	12051	9069	16687	13215	16615	3405	919	13237	10691	2432	1615	2327	11322	19104	16800	6020	8662	13546	19029	786	17296	8162	62	10407	6500	9936	4295	19357	15400
5601	9306	6511	15233	5487	1256	4593	20110	9590	9456	1383	15682	19813	8890	17727	7333	7388	9793	14460	306	12739	694	11457	13749	11537	4767	10645	2368	14808	18036	19863	15441	9031	7748	7838	405	17644	802	15646	19813	15889	9908	8270	7514	2777	12571	17016	2689	7796	8089	8992	1152	10588	10272	8527	4946	11401	6667	5045	6278	4087	18705	11232	3602	18459	2767	13413	13669	8312	10373	7130	2040	2341	1669	1474	127	14953	4648	12182	9473	10040	5879	13155	17801	1081	12634	10400	13396	11810	296	5319	7164	19835	49	870	11049	18041	6611	16246	4319
6481	16919	19988	10645	15964	15688	19261	17381	12846	17814	5174	9631	16325	7675	14980	595	16989	5513	14756	3264	16390	1682	2765	11394	13721	2362	13685	7703	4573	8745	17425	13386	9069	2153	10151	5265	16615	19338	16501	1412	17744	1114	19169	18477	3039	19057	17076	2654	47	10065	7568	15577	6496	18372	12236	4870	1718	13069	3669	7990	9443	2221	16396	13005	2874	11590	2092	3827	17945	7338	8914	19286	11453	3482	3784	19915	14840	1121	14846	9369	11882	13044	16572	12185	12692	11251	18483	3370	1830	7428	7239	140	13538	13103	6371	2275	3017	16579	4275	17075
13111	1363	9388	14593	3962	1215	9747	5557	16123	4014	8953	3482	7025	14518	1391	7428	7738	2709	4997	18639	1565	18858	2283	3294	13105	1125	2062	2314	19600	5417	12136	1295	6251	8409	2488	14881	2080	6561	9653	16898	11900	13653	10611	8635	7114	12591	4733	372	8935	4244	12062	18962	13578	7505	6913	13396	19699	650	218	3838	16229	9465	17365	17845	11823	2498	8643	12738	17219	3746	4188	18291	7367	18803	5454	17410	9435	13603	8752	7309	6988	10694	15964	15025	15415	3435	17493	6517	459	10558	2215	12643	8575	14166	7259	16432	18039	17565	8932	5468
323	14909	19925	4720	348	16411	4428	1023	2300	711	7022	15047	7267	263	1615	16478	5306	12522	1567	284	7460	1422	7189	5200	10367	14953	7845	7985	18716	15748	2693	6578	6128	13069	6713	10454	15025	5162	3778	2963	5859	11988	16517	14363	6180	1894	6696	9232	15014	12476	9345	2670	3656	808	1063	11842	678	15192	2920	19321	2644	1888	12154	10674	3567	17776	6253	19041	10997	144	19119	12637	5602	10615	16682	6811	5227	5988	17184	7032	14307	16595	1630	17931	11377	14738	8713	8370	8881	5867	15931	17484	16295	13330	12204	5845	12592	19757	15764	11945
11753	19271	18515	4674	5177	16221	18361	18014	7505	11518	399	10839	15357	13248	19683	14823	8941	10830	6725	13287	16615	6576	2640	8233	17466	17615	4054	1417	17486	17683	8035	5761	8531	2680	4289	17344	823	3508	1371	11965	5405	1672	8699	6171	13601	12470	67	3293	11213	9005	1516	15356	9238	5126	16522	475	12800	4171	7406	13567	8078	13996	18338	922	5953	12132	4231	759	17257	10739	2797	18980	12555	17190	282	7902	18622	2213	7275	8103	11439	3847	4819	2209	4835	14266	8983	2931	9969	12047	19741	8655	11361	11805	1948	8285	4990	1193	13603	8305
15717	12390	10443	16598	1556	11965	19449	17303	9932	4386	1977	5977	8983	14352	2883	14892	4526	10590	14985	12550	11390	4036	14221	8296	14536	5324	7120	12210	15995	10634	7791	9443	5704	10805	11316	2506	8919	11682	6426	3255	9006	8474	3549	8109	8746	14245	3882	12812	3536	19449	6545	6672	9464	6264	577	19825	16342	4875	15388	12024	2965	5775	12164	3803	8389	1993	19514	4723	18404	9389	12641	16066	15699	216	5942	4016	15364	6295	6063	9362	14900	17245	15633	7622	14569	10256	12643	12780	19861	10099	11619	4648	13061	5243	8680	13925	5308	12986	12185	19686
19454	6359	512	10152	4303	19318	18881	2957	11527	13015	3450	18586	8208	7332	12932	1155	6794	16585	592	807	1993	12819	16323	9558	2311	19141	12352	19919	2069	9616	2087	6104	12559	15821	4588	16187	8001	4590	12016	4063	19964	15589	17587	9940	4121	8831	9851	17346	3145	13303	6574	13968	3521	17506	15041	5295	6750	1796	18848	19846	18200	17501	18541	610	5415	2368	1971	10402	11772	10804	20111	4196	6199	13866	17672	6295	2749	15206	1014	16188	8295	19283	11287	838	10150	4997	862	2167	8832	4012	17496	17239	9000	10329	4099	9603	17712	9767	18629	16826
10315	8523	5348	13853	4923	16383	18959	13764	13939	10001	8707	15166	15485	16675	18820	74	13170	14461	16932	3269	2339	5677	3571	4424	299	15255	3128	16564	2244	17159	1882	17586	2379	18346	318	1481	7480	19682	7553	16999	8500	12344	19656	2806	10735	411	5405	12974	8410	19434	3749	1498	19839	9862	17344	11532	3529	7723	3309	9088	18074	7975	343	13244	12599	15373	6474	1534	4659	15428	12851	1852	18429	6018	10224	797	4190	894	19373	19759	10645	4590	19636	3185	13222	2107	17078	392	17353	15816	15688	5692	404	12295	912	16326	7982	4209	19301	5754
17342	11978	9336	19189	15895	18718	3899	7388	11369	1701	12016	8812	17091	4859	15911	4392	5742	5261	3255	7356	2864	8552	14697	1903	4781	332	17141	13917	7556	14987	17578	12516	10618	6467	8316	10283	151	15135	14229	4399	4773	3461	11141	14454	1867	15571	20042	15703	3894	2979	6859	19632	14941	18405	16517	9218	10737	9213	17798	8523	8162	7234	8511	3568	15714	4838	9258	15819	13070	14807	1443	7214	12534	13603	9598	16460	2491	19627	7575	10503	10097	11286	17417	471	15752	3351	3071	404	12280	1971	15227	3755	8204	8729	19330	12781	17	9038	19228	9827
5856	19558	645	18738	10545	18361	4626	18064	6760	19359	9294	9200	4861	12019	13060	17019	14457	20181	1012	2143	12384	3004	6856	12126	16732	13294	6913	6815	9520	19021	14913	9422	17893	2836	1428	14090	17004	6338	5872	1834	44	8326	11397	11932	1422	7150	19482	13905	15771	10821	8880	3165	8552	464	14608	1182	9797	8753	801	15864	19511	17411	18971	14940	10231	9298	14927	7656	6934	7787	1217	7720	10452	19568	17496	6946	6795	2733	6080	11837	18232	11983	4919	6677	5774	8137	20185	19373	4031	1726	9835	3366	9427	17840	6103	1942	6601	9933	4646	1733
3813	871	16117	7196	12960	6639	17266	3543	15962	428	11509	13758	18114	9184	10584	1762	16401	15474	7848	12094	19642	14728	8214	569	18097	9441	11596	19181	10781	12914	11640	6471	14307	19329	9769	1017	6661	700	18445	1072	9169	17839	9401	11170	2972	3883	11522	9687	6555	13237	7394	1019	14423	2398	18211	9538	10454	2794	14833	648	14394	6458	5517	18097	151	19051	12352	78	577	11232	6117	8073	6115	15340	10719	15312	15959	14454	14522	6762	12933	13747	1953	594	4772	7649	11322	18780	4219	3184	12146	877	10127	15892	14047	7740	4201	15102	12941	13326
8732	6022	14121	16933	7349	9028	1441	1661	19462	10230	18333	17759	5939	16590	8016	9920	18798	10978	9408	12426	14933	18422	1341	15319	4282	8857	10501	3813	15185	8588	10535	1415	5361	9822	18867	19795	13559	15272	13463	15434	2796	645	4625	18756	4527	10614	8654	4612	2106	7313	9160	15939	19534	3445	19039	15116	2659	1690	787	16515	17035	9103	8805	9036	7285	1771	9567	13380	9766	711	1769	5868	8352	15915	12351	11835	11348	17490	18429	2354	2442	15093	13927	4803	9387	15832	779	15959	6895	2556	5610	6342	17868	18325	3420	13191	9632	1906	3018	6101
5201	9131	15665	3456	8710	9903	3804	13304	6488	13728	5516	1869	5694	9928	16788	6024	16640	14615	10584	10356	16151	9445	6292	2410	10685	325	19904	8930	15843	710	2596	1777	19855	6403	5951	9316	12811	10428	10000	13289	19568	16299	2287	2700	13681	12897	11287	521	13073	8297	13029	5418	11286	14023	11403	18158	3787	12441	2932	14885	16965	18966	15357	9556	4870	8243	11606	9886	3269	17079	14191	15235	3322	19149	10243	1974	9959	3883	7184	13061	7563	809	18818	5119	6339	7788	4135	7563	12862	7165	17502	2749	3490	13900	15740	19049	13320	6374	10450	1352
14121	9061	17087	1710	18718	2027	7713	3043	18426	15509	11635	938	7460	5968	12499	3905	8989	4509	8911	11557	11090	99	1967	14434	2078	14501	13917	16224	15842	12316	18684	20076	17094	9415	11635	13215	15271	6040	10343	4117	11481	4224	2473	13320	7484	1111	3548	3279	18620	13326	8269	19329	8241	1967	16307	4139	1564	18127	16950	359	15764	7099	7379	3285	2130	751	17273	7428	1975	15450	11842	5280	7079	16282	1615	10357	13547	3275	4069	18005	5636	6072	12652	7274	5216	10691	4980	8023	13903	591	8188	11725	15902	8575	16858	4354	9519	10188	5617	17479
19487	15349	11416	19109	6568	17794	1515	8397	1831	19369	19211	8311	19943	2884	8662	14959	7936	2370	1125	18778	10781	16932	6468	10452	17553	6109	14816	17273	10591	11877	11968	15778	2000	19706	15160	3945	901	17688	7091	19923	14459	1163	11986	13279	17201	11179	6454	4558	11233	4684	9548	18898	9202	2967	1375	12112	17301	10228	16494	19815	18250	14802	13603	16174	16837	1427	15043	19225	13029	2225	10631	7323	8317	15138	12366	9402	18722	19374	18226	9725	9569	12593	12697	15688	16725	17455	15892	14874	14495	14233	4949	19270	13043	5773	7470	1340	16085	12655	2911	4672
17644	6752	2068	14118	14637	12321	6362	7	16554	5951	14593	12296	2255	17241	5830	7167	17096	16073	19554	6149	4549	10154	8009	15158	13968	1395	6843	17588	7175	9763	4771	17579	16527	19926	2044	14559	15202	8329	20151	11084	1588	11504	16467	7765	4848	10995	1803	11052	19069	11123	15495	16095	16699	2066	2778	19509	16729	968	16240	3431	9775	17923	14981	16030	15980	15717	10915	7366	9403	1452	4686	5472	16169	18624	15377	15084	9421	16426	5594	99	3240	19712	1746	8984	34	12070	19598	16925	17377	3430	6224	8617	13393	13628	12070	4411	12136	17702	16932	13464
8925	1901	11402	11799	14545	14989	11932	6759	12178	18041	11467	5547	19170	16291	7338	10755	10210	7954	10371	12544	11155	6752	16762	8131	15824	10230	5900	2570	6745	5063	11448	15448	13982	1666	6196	6172	1886	11231	5638	8575	4312	7601	17650	9973	3388	3701	531	11014	8317	12470	11473	6374	16199	5288	11952	11475	10870	17509	10992	7803	6304	2251	15148	1099	17319	18849	8641	3133	703	1710	9530	1011	11979	14284	5776	1997	17380	16748	12578	6594	10520	12738	5608	16043	17542	13282	16162	9513	4445	9952	19595	353	16570	4845	17051	12465	2877	5761	3762	6495
18291	5043	12194	1549	12661	17569	14785	17415	965	7098	873	14235	8782	14960	6702	2536	4972	5244	6999	13041	9602	2811	13626	17037	6943	12552	19705	11053	996	18154	14927	11520	19774	5250	7151	18765	13714	771	14161	724	5993	6952	19989	11058	11322	10144	7470	250	18328	15374	5019	14120	10074	13159	6011	15025	322	527	14370	4122	10139	12389	16603	8085	12686	11944	14483	10385	6864	6040	3370	17115	3789	19934	1224	6275	19796	7472	3271	6243	684	14293	18134	1201	19019	14964	3059	13883	19805	4974	14714	18675	12189	15885	15732	3218	3521	11526	12333	3694
10038	5331	15353	13933	14578	16136	4119	12621	11846	1204	5173	4988	13987	10031	659	5593	6365	11248	2321	8071	2133	5445	9028	8253	15318	9028	18377	7434	18043	13831	3558	19913	11024	12690	8469	17008	463	11581	8185	19715	6234	16087	16099	17885	10553	18267	5234	10954	18734	6838	4747	6864	5950	2778	13288	9112	3200	7239	12159	5091	7816	14757	13365	7701	5669	17556	20029	12277	13755	6859	7242	14271	5283	4393	443	7717	15709	1074	7345	9064	7318	11994	13154	13548	397	15047	7912	2322	3180	16074	17543	1349	19232	15555	11691	12716	10700	16708	14858	3420
7511	18931	188	5924	11721	11771	5699	60	3723	12182	8967	1319	449	11810	2624	17832	7789	17530	273	18467	9080	17671	5086	6517	17190	9430	19326	13775	5473	4354	12647	10805	11760	3299	17478	3187	15321	5997	631	14068	6379	15735	9892	3398	8335	5214	17180	2291	15119	919	7612	10979	659	13321	13717	18794	11981	10628	11538	16878	13247	11985	12606	3855	8124	10755	13366	3099	13596	4717	12326	604	15876	8153	15321	7561	3855	9539	368	17193	8099	16663	16830	2752	18500	4884	4246	4030	3928	7446	19731	10008	12962	5909	17409	15602	16071	13131	3200	11993
18810	10003	11882	14033	2183	512	9179	15165	15253	9548	3587	9210	2528	11334	14726	7183	73	5034	12621	12814	8259	10247	15234	11336	11068	17395	19455	18291	326	6352	17579	14000	12892	16175	1002	11058	16188	18475	8694	10520	11070	11123	19237	12927	13679	12986	11520	14143	4643	1267	5209	17096	14191	15900	5772	9018	8995	19238	6877	2206	11528	7050	4835	11920	11123	6981	12332	15235	18425	19194	12005	6911	14844	15947	6203	2528	6586	6563	9180	10003	18740	18492	14318	18498	8480	12853	19304	8345	5956	11145	9557	11576	7925	19731	14479	12915	17586	7365	7267	6187
2376	11181	8655	8645	15109	4968	10580	732	13336	9432	10634	6077	12152	16279	6475	4752	2195	13440	9056	10517	9333	1407	3405	15031	9544	9017	16283	10087	18685	14793	10201	7360	11028	10698	1524	11405	16700	1742	19356	9254	6047	15358	16265	14413	8345	15560	12571	3172	9103	18646	9677	13143	16914	14371	4500	9119	16007	2171	8359	3312	3349	19185	6924	18880	16276	13374	15655	8034	4192	8642	1849	20206	11495	3222	17673	3493	3268	11608	19314	2575	19429	10993	2892	12864	13171	9288	13678	4495	4842	215	14211	11313	11098	1768	3324	8748	17018	18520	16774	19803
3404	11921	319	9055	7756	12241	4352	2291	17954	19697	19026	16937	7498	9096	18675	18739	16699	497	458	18361	12661	4599	16067	7718	2856	4254	15646	18449	16098	19218	4717	12777	11005	1267	12574	8142	15643	15798	9274	3532	2880	733	12841	16720	19552	6844	16933	13114	18611	6239	10824	12967	15277	3922	4482	6957	19540	110	15394	3177	11400	19048	4485	18408	16488	14770	1195	790	15682	5969	19890	17303	9428	7531	16810	3604	1418	14153	12642	6478	17493	17845	6056	15779	3444	18691	5091	7619	10959	8020	2123	11741	12077	4271	861	7082	7546	798	4039	18780
13204	9903	7347	17255	17579	17671	8187	17851	19093	9238	9464	7662	1642	19867	735	14795	4806	11745	286	430	19126	2027	5818	11462	17151	14435	11758	6775	6621	7951	11492	20193	9180	1341	19743	1684	717	18898	19684	16283	1415	12825	15905	10719	13731	13764	4558	19997	4065	14500	19471	3879	13602	3924	3018	8121	17173	2956	8836	7223	424	7038	1010	5094	710	9861	16920	3304	1459	6420	7443	13191	10376	11674	16954	3427	17473	3704	7676	9504	11362	8112	13710	16310	12537	487	13005	7572	2929	4334	2278	11436	7478	322	12326	4919	16965	3889	2917	10345
5643	802	85	8770	16440	4384	7377	10718	18803	3648	5443	1753	11566	14986	8214	1827	20133	11546	1402	5723	11124	12253	13541	3644	19618	18642	11971	18454	18707	1202	13438	10832	1748	3586	3222	6753	5569	16241	6353	14331	15047	3229	4444	7290	17371	3023	11980	396	1022	12488	3621	13333	8116	6795	17165	9694	9031	17443	8044	3469	4188	8341	13140	4842	19563	11539	17043	1773	2266	6478	17083	2688	13642	12209	6342	15519	5655	7057	14391	15717	2456	7483	16031	806	13507	2270	645	3268	7134	9065	5224	18831	2484	18949	19481	10873	3490	18701	18377	13716
7977	9449	8468	2749	732	3593	10585	17423	14791	19466	13099	18185	19326	5038	1294	7130	8932	4397	19995	3018	14791	8142	16912	15363	17	9164	18028	823	14068	5017	16388	3674	17180	911	7341	9117	18854	4625	11896	4625	1010	939	1042	13242	12833	6937	17276	6276	3124	7006	17028	18331	16766	5692	3781	2507	4421	8948	14289	9515	11438	5699	15071	10959	8265	17854	4739	8436	10075	10500	2805	7758	16083	5087	14032	10820	9924	14318	8930	19586	10503	6181	15660	18429	11444	17528	15781	6415	7347	13605	574	10584	10361	13657	3355	11646	9984	7367	5224	1350
9630	5917	4729	236	4052	9464	2236	13996	1407	2461	19364	4332	8962	1584	9449	2782	10716	6795	481	1486	11758	4397	1622	15153	3060	8260	2700	16770	6487	6172	1538	13755	19864	12641	19525	19358	7355	3859	11721	11623	2275	17675	4527	19407	12344	4496	6199	5929	16204	4052	8108	19635	18117	18161	18930	14	2778	19421	11318	9683	1827	11498	17496	19552	5900	15786	10253	10944	9253	20205	14483	18860	7014	3087	265	16523	16617	490	10774	6376	10842	6565	17176	12969	14181	16345	16666	16470	9374	12838	17760	13248	8660	2709	2838	5393	6253	19006	9262	3992
188	18458	12825	1877	15560	14154	9557	8091	19866	8983	10806	6228	19369	16391	9475	10997	645	13465	3549	16165	17478	18125	2501	784	10502	1831	9661	11906	15690	12464	15292	14351	2459	13486	6588	20020	12930	12749	18919	16168	1845	16953	9328	5525	19943	17919	958	8517	4313	15272	774	14013	15842	9598	20026	8540	439	9800	18563	19173	19005	7988	15500	3768	18012	3193	1449	2433	15942	13912	17128	9107	18708	7228	2241	19421	19913	5845	18163	9701	7881	6099	4726	19634	13675	11483	19501	15052	11617	11439	14067	8104	16349	1283	16633	9005	10871	1746	20069	20116
20076	9106	4162	2062	9606	1831	10912	221	13440	15682	4084	2362	10233	8390	3882	20147	2375	19689	7199	2592	17542	166	8341	7696	11010	1250	13558	16531	1449	12883	20120	19564	19863	9180	17261	10737	17962	7422	15121	7289	15403	10509	11000	9962	13433	6877	4427	19887	17713	5516	273	16963	8194	17902	18381	3531	14352	8166	12016	18987	9592	10976	17885	602	11491	4544	19927	15611	17529	9686	19463	16024	14763	15132	8045	15964	5155	7012	13202	11693	18707	12530	4603	17954	6056	5725	15400	12915	19705	11754	17102	7182	8188	9932	7967	17999	15238	7625	5583	34
5313	13432	1213	3791	17341	15179	4897	7935	6732	4460	9902	7926	16840	9747	7872	18144	8872	2689	2229	10166	14449	5496	10841	1862	3714	920	19261	1733	18409	12393	18776	14773	8552	658	8403	10031	15055	13171	17020	19073	8843	5894	2390	7032	5476	3312	60	15716	8345	7031	8550	19445	537	13610	10243	11574	15088	372	6197	11917	12064	1586	16496	1678	13448	18872	3726	919	7668	17714	2925	12922	7930	6348	16589	3900	9119	8440	14847	18501	12570	12347	17745	17431	19497	1486	7910	19028	1687	2802	577	16249	3165	12439	14351	9519	4783	1750	5602	13719
5784	13892	11587	17269	6710	19435	11560	12921	18088	12168	2555	5205	17007	18625	8100	2842	13892	12840	10898	2555	7728	18799	19143	17120	18290	17280	7250	8129	18938	10465	15108	12921	3074	10298	18981	18544	2961	6710	975	7870	7340	7728	4134	12698	3871	4700	9159	11560	16624	14360	8706	10616	4048	11011	18343	6057	10616	17280	11521	9756	8706	4700	18308	17390	11011	11728	17951	2819	3720	1168	19991	10298	12168	16130	12921	12521	12565	8100	19700	3202	7529	4225	10856	1129	19378	18088	5204	1744	975	17280	8706	15809	17709	1744	19195	8129	1129	9159	17888	3720
15731	3202	12698	11011	9877	18799	15026	15026	7870	17244	10442	13862	17843	882	882	15784	10080	12598	17007	4048	8706	10462	18460	19700	8792	17557	17843	18981	12921	1680	616	15246	8583	18069	4891	942	15108	7340	12565	975	15246	14360	18799	14226	12698	12821	2819	15784	17280	12078	5784	12840	975	18107	19517	17888	17007	13563	9756	182	18107	4596	13092	15731	3720	14226	3221	1731	4048	19842	17557	12471	14360	17007	16986	13573	15018	19378	10389	13177	17280	6537	19780	4700	4096	15246	17293	15026	2842	17293	16986	12648	16624	13092	4225	9378	18460	19842	17951	1336
19842	3221	11726	15491	18290	18290	7407	15731	5784	9255	17951	19195	15773	19700	1129	15701	17951	11011	7728	3340	11587	2842	8100	10672	13092	2961	9877	13892	19700	19435	15701	11011	5477	13892	9756	10389	2842	15108	17142	8706	5718	6616	2842	16986	17120	13862	10442	10298	882	7245	2555	19517	1336	5486	15018	1129	4700	17951	15731	4134	16130	12565	13862	15026	18088	10389	9378	4096	4700	6701	17709	7250	19143	15809	15773	1168	15795	17120	6710	6616	18455	6616	16964	182	17709	1680	18290	1320	182	15701	17280	5205	8252	18455	14226	18625	17280	7245	12648	5785
18997	17007	10856	2819	13573	8583	2961	16624	12471	11726	11521	16986	10672	5718	11901	616	942	10389	18625	18092	17888	16986	7870	15026	18460	8252	6710	17293	12698	13563	975	18938	5847	18938	10298	14360	975	16130	17843	10442	19195	12565	18092	12821	7728	942	15018	15491	5785	15018	13563	4617	5204	4134	1320	15784	18308	9378	12821	5785	18069	19700	7245	17843	18799	4596	8129	7245	9756	15026	12921	13573	18308	7870	15018	6710	3074	2819	616	10462	8792	18308	14226	4096	9877	18981	19780	10080	7728	17007	13177	18981	1680	15108	19780	15701	2210	11137	13892	15809
10080	18290	9377	11728	11521	13818	14360	12648	17843	17843	8129	1680	19195	12921	9255	7072	18092	5847	11011	7728	12598	9378	10856	6537	16986	15773	5847	5204	7407	3871	2961	15809	7072	8792	6710	15784	8583	6537	4596	19143	4617	13177	13862	18107	6057	19780	16130	9877	17120	12565	16986	18460	15108	12598	2618	17709	9377	882	19195	3221	1320	18455	15108	8792	17280	12648	3720	9159	16986	1320	18460	2210	10298	19435	17888	1731	19435	1336	10462	13818	11137	18107	15246	2996	1129	19991	6616	19991	10616	5784	7529	1320	15491	12598	11137	15246	18092	4891	19517	15701
17142	18981	8583	18455	1731	11587	13862	12598	3720	975	19700	7728	7072	17007	18107	10080	17120	6701	16130	7870	8100	3221	1731	4741	12598	3221	12921	6701	17951	18290	12598	2819	18997	8100	6616	10462	9255	6057	4617	7529	4096	10856	2819	16964	17390	18092	13573	3720	1129	16130	15026	5477	10616	9159	4048	15773	5784	10672	1680	882	17390	6701	3871	3340	8252	19378	16624	15795	7340	13177	3221	11521	18069	13862	18460	4048	16130	13892	6701	9255	10389	17843	4891	13818	17120	16130	12921	5205	17293	1744	19780	2210	10389	12565	5847	18544	15026	7529	1168	13862
18343	18343	16130	18981	18625	10298	18069	10389	1680	4596	12840	4225	11521	12521	12698	4134	2819	182	2842	3221	2961	10898	17142	616	17557	10898	10298	15491	15108	17007	17120	18981	882	4617	5205	7340	15491	7728	17269	8129	1744	11901	7340	13573	11726	4225	15701	12821	15795	9378	7728	15809	17007	2210	17007	12698	17142	4225	12565	17557	882	10856	3221	11901	10389	12565	5784	12471	9378	5477	8792	2842	19780	12521	18997	12565	10465	3074	1129	2961	19143	19842	15809	2210	17951	9378	3720	17269	4225	10298	19378	7250	975	10442	16130	19700	17709	18069	2618	12840
5785	7340	18625	8706	15731	11521	2210	10898	15018	19700	18343	17142	11901	13563	18455	4225	19991	13573	18088	10442	15018	19700	8252	15731	8100	5205	17007	13177	18290	15795	18069	8706	16624	15491	18107	16130	17280	12648	6537	18981	18997	17390	7728	1129	15026	8583	8100	12598	15108	11137	17293	10298	13892	13862	13818	13892	7728	16130	7870	9159	1731	19517	18069	17120	8583	2961	7250	6057	13092	7245	3202	18625	8583	19143	7728	5785	9255	11560	16986	17888	19700	6701	12598	9255	18938	15784	19435	7870	16986	17951	8129	7728	13563	975	11726	19143	18981	3687	14226	4096
10488	19378	7072	15773	11728	2555	10465	616	18460	10462	18460	1926	3202	2555	5486	12168	15246	18069	10080	3202	11728	9255	19195	10488	4891	12921	18455	9377	19842	15018	15018	6616	15018	17709	19435	1744	3340	10616	13892	5718	10616	2618	18981	15731	13892	3074	2210	16986	8252	12698	18343	18544	19435	5718	19143	17843	6537	1336	17120	3340	10672	7072	17293	9877	7728	12471	11728	17142	5204	7072	18069	12698	10488	9877	12648	19780	15784	2618	11587	11901	17269	11521	8583	5205	12168	3074	17390	7407	13892	975	15701	12821	16964	12821	10462	6537	5477	10672	10488	17280
12598	17951	10442	4700	11726	4617	10389	6616	4096	10672	11137	15108	13177	18938	12840	12840	2555	11901	11726	13177	15701	18625	14226	5785	4048	7072	19517	16130	4096	3720	7728	19991	11521	11560	12471	15026	18625	942	616	13092	4596	15731	4741	2996	17843	15773	1680	12840	13573	19517	1744	15701	12471	9377	2819	10672	12521	4096	18997	16986	17244	9159	7250	10898	2819	11521	15246	11560	5718	19435	4048	15701	15701	616	11728	12840	16986	15809	1320	11011	11587	9378	4741	5477	5784	11011	18343	17390	11137	7250	6537	8100	1926	16986	12521	1129	1320	8792	15795	1731
13573	11587	12471	7870	5204	17293	12921	8792	9378	10488	942	19780	6057	12168	4048	3871	17843	4134	9877	2842	4096	17280	18343	13092	4741	1129	3221	15701	15795	18308	16130	18799	9378	18544	12821	17888	18069	15701	16624	18625	10672	8792	616	5718	15108	17142	5486	19780	12648	15731	8100	17244	18981	17142	4741	15701	15701	11560	8706	17244	17951	10898	13177	3871	13092	4225	17390	18460	12168	12471	942	15108	5784	6701	13177	1680	18107	5204	2210	6710	5205	6057	11011	18290	12921	8100	17843	2210	9159	19195	6057	8583	11587	10080	18343	12821	12698	18997	11137	17390
4225	4096	18460	10080	5784	10616	6057	4225	12648	12471	12521	13892	7870	15018	7407	7407	12565	18544	14360	11587	18625	16624	13092	12521	616	182	11726	4700	17709	5477	882	4096	2210	1926	16130	2819	4225	12821	12821	17007	18799	7407	10298	9159	10488	18069	4048	7728	17843	19780	9378	6537	18290	1168	7407	10080	8583	8583	18544	17142	6701	2210	10856	15108	7340	9377	5718	10672	17888	6057	6537	7529	8100	15018	19780	19435	17142	15701	17269	10898	13862	1129	5718	10298	13862	12598	15809	11587	17709	17142	1168	9756	12471	6701	616	12471	882	882	12521	7072
7529	4048	15246	3871	17142	15108	13177	16130	18799	7340	17557	616	5784	8252	13862	16624	7072	3202	19517	4741	6710	8252	15784	18544	15026	11726	1680	10616	7870	7407	1744	5477	2842	6616	18069	12168	3221	7870	9255	18455	12821	18460	18625	7245	13563	1680	7407	11011	7072	15795	9877	11137	9159	1680	16964	1926	1744	15491	8583	10389	18308	10488	8792	16986	1680	17120	6701	17888	10898	3687	5205	7072	11560	2210	18625	19991	6537	10465	8583	18455	13892	15809	7250	9756	16986	9877	15108	12521	17120	15026	5785	10462	17557	19991	10465	17244	9377	8252	16624	11728
975	17293	13818	12648	18092	6057	15108	17280	18997	4617	15795	10488	1680	10616	19435	15731	9377	18088	6537	15246	616	3720	15795	17888	17142	15731	19700	19991	9756	10462	10672	12565	12598	2210	15773	18981	2210	16986	13573	6057	19378	8583	4700	10389	1129	5205	13177	3221	13818	12598	2618	12821	9378	6701	6616	5784	10856	16964	6537	12598	19143	616	17557	9159	17120	11726	5204	2210	1731	18290	10856	17280	942	17709	9877	975	5205	13862	13177	5785	3687	13862	3871	11521	17557	7250	10672	9377	8252	19991	3871	15784	16130	4741	182	10856	10389	11521	18997	182
15773	10898	10616	7407	942	15701	18308	5204	12168	5486	18625	10389	12698	5204	9159	15773	11011	12821	18799	4596	8792	17709	7728	3221	17280	14360	14360	8100	7529	4700	182	1320	17951	1320	1320	8100	16986	3074	6701	6616	6057	4700	8706	12921	10465	13892	18799	5718	1336	4741	6537	17007	182	13573	2842	15731	1926	17244	17843	15018	18544	18544	15784	15773	15246	10672	12598	3202	16624	15108	12471	2819	1168	18092	5784	5205	10462	17293	17888	17843	10856	2618	5847	10488	182	4096	7072	6710	18107	18290	3720	5204	17843	1731	10488	17142	10442	5784	3202	7870
15108	14360	10389	15795	19195	18107	10462	17390	2961	19435	17390	9377	9756	18455	18997	15795	19700	2210	4891	12521	8583	4596	7529	18625	975	15795	10080	4596	8706	6701	1731	11726	19700	18290	4048	6710	9378	3720	13563	15246	15491	8129	15491	2618	19195	7870	5204	18938	5847	17951	17951	19780	2961	17951	8100	19378	5204	12598	17142	11728	9255	18069	3687	1744	15809	18069	19195	12821	19143	7340	11726	10080	17951	10442	1320	4096	11137	6537	17142	15809	5486	12598	10298	6710	15795	2842	17888	12598	7250	12821	18069	13563	12521	18799	19991	8252	8129	5718	12821	15018
11011	5477	17951	10298	6701	19143	7340	19378	16986	882	17888	11137	4596	4096	9877	10898	12521	14360	9378	16130	6537	8100	8583	8100	11521	12565	15026	12521	18092	15784	6057	13563	17709	6057	11011	5205	18343	13177	13092	5205	7407	5847	9255	11587	13862	5477	13892	3202	17142	18997	3074	6057	2842	13563	11560	7245	15018	15701	12921	13892	1926	3720	4700	15491	15026	3687	2819	19195	12471	18625	11728	15246	13892	7340	4891	8129	3687	16130	1168	4048	6710	1320	12078	19435	18092	17269	16130	11137	16130	17557	3221	17390	8100	9877	3074	18290	4891	10898	12565	9877
8706	2961	18938	2618	10389	17142	5477	18069	3221	3202	6701	10462	12565	16130	14226	19435	3202	15491	5204	942	13563	9159	19842	19991	15491	3202	15491	4134	182	4048	2555	182	3340	1129	17142	3340	4096	2618	18088	11587	5204	16986	10672	19700	942	7340	18997	12078	975	17269	10672	6710	10488	10080	18625	10488	7529	18455	7529	6616	10462	3074	8252	18308	11728	4096	19378	7529	1680	10672	12598	7340	12565	4700	1168	3871	12921	17843	17709	4700	5477	16130	14360	1744	15018	13177	7870	17951	8792	10488	18799	7407	10442	17269	6616	10898	8792	18107	7250	10672
1731	7250	7728	4096	18069	10856	18981	4048	18308	3720	1731	3074	18107	7340	9378	12821	5486	3074	3074	9378	13177	8129	15108	18088	4225	13818	19378	13818	17390	12648	10442	10080	5205	13563	19517	4096	12648	4048	18544	5784	3871	7250	8129	15773	18088	17293	12521	15018	10465	2996	17843	5718	19195	7250	15026	8583	18092	15731	1336	18981	12521	13892	16130	17280	1926	19517	2842	4700	11728	8252	8252	15026	2996	1336	18092	10442	1731	3221	7250	5847	5204	15108	17709	13177	17280	18069	10298	9378	3221	8100	18308	4048	4617	1168	15108	1336	18544	2996	16964	12648
13862	10462	6057	11901	18981	11728	6710	8706	19435	10616	15108	11011	16964	2996	13092	9378	15491	10080	2996	16986	10080	4134	19700	19842	16130	18088	17120	11728	5477	13573	19435	18308	10298	18092	4134	8252	13092	882	11560	7728	11901	1744	15108	18343	9159	17007	1129	4596	3340	19378	16964	8252	19700	4700	942	3074	11901	18088	19435	11560	14360	8792	17120	11728	5718	5205	3074	1744	10080	5204	17244	3720	10616	1320	8252	7250	8706	10442	9877	17280	5847	10488	17390	17709	2842	5718	13177	3687	5847	15246	18544	9255	19700	7728	2555	1731	17557	12521	18938	18799
1129	6057	19195	19195	12821	18455	19378	2996	19195	6710	11011	13818	616	9877	2210	19143	15784	8100	19700	19700	16986	4096	17843	1320	9159	18107	9756	3340	13573	18455	18799	13092	19435	12168	1926	1320	1680	15773	7407	11560	5785	10616	12565	18997	18290	19195	3340	5847	4741	4891	1168	15773	18625	12168	3720	17244	16964	12521	2555	17120	975	18308	1129	15784	11560	11137	18308	7340	18290	17843	19143	11560	15018	4134	17843	7728	15491	2961	15026	10488	4134	18290	17293	882	10442	15795	11728	2555	15809	7529	15795	8129	15108	3340	4596	12168	6701	10080	15026	1320
17269	10080	15795	15784	616	12598	15773	7340	17142	18544	10672	7870	15026	4617	1320	5204	18544	18343	5847	2618	11901	10672	12648	2555	6710	942	12698	4225	6701	1168	18460	4048	19378	18460	4225	11521	6057	9377	19700	7340	4891	18107	17888	18092	17244	11728	11726	18455	10856	15773	13177	12565	15795	18799	17269	8129	6701	3720	8129	14360	17293	3221	11521	12078	19143	10080	9159	18088	4891	15731	5477	1680	8252	18088	6616	15809	19378	15026	8706	17244	18069	13573	12471	11560	11011	12521	17557	616	17269	5486	11726	15246	9756	15491	11560	17843	19780	16130	17557	11560
12698	18799	8252	8583	17244	16986	2842	882	6616	4891	13573	7245	7250	5784	12821	19842	9159	16130	8129	16624	1168	13892	19378	12168	9378	19378	12078	15784	18799	18981	12921	5784	15809	18107	16964	7245	17269	13573	9378	10298	8792	5718	5204	6537	15701	19842	17843	1744	14226	8252	18625	18455	1129	10465	4096	3871	18455	12168	17888	18938	18997	10465	12565	17142	18981	15773	7870	17269	17280	4700	1731	15773	6057	8792	15701	3687	6710	4617	3687	15701	1926	3687	11137	15773	10672	14226	4096	3074	1731	12565	11587	12565	5718	13563	9378	11560	3221	12168	10465	13818
2961	2842	10462	19435	17709	15809	13573	18092	10298	10465	18088	942	10442	5785	19780	18290	18308	13563	18092	19517	13862	1744	1168	4891	3720	9255	15701	11726	4741	9756	15491	6701	10442	2842	9877	12565	9377	3871	3074	5477	10442	2819	3340	7407	19991	17557	17120	18088	3202	19435	942	7245	11728	3202	5847	18290	16624	18107	8100	7072	9877	5477	16624	8583	17951	19435	18092	10616	12598	15491	9378	10462	7245	18069	6057	18460	12521	8252	19842	10298	15018	10898	17244	1336	1744	12471	18981	8792	11011	6616	12598	12078	7870	17557	12648	17390	2842	9756	5477	1926
17293	10465	10898	4741	13177	15773	8129	17120	8792	11137	15784	18544	15491	4225	17293	2961	8100	17280	882	18088	18997	12168	17269	13818	882	4096	10898	17007	2996	8792	19842	11137	7728	17951	6057	5204	3871	19780	5784	10898	19842	16964	18938	12840	8129	4096	3074	3340	3221	17709	18092	18343	19517	11137	17888	3340	12598	8792	11901	15795	5204	17843	12921	18290	4596	3202	18107	19842	7870	1926	14360	7870	12078	5204	19517	16964	3202	18544	12521	14360	9159	13892	19700	9877	19143	10442	6701	12698	10672	14226	18460	5477	11011	10389	12565	5477	10298	13092	10462	7728
14360	12598	18997	6710	3221	12921	4134	9377	17293	11901	8100	4891	882	4596	4891	4891	15809	19780	3687	10616	11726	12648	4096	17142	17120	10080	17888	15108	1168	10672	18308	16624	19517	9159	4617	11901	7529	15795	18343	12840	5847	7245	13563	5785	16964	15026	2996	18997	10898	13892	9377	10462	4617	1320	9756	2210	4096	17390	5477	10616	2996	182	12698	18938	12565	6616	10442	5785	12698	5785	11521	17709	1731	3340	19435	17269	1168	12168	11726	18343	15795	4596	3074	17557	4225	9255	11901	17244	6701	10672	4700	1680	2819	13818	13563	13177	13818	17390	12471	15491
11901	19143	5205	13862	5205	12821	4700	17244	10465	19195	18308	18460	14360	12648	17390	16986	12921	19195	11137	1926	16964	11560	942	19195	7728	13177	17280	17244	19991	10389	2842	1731	18069	13573	2819	12471	10298	1731	14226	11011	8100	17888	16130	16130	10442	616	19143	17120	13862	3221	10442	16130	12698	8252	18460	8100	3340	14360	16964	6057	19378	2618	17888	13177	6710	18981	10856	5205	4617	19780	19195	17843	17142	17390	9255	18938	12598	19143	10488	15018	16964	18343	13892	19842	10856	15108	8129	9756	12598	17390	18997	18938	4891	6710	16986	18308	975	942	19700	12698
19700	16624	15784	12078	9159	8706	975	19700	3871	18107	9378	2842	10488	9377	19143	19991	15731	1744	15701	10462	9378	6616	15026	18799	5205	1731	882	7072	5785	11521	2819	11728	7250	6701	11521	15108	17120	16624	882	10488	15784	1926	18455	5477	12565	1336	182	7529	4048	10298	6701	18997	5718	10389	9377	17269	18107	3871	15018	15491	182	4891	18544	882	13563	12521	18544	5784	18460	18938	8129	17142	18981	18997	2819	18625	14226	8129	1336	10465	16986	975	975	5204	2555	10080	9877	5847	3340	9378	4096	18343	14360	17244	19700	10442	11011	18290	2555	8706
19195	13177	7340	9159	12521	18544	11587	9255	13818	12078	15731	10465	18308	9159	5204	8583	13573	8252	18107	17557	3074	4048	16986	975	6701	19991	15809	15795	6616	17888	12565	17142	5718	16130	11901	1336	7245	7250	15731	19195	10488	17120	12698	1744	14226	882	9756	8706	18938	10465	12648	18981	14226	2555	8252	7340	8100	7870	18455	5486	6616	12821	17951	3221	17269	4891	17244	4596	2996	7529	15246	1926	11726	12565	4617	19143	19143	17951	7728	4617	4700	19991	12921	15491	17843	17709	15491	19842	3074	9877	882	18544	7245	1129	9255	11728	12598	3074	616	18460
11521	1926	13862	17843	9756	6701	11901	15773	5204	10298	975	19435	1731	12840	15731	10462	11728	1129	2819	18308	10616	12078	6057	12565	18799	12471	8583	10298	12821	19780	12698	4617	10672	10465	3687	19780	4700	10898	15246	5486	18343	7340	4617	4225	18455	12698	1168	6057	7407	11560	19143	17280	13092	16130	3340	2996	19435	19195	4225	19435	16986	9877	5784	19378	19780	15731	17709	10488	15784	4596	19517	8252	11587	5718	5205	10389	18938	10298	12168	13892	11560	4617	10672	16624	10616	12078	3202	18290	8129	13862	9378	17888	18997	182	4741	8583	18088	17007	8583	2961
17007	5847	12078	2555	7870	17280	18107	3687	9159	18938	10898	19517	2210	13573	18799	7870	19435	18625	616	17293	17120	15784	10898	942	17390	4617	5718	15246	5205	1129	7245	15491	13862	18981	3202	3074	4617	18107	18290	9756	11521	12521	12648	5847	15784	6710	4891	10462	7250	11011	19991	11728	18799	5205	2210	12521	11137	17888	16130	12168	17709	13177	3074	2842	3871	1320	5847	15018	7072	5718	182	17557	18290	10462	4741	17007	18997	1168	19517	4096	13563	7407	15491	2819	7870	18799	13563	17888	5205	10080	12840	18460	17142	15246	7529	5204	11587	6057	3221	9378
3074	616	13892	942	17843	18092	5847	182	17557	13892	12698	4700	16986	5847	3221	17843	2842	5486	10389	12921	12821	13573	2618	13573	3202	13092	18290	17843	15731	2842	13092	12521	17293	11901	10898	16964	8252	15026	19143	6701	1926	13862	6057	2555	18625	4596	16624	19378	18290	5785	18308	2961	4700	2618	19842	18938	7072	11011	2210	18308	7250	3202	10672	17709	975	17293	15809	7870	3221	1731	15809	1129	8792	7407	3202	16986	5204	10898	17557	13563	11011	15246	4596	17293	2210	18343	8100	4700	7245	7245	7870	10616	15795	13862	18069	10080	1336	7870	19195	19780
9377	13563	5486	7340	2210	13563	4891	7407	18290	15108	15773	4048	9159	11901	17244	17709	13862	17120	11521	9756	13892	19143	4617	18308	10080	17843	19195	18308	17557	18544	10462	4741	4134	10389	882	18088	9877	5847	16986	15731	18981	4134	6710	4741	4700	182	19435	10080	9255	14226	3871	19700	2618	19143	15773	12598	18625	1129	13177	18069	16964	12521	9877	10442	8706	11901	3871	11137	12521	17557	4891	19780	13177	10389	9377	7340	18092	4891	13818	15784	5718	10465	17280	15701	17007	13092	13092	17557	9377	1168	15026	18625	3871	4891	8252	6701	11728	11726	15491	18069
