7201	2849	13095	10776	2076	13783	2971	19981	10375	2889	8228	10940	15267	14201	5735	16196	2126	4638	3302	17993	18873	19499	1569	6886	1483	14403	936	19416	2389	1172	13636	14009	10261	8684	6898	14278	3246	3658	11947	12884	2784	10399	10211	19235	9566	10940	3810	16319	1797	4846	15190	19336	4181	13223	3166	2463	581	17916	5576	13221	17708	19661	5807	8687	12675	701	19315	2412	19183	14453	2606	6761	14990	8412	15222	3236	13932	13318	19633	16418	5198	11864	12040	17357	17810	6492	9170	18471	1420	11409	19579	18027	1176	11354	10973	5282	6506	11855	4993	988
6364	2615	4826	4481	12856	9259	1998	15869	12248	6880	13337	16506	11196	15827	9913	5703	3457	3282	4417	19605	9044	5007	19779	16863	19056	503	8845	9370	1943	18905	6462	8905	19616	15867	8283	20159	13257	8294	4652	17177	9162	17916	16745	3246	17013	14042	8235	8054	14188	12335	11384	5875	5281	18941	628	13221	6043	1943	7229	19499	10399	1611	19966	5626	10579	999	10135	19512	2010	19248	593	8664	3861	18670	11523	8933	16227	5576	9563	4317	8306	3585	3056	4734	10608	18670	3270	16227	17210	18771	11621	3102	19423	7657	7331	18139	3302	10383	16064	8865
18142	542	13499	15081	12524	16214	5548	833	11470	12649	6242	12011	4931	13499	16652	9770	4094	2285	8294	13378	13414	709	14259	782	607	4799	16926	9186	19464	6526	13859	17062	874	18983	12097	13263	9622	1699	8817	12228	9657	12569	13091	7324	5674	15789	6679	14254	11384	12966	7562	13337	9799	2084	833	16222	9647	5925	7131	1148	6193	6922	16795	7271	5092	4724	8787	18895	13031	11114	14342	6418	19659	18843	5058	12577	2460	13742	8634	551	16581	18353	9733	19450	7208	97	10419	4565	17826	12547	11470	9284	12649	2389	6610	5122	19849	1797	3795	14409
12349	10456	12033	5484	12508	15157	16233	20012	17357	10861	6798	12794	12996	9669	2288	20083	5059	18083	18053	7306	19248	18489	10419	2944	12948	11947	4543	479	4976	14105	3233	2258	8960	12175	4169	2307	3807	16988	8743	18137	6282	20004	2169	14106	7009	19008	11959	11437	13754	6002	2479	2015	2902	19334	7208	14438	11612	12972	7695	8868	2277	14943	14298	8969	2585	11652	3923	20085	9170	4404	5666	3686	8723	6146	7477	551	16485	1174	3266	14606	1451	10455	14943	12495	12228	19053	3695	11966	18393	10505	568	5796	17849	18099	14851	16250	10379	13414	19450	13872
2416	15783	15934	15973	1899	10658	14275	7324	9669	8139	213	9668	5400	10955	1634	11176	14431	5407	8966	3383	13469	6636	11386	6059	14275	7036	6857	2319	1175	8908	5352	1172	5674	634	18153	3676	2825	19584	5866	3725	19849	17903	9293	14860	2303	7969	4908	18463	14296	12524	18555	19460	2416	7577	9220	2065	15591	5001	7331	1618	17574	5221	3166	1053	11847	12506	7577	2052	16214	15476	15470	16353	4666	13954	7688	1326	3807	19897	12208	13414	10290	17773	5002	3753	16141	6070	6965	18252	9657	7092	12161	11947	18769	386	8013	10220	4346	5504	3596	1024
16003	6631	4308	8190	6462	15907	10262	16969	18207	5149	6633	7112	7523	4506	292	3810	15533	4076	8487	15339	4761	10593	5801	17849	15545	2188	2791	6636	6724	4874	1174	19269	2840	15309	12856	17324	15222	275	12147	3884	16180	9029	7463	3239	16822	1602	7915	4995	7797	3753	6881	19155	10620	18651	15268	18621	13637	9008	17574	3396	4929	10965	5179	13381	3000	10364	9563	17405	10419	3246	3256	13372	12569	16543	2510	9104	8718	8576	18688	1805	5649	14042	13686	18083	3551	5430	16935	19847	7554	2775	7640	17357	7780	5994	4525	2444	13754	14736	9650	4090
12334	6111	11080	13086	9356	3952	10098	18056	14447	14304	8608	46	18599	13233	15742	19983	13665	15789	15	5444	9654	14294	14983	11506	9490	5796	18602	7577	17632	6766	7950	20012	6416	10083	7915	8601	11169	2319	16520	8735	7578	6218	386	11523	3598	1148	9094	7258	17394	2801	3408	13014	14931	10955	12917	2888	3317	13975	1053	19506	2497	17226	18626	19523	15012	18566	853	14093	10894	2622	1078	13091	4931	3233	13934	18688	16180	13363	7847	17655	1805	17722	14254	6679	3119	489	9983	19947	15095	6543	16559	1774	4929	6453	5130	6409	18120	15617	11593	19824
18139	10629	13124	5366	8267	4481	5807	16257	10505	2557	12322	20030	11651	4317	1741	12040	14338	4905	8757	10660	10197	15973	3654	11568	12293	19512	12771	46	10658	17667	13338	10117	15130	8622	2798	5671	3256	9350	18258	13124	1998	4416	17667	551	2444	2416	853	14294	3655	13934	15886	9259	1471	13686	11651	12200	11964	10213	20036	3056	9741	4940	13363	4215	9599	13091	14405	18349	13830	8960	19847	2348	2512	9720	14575	8937	8155	16304	16334	1423	9417	12700	11998	6424	14098	17292	231	6493	13643	12911	2065	3551	12669	7969	15532	4917	14089	4145	15339	3520
6068	11367	5874	6255	16900	8176	3102	18150	18873	10974	8626	824	292	2052	2789	268	15883	18247	17657	7889	7684	18697	18670	10262	17059	5925	8718	6133	2554	19633	15907	4372	1181	3686	6503	19857	10776	14338	8334	16430	18349	6813	5606	8525	782	4467	16141	13091	2307	3376	13221	7684	444	8013	16678	13067	9132	2463	14259	1123	17835	12485	5948	19361	228	747	14409	213	17657	17210	12996	3317	6631	11869	5558	10974	17278	7996	19183	3371	12509	18089	9225	12266	4761	4794	568	16988	435	8582	2971	444	3364	3598	17797	15886	16495	3655	2668	6151
19499	14447	8361	7244	5466	12437	12293	1473	20030	15306	5403	593	6636	3396	11409	5129	12506	4543	2476	2889	2784	1604	18697	3686	9170	13221	12995	1177	19947	7804	10135	15884	12669	13499	14606	11409	8347	19226	14317	542	13740	15458	8580	10005	11208	4632	18027	7578	18762	4795	12505	11169	16233	6177	19681	10267	6813	5179	12765	16334	14093	19512	7812	3359	17511	14325	13158	12771	16629	2798	16926	10186	7132	2756	10252	17797	4565	15973	398	5360	8391	14627	7463	2944	15627	19661	17337	9237	14262	7695	2137	18281	3654	14627	3383	9162	10135	13415	20135	19616
18771	15532	985	7889	11683	2653	13095	16520	8582	11354	8986	11056	7208	2784	5287	18356	11059	3166	13469	9945	12345	15624	10456	17667	19512	13921	2303	3590	2557	8960	5504	15183	11429	15341	2930	14202	2065	20008	11568	8524	660	3884	11437	6503	17617	12541	12097	1464	14480	2074	17934	398	8424	8118	15091	20159	14696	14843	18164	12678	6797	17899	4563	15751	12640	10660	12541	15486	18089	9186	3083	14298	9284	13798	12724	15467	16196	10478	16423	7092	3166	13067	16139	12348	9913	9970	2511	6813	13619	3858	3009	10485	6717	2639	9248	1464	3807	6679	3321	14438
566	11354	14472	3457	10379	17797	5522	2743	9891	20085	9264	7823	17059	12569	19334	4169	2869	11386	19277	4931	5036	16926	6133	10658	9347	12564	12256	15532	634	12315	18055	4794	6189	18170	8163	16503	2557	18762	7558	709	3655	9546	12949	4788	9395	16495	2712	8845	20159	2460	9750	5149	17062	19727	13830	12256	15027	15782	2201	852	6922	14894	6282	1366	12765	7005	3598	13736	14990	4145	3583	13676	11386	6189	19248	7047	5220	17834	747	13246	8039	6010	1369	2716	988	18771	213	13083	6655	12437	12480	14894	11864	16809	6268	6717	5218	11593	999	16506
14158	19254	10135	7126	8412	7458	7222	4799	18663	11959	18555	17967	1634	19046	1366	11591	2585	15343	1634	16319	10969	18830	14990	16233	3376	7969	2344	5649	7711	17934	7657	13637	18452	10095	4691	8294	13848	7461	6506	1133	513	20106	5400	19584	12042	4735	11429	16000	13067	2373	4404	8152	6068	272	16161	16495	7577	20169	14081	5464	9029	13048	6509	18145	115	13975	11534	4008	3676	18939	10795	2822	7812	4318	16632	8013	13270	18965	15190	8524	2302	12345	19430	14486	3000	1989	16353	18257	14361	16558	14325	1674	4286	1551	5358	8155	10399	2557	8622	7024
15976	1111	10924	1184	16247	11087	10539	9849	11280	13553	15045	6719	7875	13001	4845	1229	16295	10697	2200	17687	10804	1189	7446	17322	15259	13417	18143	7369	3521	18563	16830	17330	9808	20101	14181	3285	10635	14639	18813	8904	2167	14579	16263	14323	14320	15904	17373	5949	13764	14569	9569	13672	5821	10308	10133	19733	14708	12849	2651	1840	20172	18825	4321	20026	1428	11983	16835	4910	5138	16305	17564	4386	10013	13394	658	2072	3674	3533	15134	10777	3546	5068	4376	11412	14318	14858	4948	320	5884	1324	10434	19124	17260	5177	3568	873	7487	17336	15041	359
14280	10725	8633	15477	77	9630	8713	5426	13662	15975	6740	14817	15002	12720	2608	18039	5599	2050	17516	15823	18035	20067	109	13777	10367	18383	2964	11812	15620	17794	2259	14000	5828	9714	2892	16258	12186	13482	6378	2483	16216	13455	3250	3342	2343	528	114	11968	13772	17410	12589	11136	12977	17172	5147	7753	14512	19755	3781	18312	14097	4122	10604	7319	686	11292	2664	1765	5991	6142	8295	15202	5966	7057	5436	8250	4332	14185	13470	3717	18462	5415	16248	19922	3568	15001	4939	14662	13883	14875	13828	13324	1293	11513	13371	6367	11915	14701	19106	212
6542	2611	5011	6896	15710	9203	4742	3249	19724	19190	6580	11498	89	13586	13779	3143	16663	11600	13078	3929	16030	16327	15117	10253	9423	6897	4322	6910	12538	8530	18617	2150	9429	20050	11000	10860	1450	18267	13933	10475	20171	12496	13596	19863	6468	8683	5339	12470	14343	15409	4066	9464	3335	18224	16282	3124	7594	13634	2699	8069	9560	17591	9905	8181	2164	12079	17958	408	18558	14625	14330	13599	10820	16723	1673	9896	2067	7846	16501	5383	12739	8566	12984	9453	10872	13849	11575	2049	13116	17024	8964	9849	1445	15889	1975	48	3131	7366	4972	3716
9242	7192	13207	2782	602	19513	8641	19796	7251	3207	13396	14672	7597	5071	7731	13153	6291	6748	10250	10170	9559	20190	13865	3462	7357	3418	18320	654	1887	15064	8480	2023	4702	512	11402	17622	686	7724	18549	3659	823	6600	16050	6623	7415	4452	692	14940	8055	18370	12927	3195	2167	11329	8408	13115	7120	16426	18832	10982	19913	2834	4306	10425	2890	2535	17695	13939	10528	13917	20027	14533	3314	19596	17816	2443	14985	17889	8607	3152	13043	15145	18216	8295	17414	18633	4423	12085	7982	14662	18437	17417	15321	16564	9719	3922	12787	19778	3976	14852
14729	11633	13141	11370	19656	7332	4160	7722	14211	2434	485	14183	10839	2677	8563	7296	12749	5933	8103	17491	10565	3673	18500	2043	8719	57	17915	16981	9421	6821	17829	13533	8390	13534	16357	1558	15727	16851	11999	5772	4381	10801	5426	13463	6975	9621	7731	553	10847	6039	14666	588	15237	2688	14922	19369	6667	17063	7217	7273	3792	6738	2415	11536	8835	13709	3286	3708	854	2768	16756	18709	4443	5442	16356	15981	8001	6732	9648	7839	2268	5434	19306	18470	16374	5392	2072	74	9857	16429	15724	17182	9345	19125	19928	14918	8983	14416	9516	18216
16375	8131	14508	7503	16091	6367	15234	8009	9070	7727	16091	11795	14863	13888	19534	10166	11923	7781	9933	11244	10451	14504	18662	19815	18722	2993	19169	17856	12043	11994	16953	16303	9815	16754	18043	652	16649	12062	14752	18019	4087	8504	6835	4531	3881	6033	1617	17381	13386	3047	4589	11091	13236	17947	13731	7977	12313	3634	1288	13539	13893	16055	15589	17028	13668	19171	3108	1198	14506	13936	15655	1042	7082	5225	10872	9860	16785	4619	384	15821	20050	17745	18390	16972	14941	18987	18970	11053	11046	17724	19900	16493	19574	16090	5953	16675	14870	13068	6206	12447
531	8713	19742	733	8370	3629	19832	9991	1868	13614	7670	8635	10854	11337	5656	421	12857	4763	18803	7840	10547	2313	4028	1813	5547	10112	13039	9514	13510	12988	14763	11205	16175	19513	396	19885	14848	2576	7758	7010	18012	16031	19683	16748	13206	17651	9735	16122	3864	17836	2871	17112	9854	15389	7450	2087	12064	19104	16106	14157	13721	7524	11280	5026	4893	6957	5339	2159	1691	11545	16856	16201	9345	11769	17747	9204	2398	15607	1990	9656	12982	789	16616	10547	2536	8481	13111	18835	5569	323	6451	16346	11624	18703	13669	13453	14816	10551	1479	2909
8976	16284	15441	8569	15990	19495	18629	1445	8899	12896	13800	98	3268	5695	10934	14372	11808	15685	7010	6390	14173	1743	9817	11552	5087	13773	19598	9808	7926	6149	17626	6109	1124	6188	14240	17783	19221	8980	13485	6141	19005	264	15711	12603	15622	10137	14573	19602	6474	11827	5967	16687	10580	5252	14783	7764	18982	17567	15693	12968	1411	16995	11130	2808	15191	15203	19067	13376	7743	3640	7503	18041	11084	2322	4196	8883	14005	18664	18104	14709	11128	19138	20041	10520	13433	7473	15146	5011	1888	10065	18519	18406	19431	15166	3001	14717	62	4586	15489	10591
11287	18928	7745	3642	1406	7767	5492	553	5535	17518	3022	3530	3329	9409	18202	17144	4340	7876	3516	7094	15168	19306	12776	94	15135	19283	521	5426	7195	857	5244	8360	9901	15352	19313	6217	4074	12790	17927	17902	9843	12960	10981	14189	6940	9472	2347	4999	8796	2187	17020	10582	15148	16107	1804	3051	13500	13885	172	12935	8654	3597	18467	19866	13143	7422	7583	11812	6618	2780	8766	19854	14101	11443	5872	18809	16151	14849	16801	5028	12048	10756	10873	7975	3487	9369	5461	2489	2234	19748	4644	1719	18237	16842	17858	6392	1550	763	9021	1763
14434	18072	1781	3943	5926	4402	11688	18285	13100	8552	1400	5152	13347	12594	991	16842	13824	2165	18549	1596	8571	15179	17636	5090	6644	6568	17775	11978	10840	15599	3945	7979	8369	2248	11329	14358	4265	7274	14808	19907	3914	14771	19421	19675	10829	14932	17695	7182	1942	18926	5056	5211	19718	10131	9319	698	18837	12892	4469	3291	1237	11232	7930	11877	10881	10121	2927	15405	20098	11616	11402	11280	13744	15753	10981	6172	1815	19636	2006	9173	2553	16623	17883	3657	11477	1606	15816	16890	8453	17300	19274	373	9072	4336	18817	14166	20152	19803	14636	18615
8879	7114	1915	7874	19944	3957	16961	19366	6249	17881	4093	19861	10891	4464	6415	18992	17782	12749	18334	6469	17506	2913	18322	16066	14784	15288	3525	15909	273	9560	537	11186	7269	7049	2174	18808	7178	16142	17433	3123	19504	2786	12729	18059	16376	19667	7343	14491	6977	11269	13764	18311	16633	2667	10122	14074	491	11052	11860	12258	15677	17821	10250	16579	11618	20116	9401	2562	15687	15552	11217	15136	6171	6775	5186	15682	7221	5124	19138	14580	5066	8717	13971	3599	5536	18334	6033	17858	16271	6192	13123	8724	10900	6009	8607	13843	9912	1696	5685	15144
17201	7642	12300	15955	7162	14966	14927	16568	11780	6076	4692	10502	2353	3966	16552	961	3532	3307	16248	11402	18921	5443	11387	17168	17518	12283	18879	7744	17599	11202	20147	19534	16247	2149	8941	11705	9498	19119	7861	15950	11535	11810	15758	17864	16036	5042	10882	6098	11922	8560	15088	19180	7863	6775	1020	16788	18374	11877	18319	2293	16260	11601	7168	17760	19610	16843	12837	6381	243	14961	8696	17859	18443	16217	17653	13903	1299	4802	3647	17371	930	18333	9409	7569	8552	4829	18633	19150	10635	9101	3042	14756	13370	17519	5877	6910	3990	683	6311	2233
1803	10810	13137	11542	1163	14794	3005	7320	5306	366	10042	5409	17139	5111	15514	9808	9273	18957	9058	13161	14654	1163	17181	9290	16469	2880	13062	8693	18449	1601	16700	412	2041	11089	2558	1180	7285	3111	8288	5849	15555	13316	13685	14079	3174	15650	11377	4231	10315	4980	202	7212	13685	4650	1778	12664	15567	19305	24	5107	17530	13037	9735	1862	13288	15078	19664	16352	19614	791	16848	7913	6241	277	3159	17912	3704	20140	12300	12240	14532	17735	2946	12438	18548	13432	15150	1853	3199	16476	13008	6431	3994	19160	14234	2245	4498	13030	3714	6253
11711	11835	5237	14010	7568	4566	16869	5593	9760	9714	2327	17975	20196	11395	7628	12054	1565	3507	3706	3791	12124	16806	18498	5231	9682	11084	10451	18537	19890	4885	14060	6753	2	2580	11906	16295	16799	1756	17304	11180	2535	8506	8818	16975	9498	9570	9033	14050	7428	5705	4690	2208	1763	4281	7367	16972	18921	1089	7977	19496	5197	9635	3144	5519	9276	8367	13819	9163	19583	13303	17204	8262	11659	6077	18336	18440	3706	15146	16431	8714	7975	13161	2413	1780	15472	18773	8872	18628	9491	20005	13101	1087	14306	11656	3229	8209	8570	7400	19932	8941
12389	10475	4755	8560	4124	10092	9177	1150	19784	18366	6661	3603	577	9985	16762	6217	14508	7151	9274	17570	13005	8467	4212	2183	20023	1916	815	1570	4544	15221	14932	3344	11846	6940	16085	8251	117	15592	7651	954	2672	16283	3946	19167	5895	5882	18783	12829	15923	5157	14452	159	9777	6483	16874	12450	20045	162	13557	19678	17737	10166	14663	7536	18357	10228	16484	2516	9223	14225	15321	13011	16463	19575	5330	7434	15969	6201	6451	4574	4601	198	16944	16611	16203	13171	336	8079	13555	1600	9163	14979	4455	17070	8089	13333	9446	10146	372	9697
15980	3524	19202	2548	595	19044	18767	10693	9707	6483	19602	13635	8902	5550	1559	10932	2729	6677	15732	17205	9923	11047	12162	11518	5535	20194	11840	14240	19622	6520	12145	10079	3473	16958	14330	5834	7347	14559	7982	1110	2905	8370	16692	17665	1777	2080	5057	9568	12512	11049	895	16608	19222	15312	4064	19270	3295	13212	19184	16540	13558	11233	3493	2107	19004	14818	18858	727	15722	14339	17228	17744	12787	8709	1952	9190	11906	191	14844	17303	1621	20170	3295	11402	9172	13374	9079	17437	4808	2192	4641	3316	16063	3983	12952	8332	2935	4376	16640	8352
7762	16220	15822	13534	429	15655	13542	17092	10512	18506	8500	17066	17890	17469	18642	18785	1816	7561	9538	12550	1160	7526	3001	1452	8329	17397	8444	18474	12883	14352	128	7019	12326	3750	7046	6708	13339	13978	16042	13325	1300	18445	18405	14875	10470	19102	7432	6555	14844	13344	4646	2810	7582	8000	7033	1948	414	141	7123	15448	8185	10019	17510	3992	5162	404	6381	18638	2236	3932	4939	7521	16545	8476	10640	7967	2540	15788	8643	7863	280	2652	17174	8997	16249	18741	2040	6872	10504	14949	5829	1436	15572	7679	3134	13905	15406	12249	3973	4122
14515	19004	1043	18163	7608	4150	15205	1564	6664	1979	13380	1987	9246	4393	12860	20070	15543	1714	10881	452	3798	1258	2298	5995	17844	187	3137	5026	3039	8891	19501	13581	2459	3057	15781	15484	11387	8774	12781	13933	4822	17219	16281	5496	12951	7220	13701	4464	1901	11189	715	11745	12421	1372	4882	17991	1202	13187	3174	7703	18979	3789	3643	5341	9380	10692	17135	18444	14821	3060	4340	4067	13401	1394	3942	9334	8209	6008	19003	16747	4956	20154	19671	4332	16836	8557	14165	5316	5840	1236	16182	5876	5107	17319	14128	2982	19338	17975	13468	8349
1888	39	10902	15661	7622	7845	950	20116	5598	12062	1788	12749	18703	7056	16800	4380	16416	14654	16587	4156	16902	2053	10634	6530	20105	7296	8384	524	16775	8846	12340	18469	13758	12258	555	3847	4520	12575	2672	18321	1827	8463	17833	15456	10902	10177	12680	1251	15505	8627	9345	12181	6919	18659	3621	9631	2757	18744	1579	7585	12738	18147	12435	16758	2656	10757	10256	7686	2808	10312	2884	11548	624	16049	10601	2002	11809	504	2679	1022	16136	15238	2954	7763	7142	19104	10639	15534	18354	12425	3418	11125	1679	5959	10517	2369	348	17652	3602	10733
9578	19775	12321	17346	4819	16917	10879	18869	7145	15131	9152	8940	9541	3043	3145	1237	10921	19084	14384	15413	13889	9458	3182	4341	15103	10946	5393	5091	8919	11686	17455	19682	5202	856	19928	11289	7722	729	19832	9040	4495	3473	3480	5052	3182	7033	8035	9158	16119	7807	537	13849	9078	19663	15650	9503	18001	6411	6669	10540	4032	14605	17016	11835	11952	7629	4812	5829	17022	8471	8092	11656	5359	3205	18143	10361	9424	4690	19505	19969	6018	18075	10193	19505	6082	9912	10964	15882	17372	3879	19264	19697	2787	4011	11945	12892	8578	10783	8028	19469
4561	3100	19300	12273	9176	2252	10127	967	8386	2934	16094	17621	9653	7307	4224	10191	8569	7743	6624	1163	6539	12373	14811	1459	10967	4541	8552	14680	7322	8819	5375	16748	1281	5271	6511	19327	9777	15909	6925	7727	3131	1533	3799	7928	4424	15611	15236	8272	15569	7720	11173	5508	15231	1011	3228	10967	5475	869	11275	4726	3913	9125	13613	18175	16826	15403	3957	13770	14598	8940	427	17989	5802	19889	4	13815	10353	16459	6369	7742	1987	594	89	476	17572	9763	7012	17530	1064	15780	18161	5207	14045	7145	20091	4299	19333	18333	7013	1356
655	19593	6444	5983	3554	11453	12258	2644	8984	1643	7309	16032	3003	6683	3506	13377	17506	9412	5162	12741	5517	5611	17821	9808	8779	19898	3400	12620	9694	17742	16422	13508	6575	12444	19715	9211	5290	16363	2346	17664	19566	2964	17459	10074	11097	2023	4644	18807	2535	9444	19147	6933	10008	17929	4065	10183	6399	12858	9579	6938	17510	13723	14249	2636	438	8679	1789	8463	5496	8951	13145	8565	12337	5757	8964	6552	19471	18329	17721	4189	15739	6940	5593	15905	13468	10589	11986	10535	19168	6246	6172	12647	6033	3283	18916	4562	17996	18729	17396	6981
15520	17504	8982	7760	19907	7877	19774	12130	6758	18171	9088	16190	7703	10764	12455	15506	10332	19069	11839	7220	4151	14365	14846	18442	14883	18189	10858	7623	18391	7744	3057	13089	3747	17889	1742	19615	16232	14426	7375	16201	252	332	8222	6342	7137	19695	3344	3324	7778	6541	1714	9722	6310	494	7193	8469	2466	6137	302	10739	17174	15929	11923	8132	2457	15712	9707	17567	19853	19743	13392	13367	16406	13341	17558	10769	3814	8992	1458	495	7682	1085	10667	16568	12325	10585	4674	195	15014	1198	4469	2713	7264	147	9405	57	10403	9096	2934	11574
19147	13883	5730	12857	16095	9023	14320	6820	12784	12333	484	8994	2974	8502	12735	12501	20073	5057	14559	740	5676	19628	20114	12262	8289	15914	17139	19597	4906	4351	7663	786	18632	15991	8020	8612	3322	3783	18188	11811	10853	808	11000	11264	4052	4833	11805	4374	14151	2442	12543	2233	5105	9906	14674	1630	179	12411	919	8859	15475	6108	8921	11799	5658	2642	9985	5044	18314	8140	5082	1974	6311	5299	4242	5119	11398	8007	930	15840	6181	1056	12697	18292	14151	6360	15537	3123	16460	12720	3242	7358	8289	18446	15266	12542	8527	3061	5697	12145
12968	14928	14585	11412	11267	9447	13548	14933	20142	16631	4095	8193	5288	14914	15129	17854	18082	15891	263	16595	1319	2150	18272	19862	1522	17806	1573	15096	17396	10113	12198	9448	17058	17191	14380	4719	19279	17640	12016	19745	9442	16590	17996	8110	4365	4435	888	19994	16193	13915	6955	14153	8185	19170	13315	9049	9511	17962	10711	8499	14893	15471	1157	327	9079	13186	18653	18960	15932	347	11058	14058	2349	6468	11110	9262	9921	6241	643	16682	5537	5769	19167	13935	17731	19087	13640	17921	683	14794	10230	3271	13332	10692	16610	5232	6030	11664	18333	19643
13657	18901	12610	2932	5665	19412	20193	9915	10175	5027	1415	11070	20109	14755	3042	11351	13902	6080	8884	9562	17901	6381	5457	7322	11708	9231	3683	11902	2196	14079	11535	12262	4990	10048	1991	13100	1365	15936	13016	19085	2132	11875	16545	14425	11340	18320	9587	2649	2355	2158	4936	2906	445	603	10119	8218	12977	12861	5733	3508	3424	4776	8509	2327	1593	5210	1610	13604	6306	6248	13657	7157	19964	1987	2612	3079	13105	15371	19489	5852	13797	2675	17073	41	2108	7006	11342	18324	18517	16219	5821	6312	12245	6121	3926	2159	3803	3382	6215	3497
895	12783	10395	7845	3913	18121	12841	8836	14250	180	5821	849	7505	11110	13123	13500	14827	14096	8548	15981	10549	8154	5019	15634	9814	446	8984	2710	7434	5280	9101	5543	12641	16100	4946	10347	3668	3797	5638	4137	7918	16063	14279	11843	14128	10156	13570	12775	17425	19444	9541	9166	12808	20094	10903	10525	13680	15543	3797	4924	4524	20119	1857	20051	12347	12048	11317	8770	547	18298	6389	11162	13716	17254	6121	16240	19123	1379	17635	3111	7588	12922	9556	16995	13323	8916	7783	319	10833	2656	17110	9443	12275	9072	712	4028	13997	5705	12687	11616
1317	1794	13490	17461	5295	9797	12925	19717	8922	2108	16620	8340	3448	1837	15109	10402	16673	1854	8016	526	14808	7142	5338	13323	13817	13865	3443	7563	10852	8923	13393	13957	13922	12803	19575	4729	12148	20014	20128	9366	7690	10932	6980	18691	6495	12481	8107	19151	14986	935	17871	9058	12947	20114	1044	17542	9188	11416	11550	16515	10494	3062	10022	6334	11710	7603	15349	14795	14568	11687	9480	16324	7031	18492	18664	1265	9903	18462	5564	20192	15084	17326	17385	7366	4526	17326	12767	9582	11488	7436	2830	9746	8232	3507	11468	17733	8575	5592	1412	18683
6260	14235	8134	4920	4561	715	6214	7270	4707	13581	6080	18854	8860	17008	3634	8606	19110	2108	17340	16995	1765	5521	13017	6164	9340	10428	2750	11389	17423	10412	7432	10979	14339	14590	12055	10215	10013	8127	10818	9597	17651	20017	8427	8678	16985	12914	1558	12450	10924	9088	13040	10673	10833	8010	4139	10157	334	18479	14804	596	17167	2913	3788	10673	12680	16410	18838	6999	14603	16647	15031	16590	466	4902	18095	16120	12003	9728	16630	17102	14794	1433	302	10734	2387	18803	344	17263	7014	8753	7956	20148	12871	19710	10156	8154	11459	15169	11177	1340
6431	15204	3247	4335	524	12859	7333	13306	448	12663	5917	10707	8710	2946	9992	9055	10569	10085	10670	13764	18750	15166	10502	490	5726	19525	15069	12858	11626	12901	4564	7118	6040	10770	8894	17677	2759	4542	1017	17058	1869	19452	15885	4124	8207	8612	3337	13765	2931	18764	7177	8004	3904	7662	17356	5024	14031	16487	14233	16746	19533	4153	1631	3261	9734	2945	9530	15198	12869	6708	12250	718	245	12341	7756	18729	9962	5967	7349	9308	13454	14619	5277	6212	12469	8058	2767	1691	5330	14245	11156	9274	12347	14764	8096	3994	13016	5061	2247	6910
4144	4110	8271	12145	478	9861	16916	16375	7644	2012	15573	19772	10873	16672	7500	8021	5153	19878	5520	10509	14549	13343	604	7033	17927	2614	19344	15709	1522	10402	478	16407	14906	19333	18157	17597	20105	8225	12836	9612	7573	16102	3694	8502	12760	16012	9459	5561	19520	3017	10632	80	1368	18808	14515	6704	11722	2196	14494	3853	1916	1915	11085	17127	10994	14181	10699	19357	20015	5643	7357	3189	14925	18926	3931	18244	2280	755	8894	2492	8317	16998	978	9522	5227	10066	12883	4075	6155	17895	6389	14785	13061	7183	13566	10120	18241	14176	9424	2254
15843	1975	5065	3705	7917	3095	14520	3868	18972	17410	5921	11766	6080	4353	2283	10730	9984	7295	16463	11394	14235	11313	4442	9137	9958	19989	5367	6082	1089	15412	1816	12245	467	8836	8370	17389	2355	16362	12998	14581	861	2592	18824	849	9583	8110	8981	15131	6355	5570	10809	11581	15272	1189	11850	4034	8881	4329	7144	16172	17680	8371	1543	9245	10713	1885	14214	4183	3268	4195	2406	18836	13128	18033	9621	5953	9443	16102	10447	16073	12166	877	3776	16672	10072	11383	17912	17495	9227	18901	1657	4923	15073	13328	14121	6459	17721	1902	16564	18669
17335	12245	5046	12533	12381	2325	2686	10870	7267	12481	8311	1714	5812	18645	1658	1352	2041	1869	6276	12527	19724	6300	7676	8547	16026	7508	19463	7267	5681	9600	2978	7873	19863	1630	12167	12530	7756	18679	360	8446	12620	7071	7992	9125	8329	7722	17682	14251	1779	6284	17163	15581	9214	13367	19071	18622	11696	13741	6276	4578	15764	16700	3008	86	8432	7815	5838	11312	17847	5374	1323	8939	15175	14512	16916	10834	3293	2361	6793	12049	10553	4871	8041	19989	5554	19825	20051	11220	10107	3907	15005	18298	15442	19126	18881	14670	16617	9298	8953	3220
9896	16585	4942	6206	15980	3352	5389	11508	16788	6459	11585	12378	17425	3876	11688	8012	13332	5025	7304	2783	3626	5906	10810	2749	1990	18899	10631	9516	12230	957	4150	1557	2932	5166	15292	11165	11745	3445	7288	11606	6742	5201	6982	12851	15152	4352	5285	2964	18090	19682	3219	8810	13209	10024	13069	6618	7020	18443	487	3565	15896	134	4842	20086	18111	8956	20018	7175	11274	7945	10728	6257	19537	8080	18280	5304	17794	7649	18177	17392	10	12947	7041	2484	16426	18033	4729	11842	11969	10905	14196	15749	14611	18261	4510	15273	15387	10829	12499	16110
8685	6991	15326	290	18300	4622	1579	6577	17450	3341	8942	16325	4790	15297	11095	180	16168	6563	14319	11611	12864	10760	12534	14139	19761	16565	6094	19376	14948	16570	9228	14821	14449	9517	10453	4017	13294	19102	12520	2641	5665	10046	8440	17658	1419	12692	5030	2353	19276	14594	5613	14707	17295	6145	2972	8110	20003	969	13614	8727	7582	2830	15908	6518	12574	15377	2186	8958	16938	8995	19092	14700	4503	17794	11673	12431	80	11268	5019	10008	18922	10916	45	2459	7013	440	17224	11441	3156	18500	3933	8499	5083	17973	11794	19564	16382	17125	18703	11190
3669	10227	17636	5285	4715	16275	17950	1404	3085	19387	14619	4903	11967	7273	18805	2659	7444	3315	15129	981	10968	3832	5090	4480	4953	14991	12005	19917	19085	8975	12158	2364	9116	5033	2371	19162	17459	14245	11336	5964	11145	8278	18098	16927	7515	12192	4586	12602	11312	3319	20031	9860	15079	2434	11952	20140	15798	12974	18693	9839	1540	19021	8094	11456	18282	18016	14107	16277	6989	3704	1428	822	749	4291	11035	12811	2610	6211	12181	17138	19921	3222	2394	6406	13127	6733	1714	3029	18091	11215	18574	16115	12318	18317	1059	5368	14033	2748	9242	15995
10169	7168	10671	16744	4562	15255	8812	148	1993	5131	2565	6882	17191	16054	9423	14245	11236	13621	11256	12986	10044	6251	14609	10813	240	2445	17303	1546	13615	9580	4594	16346	4199	9351	1251	980	10251	19716	52	10642	6264	6807	14654	15191	19671	5831	19177	18125	11967	16472	4	10687	8860	13890	834	1953	13153	1185	17168	17552	3783	16623	12674	4011	18667	16188	4808	2983	14782	2381	11218	13945	14744	15408	3203	14424	14424	17836	19594	19504	108	9335	6584	7217	12478	16671	13380	1436	13379	19521	9648	18976	14001	4254	14166	16390	5063	10427	15760	3398
4091	13395	14269	6920	4667	18014	907	6127	16462	19577	1730	5364	8680	5901	7059	15361	5917	4566	5151	17450	5421	18618	8350	20105	4699	7632	2835	11744	447	15162	15798	8234	2066	642	17729	15403	12988	4195	149	7964	20104	6188	16944	15352	933	14068	19263	12055	16609	10314	9837	13456	18931	18472	10779	8115	592	17877	13589	11973	1974	15404	1207	3030	9402	518	15523	15986	3370	17446	9962	4095	3218	8834	468	14166	5524	2667	3546	8545	12143	11637	16107	14366	19131	17541	16995	5324	1966	5650	14632	3144	4269	8275	10821	10333	2044	4207	11764	16491
17783	16590	14295	4183	6644	13494	5167	16134	19279	13464	2696	678	8091	7807	13436	9687	3970	19188	9626	1931	16663	9169	9940	11292	6941	15030	12210	11220	2495	14948	8431	3749	16548	6054	14847	6639	18261	15519	9548	9447	832	1794	2527	9856	4499	8493	16548	1776	7200	17812	10285	1763	8727	4146	2802	7784	5028	17319	2289	16042	17851	8079	714	6371	19688	11393	11787	8464	5724	5783	13481	10950	5005	7616	4188	7767	10549	19410	12190	4147	16258	17016	16471	15323	8304	3060	12632	442	19414	18675	18805	11594	14128	10604	1637	8713	10960	10391	18130	256
19498	1480	1913	15892	6704	8007	18189	3895	1808	1301	4192	5535	10931	13953	954	14776	9240	15406	14224	18082	13099	14875	16229	4452	283	18829	11644	4426	8284	6652	7716	13176	9406	9889	1921	6845	12860	6934	10802	8654	6258	11845	12251	5946	19890	8473	15922	3389	17139	4082	16657	1910	16736	1806	15392	13460	19335	12741	9631	4771	15084	11969	18235	12429	15036	5070	14491	3786	14767	10565	2171	13910	5709	15852	19140	9630	17	13106	14643	6902	4271	8975	7729	12170	2362	13226	6780	604	4817	10596	18698	1679	10580	19737	19458	12561	9210	19133	16303	4233
18052	15488	16486	4542	3474	16417	3036	5095	19359	19816	12304	10699	14658	16505	7505	6722	6897	16784	3546	5514	10633	724	12025	4228	7631	7849	13385	4844	5027	3944	6676	6046	3018	10453	3473	2278	17408	9581	16675	3243	11	8159	17467	16709	9362	5189	10700	7951	8486	986	17530	10990	19356	57	7357	17319	11544	17757	5705	335	9430	12433	14292	10109	4147	4319	19660	9334	17931	12708	7328	2358	15368	6918	13765	16006	4423	13626	11052	1164	7381	17236	12341	12720	725	10785	17839	8661	15506	710	14717	6495	7196	4725	16615	10942	12259	16063	11816	11360
12117	19823	13640	19117	13781	4893	8154	14347	2870	13979	1650	7328	6367	1577	8752	5742	11573	7378	7345	15260	16308	9760	17694	10427	12101	15000	1545	6856	14812	17375	15441	5975	8519	935	18903	4162	6301	5167	10484	19521	5136	969	6474	12366	5216	10854	13106	7762	3732	11016	17651	13132	12733	6289	14283	6946	14626	1256	283	3751	14044	10074	1776	7071	13723	18849	10444	6276	10859	11704	17919	9407	1126	2428	6109	12499	16628	13359	19400	6539	14413	11616	4064	1777	2405	7433	7840	14658	2794	12853	4122	19670	485	2284	14082	19797	698	18869	8354	12389
4447	993	2498	17563	7423	464	13953	10586	2874	19478	4918	20013	18683	8053	14893	19074	13545	9580	19029	5420	19871	15735	734	3626	11155	18100	6927	12755	2058	14353	18558	8547	6687	8774	10637	13723	6365	18174	11906	17146	3181	4855	18581	8779	367	11008	18297	13209	8501	5642	11950	1959	12362	12101	15336	18456	18794	7646	17224	11906	8214	15360	13109	10674	1652	12283	18737	19321	19127	6207	4476	19278	935	15896	16283	13586	10865	4195	13604	17028	5472	4919	14449	15131	10934	8899	12487	11622	3885	6469	17498	3456	9380	13303	6992	19921	4337	523	13494	10707
746	8115	15572	2811	2562	8870	13314	18881	19449	9136	8896	14981	14892	5299	13371	8970	3216	8260	17448	7134	7260	10241	9871	282	6964	18558	14302	4856	2969	1460	18025	12988	2830	11798	8281	2537	9635	15432	10811	3084	10696	9677	4046	1593	1382	3947	2012	16894	8619	10991	6651	528	17913	2588	2870	4589	1921	15316	6339	2558	9123	15282	16166	17926	12991	13427	3163	14914	8085	5280	7109	5451	11950	19815	17431	14849	12101	6929	15990	19251	5334	2701	19890	14524	4668	631	4810	13185	6914	10557	765	2031	898	1924	2713	12499	19765	13536	3336	4503
13646	2661	10809	12991	3703	8940	18329	16827	12295	4039	12233	11596	3094	13621	8499	15752	2525	3876	18725	3132	16947	19843	11040	9338	14107	19047	823	14287	18439	14525	6601	3355	12809	15401	7039	15732	15957	2314	18300	14381	8809	20021	274	4746	4219	7102	3535	2905	16085	17302	4156	5500	15724	13517	13803	7694	19386	10317	4192	7336	3042	14424	14964	16364	2637	4645	15750	4337	17562	17902	3072	17964	3410	18454	14019	5909	8396	5882	15632	17110	5291	12373	5543	19774	19785	17639	15276	16042	6574	7741	13017	14876	17237	3670	3291	16712	6135	11072	12742	18678
14822	4390	9154	16195	9667	3743	7667	11718	1957	17821	2349	20044	17277	14157	6117	6274	6682	2224	17039	16143	1821	4102	6812	18402	14590	14249	7200	11823	10037	9147	19451	19287	8902	939	18462	2086	20027	15488	5984	305	20156	9947	2236	8727	15314	12960	15357	16254	3312	19598	2745	3162	4243	16671	9269	2723	13471	13405	1213	5661	14087	12288	11362	15277	11792	15359	6661	6301	13797	12950	2989	14653	11318	15620	35	10208	6033	15511	4166	18319	10028	8477	13738	14193	7385	4670	5327	18125	7275	7607	9950	9245	1000	3565	2620	19745	4903	748	8907	111
5738	17303	2779	9656	1915	2027	10243	6738	4566	16249	18538	6877	2232	18074	11625	9561	9103	15661	5267	3529	19667	2699	10637	7851	8975	18987	4767	19287	7524	19310	1765	11473	13422	15175	17150	9875	5117	5641	17962	15434	6731	9232	18322	10933	6375	14960	16407	15109	18923	11530	4607	3411	4104	12223	5224	6005	15891	5683	73	18479	13511	11978	16274	7929	4541	2761	11262	2876	2651	11198	2252	15493	14512	13858	17599	6810	960	19004	8692	19016	5414	3249	5379	16695	19225	10688	11638	6405	3640	11573	18100	12932	1160	4800	19415	8059	6431	8509	5481	3824
20013	10602	7601	6976	16449	14588	4988	13980	19412	9383	2346	11306	4660	2672	149	5026	13248	16983	982	6256	17613	10913	8771	17417	3770	14516	16894	5042	9728	7387	15692	514	2240	5120	3638	2480	13539	10018	5828	16030	5331	18216	15803	13418	15364	16833	17715	964	14949	10663	14954	10230	9606	1032	19347	85	3318	17999	1644	17097	1072	4341	12476	16676	16845	7292	1921	6673	15150	2089	9839	452	8577	18589	17024	10008	8098	19405	9178	11879	17303	9002	14123	16007	11313	5967	13003	6847	6568	7597	5250	868	7207	7702	17688	14524	15116	14579	6882	4152
2153	850	18216	18035	20202	17555	777	19904	6988	10970	4080	14214	15577	8569	2101	7522	7768	5520	6275	12056	4287	4808	17455	10585	3198	15096	13604	19805	18831	1229	19775	9000	3342	5459	18976	4883	15084	18722	17516	14821	11830	13069	17473	20167	4147	2034	12957	10429	11609	325	7217	15646	7531	13980	16341	19130	2379	3591	19714	1329	11983	10181	18242	4424	3525	9908	20154	18519	19863	7114	13562	13004	12615	9951	16516	14393	15373	9677	3029	314	14210	13011	18565	2989	17431	4932	10726	17070	16166	7170	9797	15569	4746	19484	5039	19615	3629	3530	14307	15401
3465	869	17613	14812	8631	14023	10280	10553	9562	14454	17450	5805	12727	18987	10076	2056	18536	8713	4052	13377	12344	6916	10376	7372	13204	16998	1842	17986	6988	6718	12838	2592	14802	3041	9201	18961	16700	4152	6022	7663	17856	5795	13178	17562	582	14727	7665	19194	1837	7589	3818	16717	2383	15823	1837	17398	3135	8494	16501	13066	12968	15329	3214	8119	14250	2335	13658	7192	14362	297	4542	20082	3750	20079	14031	1248	110	1535	545	4861	6916	8236	3172	18653	5950	5186	16072	13376	14214	4313	2593	17994	4868	12537	8284	18854	12054	15737	13584	16281
3288	3475	11145	15253	1742	2374	19917	7045	10732	15928	6465	16713	13511	5669	3160	15743	12545	13706	1340	10320	11323	18638	11656	16123	16463	4868	3588	10791	12149	1111	19683	5870	1780	7052	15577	13066	19500	15349	19451	3267	13943	16386	16589	8528	19150	1589	3418	13846	10263	15166	17125	19209	15866	4023	1932	867	9513	7292	13807	11097	17702	2598	14047	7369	15431	11925	12497	17141	15118	16383	2006	4026	3719	8183	16814	18513	7612	16760	1371	16086	18783	5109	9515	3010	6601	11275	16377	7710	11673	7466	2143	13010	13647	14993	19735	7931	14084	9538	13032	14364
2461	11944	4476	10538	5831	16981	11047	4193	19889	2628	5635	5809	7675	2970	898	11913	15518	6570	14729	13936	20051	10345	10695	19209	6425	19598	6657	17087	7573	10544	20158	13065	10133	4722	17549	10165	1845	16171	10283	12356	10747	4823	16675	778	4423	858	11518	16466	19151	8732	19373	11449	18113	7496	1368	16634	6896	2221	3286	12922	4434	8096	16469	8791	18387	11472	16669	11267	2641	17024	2153	19171	6217	5030	18054	13923	18808	14778	10938	1496	14211	19217	2425	17564	15374	12426	17055	12825	16186	12755	3972	15702	13403	4822	5726	14957	12304	6018	4816	10477
9508	12324	12079	9905	2833	777	1821	7386	14080	14439	2393	397	2776	6181	8641	2897	8145	2092	7379	14653	12927	75	3652	1685	11231	7281	19563	505	4704	8329	12106	18976	4804	14862	17246	8794	8425	12879	6101	18179	17721	2749	11718	9383	11231	18743	5005	15500	3382	10744	11530	7957	14658	3374	17927	9213	15762	15938	10167	3223	1788	9228	5514	12240	9560	15945	14751	2472	18537	6033	8825	3254	10474	6592	417	5025	2845	9160	4585	14060	1646	2951	19721	7038	13050	14881	14716	18030	15760	5367	2845	17169	7989	14615	11799	7354	14938	15844	7605	11403
3557	15519	3926	1864	19405	9900	2687	13406	7419	5941	12529	3189	7391	11191	19114	7378	16894	7379	19216	11473	16090	18189	17180	9951	9081	19957	493	5652	9931	19664	8351	5417	1625	20181	1243	339	5030	11246	17964	3219	15301	17353	6572	5613	10736	17896	1416	20196	12688	15469	4965	15097	4521	9335	17094	5065	11636	14151	5821	13979	13723	729	1213	1790	19067	14563	5587	13213	13496	8234	8654	9834	636	5570	19817	15823	9325	12944	1704	2242	5105	11299	4254	6943	7318	19907	12609	14954	16246	1771	547	19872	547	14658	8001	3735	11273	1007	5850	1404
18135	2206	4625	9699	2236	17166	14758	17591	9257	18037	5049	4056	11269	14640	17395	4303	2797	1157	13719	9181	19505	12449	13662	12122	15063	19715	16671	10016	368	16271	862	19318	8263	18064	12491	13073	6872	11248	17728	16775	18793	6878	14185	17374	17286	13662	12848	12673	15442	13432	9388	19678	5787	3603	9431	4793	15078	18499	5638	15977	933	52	13880	18082	18291	8469	3717	9090	18590	10218	10610	16276	14064	11770	10509	9099	11373	19066	17629	2831	14513	11140	3546	9005	4650	13185	13392	13990	9918	5457	15236	64	5998	16284	19646	19019	3645	7538	3683	5540
1382	4176	1803	3273	15502	16697	11813	13997	15732	9854	9307	7239	16124	4478	11533	17440	12375	16218	1465	19629	3355	18052	1287	15864	8934	11365	11392	10429	7952	1443	5616	18524	9172	11618	653	4459	19071	8899	11710	20062	9064	206	14955	4151	1457	11247	12684	17614	14211	12103	19449	9397	16205	12087	7152	19374	4144	5611	11016	7637	4401	17532	2604	1912	774	12953	19638	5090	17748	6229	4064	9067	2376	1547	6083	19600	19016	3249	7107	14260	8354	13099	1441	12356	4841	14938	279	11566	1973	5338	4854	740	425	4146	10215	11792	7964	18412	18297	3822
8112	5219	11072	18359	124	19119	2143	1190	13239	19063	12375	19878	16958	6075	16955	5383	11513	18072	7999	17097	17389	6155	6697	11165	9604	1806	5170	15145	8835	9521	8142	5275	15762	5074	712	9605	15544	10159	15569	2250	6846	1742	15830	3211	18862	13747	17028	16462	13599	4254	13287	857	17216	19597	12694	12632	7282	1565	3770	19541	12172	6431	8179	1180	10079	4168	15554	16694	7356	7428	6963	13453	15864	15493	2186	6577	10480	4819	9851	19920	18147	4167	644	13519	216	8225	11689	4847	9086	15328	8390	3801	240	3095	12710	12148	17941	14779	10137	10876
5839	11882	2735	4182	14143	732	2594	15735	1450	9319	17358	1558	3779	4126	11863	18679	2782	9306	13043	17410	10314	1931	460	5326	14210	9900	15368	7778	14615	12632	4136	8942	372	13713	19093	1349	1718	19081	3035	12592	16447	15312	8679	1005	6946	2443	2782	17024	18699	10892	13669	9223	8522	12326	1457	3130	11657	19481	8519	12102	4660	1184	18574	16337	18701	18070	17793	17674	15173	18	2718	9734	14781	4753	18569	15249	1491	1625	1885	9782	19130	414	14681	9906	147	18537	11650	2651	8895	1712	2439	2826	15634	3716	7327	5962	10992	5704	5298	3172
9475	16084	14044	18161	12934	6141	15748	15611	14273	5540	1404	11473	2765	9510	15132	1085	5271	7417	18298	2093	9246	973	10457	13846	9307	19522	10068	14143	6972	14372	15296	3656	12185	16593	9294	10072	3111	5462	5260	1545	9288	15163	17728	9817	13032	11012	16663	15721	13103	2637	3348	14726	215	18175	9656	9139	9176	3960	17404	4819	14531	9154	15137	20023	15280	10986	4727	15150	5910	2376	3938	1717	10927	14849	11853	11546	10980	18823	13888	6131	16505	17839	1159	5245	1403	14903	16397	6870	12247	10653	11471	2466	10869	12498	5197	17045	19465	14311	9588	15098
6594	13335	12311	10277	10223	5803	17873	18052	11748	19646	3902	727	2644	6548	3969	1564	15870	9152	12435	7781	9288	16715	11604	1588	4787	7234	17560	6928	9719	14380	15882	7584	20150	11398	19765	18371	18019	11880	675	12925	98	19856	10832	6202	529	6053	11963	14917	19057	3320	13749	13138	9246	12160	1364	13417	17913	11902	10804	3645	7472	11399	16185	3334	15791	5381	8442	6611	18807	6498	3754	19675	16004	4966	11598	7779	54	10468	141	5253	5986	19713	4018	17609	8513	15507	19765	13828	10694	14031	17135	17789	12817	15964	18400	18725	11322	19931	17901	9617
14356	800	17118	13719	9369	16815	9893	2291	15047	17303	17583	18734	10673	3743	4146	18556	12157	1064	2339	4135	18748	6466	1518	17400	7710	6733	17146	15030	16256	16191	19458	18589	8635	12057	2038	15901	14008	15797	3418	18261	17216	3443	5939	7388	18450	12401	17236	4182	6248	18061	887	7155	14603	6358	20196	2300	2929	5217	13438	1421	5061	15415	6212	16127	3651	403	16350	3220	9147	11754	18653	10718	7459	14311	8682	7341	19830	495	17801	18222	13602	12776	6431	11491	3992	2625	3800	17253	15270	12382	3901	9404	4907	4783	17464	12992	15266	6783	5540	7560
7748	14807	17851	19718	3728	10809	7431	15988	8153	409	15639	1563	7756	14647	5020	4611	10773	9176	18096	5097	14977	7391	10373	19888	2561	3070	12787	8833	9479	400	12868	9853	1048	4493	2488	3942	12488	10689	446	13176	6812	17162	19463	11745	13226	3519	19671	5316	17297	4031	13653	4957	8827	2466	4301	2694	13127	16084	15236	18236	1986	18231	9582	11051	16702	6490	9119	14494	4464	15316	14079	11452	6270	11585	15484	19863	5924	6810	16516	18548	1155	2582	17556	8919	13803	4446	11833	6622	2925	538	9645	3735	4065	11769	15955	9485	1549	6456	11413	6844
19131	3393	8493	8895	16062	5507	4746	14097	316	19589	8008	16185	17821	17410	14393	9643	6612	4746	19660	15752	16374	2721	1309	10512	3412	8872	4683	7162	18537	9541	7006	2299	4974	14785	18325	5056	19536	18618	10860	19771	14121	2280	4353	703	15154	12139	14858	7305	11512	6793	19391	4585	18803	19938	12833	18132	4479	19243	2255	8625	16934	14647	19617	14327	15577	11205	14910	4911	10152	15432	11234	3078	15728	19321	14279	20108	18188	872	15278	15094	16903	3582	16362	9577	8198	5843	19386	5420	11710	4148	8131	4972	488	16367	9428	425	9271	6219	10556	20193
6186	2571	5566	11458	4315	15281	2436	19629	1888	5673	6584	11657	5067	3986	2721	13948	13870	8438	4	13325	10257	16564	10943	4477	1122	17370	9473	6769	19237	18112	13708	2515	10944	1294	16961	4623	15519	20041	66	8453	923	4686	7223	19301	8948	11113	2807	16496	2746	9201	17918	6474	14162	9922	9538	5345	4816	7531	7930	13648	11975	19925	15480	4160	4633	6789	19748	15035	6478	1794	9479	8854	5243	6975	5943	6266	2299	10268	11575	16335	5829	13566	19208	12378	5838	10963	8425	894	1480	19178	10282	20151	4920	6274	10589	2024	14573	16396	13635	17249
3084	1497	5840	3979	1390	6974	18743	13673	6007	4668	19696	11185	5197	6477	17253	7877	13896	11159	13605	13207	3410	15604	15756	5081	17263	11965	8934	19095	18316	2072	9568	993	8050	19525	12030	5492	20205	13771	6389	19581	19892	3003	1146	12473	18038	12800	7876	11300	18228	10506	1954	16195	5034	12610	3918	16292	11275	10581	18355	18637	7741	2749	10596	14793	4689	12729	11923	16688	11944	368	11798	591	2352	16279	8909	4381	12152	15844	2835	3922	1384	10304	8724	10677	20130	12891	17945	8871	1411	14315	18736	2101	7517	4477	12070	17495	8585	18014	1023	5216
18871	9407	4842	14518	12450	16642	3599	15359	1725	2023	8483	17497	16954	7858	5414	10928	14761	10302	6574	1714	5694	15673	10923	1763	11055	3309	8672	10983	3243	9518	13013	17205	11537	12079	14462	14030	5317	14758	15843	14380	2713	18453	1042	15495	6289	6872	884	9950	19615	16800	15654	509	14179	13002	15996	7119	4886	2134	16108	2001	19076	6338	8709	15031	7328	6228	515	18246	17446	2897	13456	6347	9415	8186	19025	3804	751	17496	5792	10194	16102	11772	7968	2967	4146	4261	806	1582	6741	17122	9559	18946	14678	8019	5357	11073	6275	5840	17900	704
1942	2856	14459	5852	20054	4935	14653	8794	19178	7437	1048	3495	10553	12240	3940	1854	5868	1402	7659	4533	8188	2422	16119	2955	14417	388	4705	190	3973	8857	12405	14	2574	4154	148	19673	12538	17379	16908	11115	376	19106	3431	1788	8188	667	20114	14120	2751	16054	13204	6425	17731	13213	16847	727	507	18616	1796	6583	17445	9851	9005	12259	14761	3045	10726	6864	14248	7329	14331	10448	5025	11275	20003	20147	6930	13885	15845	15790	967	2752	19943	3642	16048	10429	6279	8588	17354	18331	19750	19757	12901	10892	9018	18171	9576	18237	11573	3994
15253	15590	15500	5808	12862	8295	7679	7559	15737	17480	11125	13448	16728	17396	3025	3703	15892	14031	12117	8747	2220	5566	19394	13682	6249	7259	2828	7319	10855	5989	14204	20192	15046	18276	4549	10711	13001	5913	927	8463	4437	8244	9639	5354	2431	9139	2153	6137	11269	14787	18367	8201	10964	3495	8651	7936	2821	3111	12729	17092	12963	19270	7956	1709	19720	5782	2028	11821	9432	16623	4894	7988	1238	9151	8502	3582	3204	11267	3847	13012	10994	5445	16067	16037	15870	18725	15262	1022	9621	3207	12217	424	4607	3191	7420	16584	10229	2174	2291	16523
8645	16847	5998	3571	12746	3972	2642	16540	14161	6035	3701	3084	5186	18893	9198	5711	5680	17742	19181	13239	9558	2332	20118	12712	14463	12573	4295	857	8080	20193	10820	10519	12642	17859	11975	11153	12801	17702	3412	8119	18090	1255	1011	13605	10230	16564	9617	11816	19581	15819	3463	12751	17009	15816	11753	10792	9232	5049	5704	470	15758	17018	284	15045	1387	5373	19132	7603	11696	2465	11984	15768	5256	16203	8398	4160	13922	200	6199	14416	2935	6338	11986	18014	800	7438	16342	17870	7137	9380	12056	5018	17759	1918	12163	17639	18422	12034	14459	7858
18442	17940	18014	4339	16127	17345	6106	12967	13687	2213	13705	2362	5279	2192	8603	13058	7698	5668	13187	771	463	11519	12030	2091	1292	2835	111	17334	17873	18000	19412	14311	4833	18100	4521	2186	7752	15074	15600	18114	6303	19003	9398	12860	1122	5431	3078	5613	15564	7465	19623	5324	10152	2757	11404	10715	6919	2715	2742	19710	15984	8049	15389	14527	2598	8132	19713	7173	5357	6499	6689	5661	8958	18770	20069	18154	7316	15780	7406	10344	10277	18499	9582	11163	2001	17859	6520	9056	6081	14639	14005	20206	2670	13680	13564	10167	2134	18690	18617	9078
15873	207	10509	826	16823	10734	5933	1160	16540	9192	13354	11260	2721	16608	17479	18872	4242	3207	16123	3144	2811	13800	9252	378	323	4244	7417	13644	18312	1814	11217	18152	2044	14358	14120	6357	19057	19109	15047	16467	4601	4717	8071	2250	837	19782	19757	16998	5286	3944	16775	5476	8732	1349	8021	19882	4313	9193	2979	17129	487	18211	16043	1173	14005	18084	16462	5066	13315	14374	9618	8890	11299	5436	5803	13171	12792	4524	5355	11192	7220	8449	3229	2187	11458	1798	16922	19309	16760	19188	5373	1243	7702	10545	15693	9984	7710	16659	18517	863
19362	3679	18714	6465	11310	5085	4938	3746	12768	2116	399	17922	6935	3778	394	17769	16036	9415	15135	8183	5779	15794	20022	2089	4109	16066	5339	4253	19228	5887	9074	12181	1083	9335	17689	1026	19760	8001	6837	14	15870	17859	5270	13966	12825	9107	14593	2011	2422	98	1932	1450	16595	4692	16843	11527	9473	964	19356	10991	1481	6446	6745	1996	10785	16728	12057	3257	17110	7333	13744	10205	17545	8750	2331	6976	8186	15431	13159	20095	15841	6171	654	4653	19870	11870	14980	4415	5094	12251	17066	13546	5080	12461	19076	18157	16143	7788	15475	18404
4803	18526	12706	19306	17652	3417	2701	13440	11527	10603	12106	9644	16917	3553	11750	8141	20164	10315	1530	1113	923	17727	13460	16457	12647	9557	4796	2362	19084	13625	13634	6750	19084	8872	16467	10317	3146	18039	2834	5838	425	2244	14820	6765	1384	873	2250	12403	19286	8010	20057	4894	1391	7157	15191	311	2876	12219	4966	10340	464	8704	16908	5514	5871	10182	14755	19358	1975	19577	19057	5354	5438	14864	2899	10717	14550	368	8846	10591	14738	1414	16643	19934	13673	7353	17410	9131	19937	16049	12377	3283	624	9738	789	8080	12481	12868	4585	5997
700	18823	7323	9751	4500	10766	16886	18584	4546	13986	20200	11129	12001	13584	7755	14365	14143	11555	16247	7861	17641	2193	8325	18737	19856	13515	62	4723	3910	15727	10196	11999	15555	802	5180	4796	2692	8315	8607	19153	15717	7560	12632	12295	14500	19902	3809	19796	1932	5916	10782	18531	8389	15716	5410	7368	4244	6326	19677	4220	6232	306	20142	6743	8836	17661	11493	13917	16409	3309	11693	13046	9914	19219	16401	1530	13839	1538	16702	13471	11978	19147	18668	11156	5094	20055	2488	5681	8451	10770	3679	2311	826	16702	11787	5560	9632	16837	15504	9201
1391	15111	14494	7540	1207	16153	9612	11456	13906	4500	11493	493	3460	15717	10327	10107	7765	19507	3967	15103	6312	17548	18405	7703	19880	18498	4898	4696	4997	10049	11155	7211	9779	13507	9569	14634	1508	14551	13648	16226	8402	14727	14730	2873	6019	6816	12174	7436	2677	4916	15547	7633	15688	3830	2349	8002	3652	9125	7320	1672	9424	8363	11899	5286	18949	7165	10121	18517	13371	15686	9158	18365	18940	7796	14659	19208	4503	3555	5105	11487	8707	17249	18699	12250	5686	17239	9052	16700	1912	18823	6049	19381	2134	18766	7484	11055	19086	2599	19511	10523
7616	16815	14530	5338	13505	11012	10254	3329	12483	14681	4727	9508	15890	14568	12417	3341	18727	1932	16948	14410	6176	13138	19907	12734	13324	11275	1315	7152	4322	6056	14425	1012	13585	17428	15354	16378	3586	8121	14364	2399	5677	14979	3690	18645	15794	13946	8289	16604	3653	3617	3876	2642	17886	20175	6875	7033	871	5118	11816	4711	1202	38	177	8390	10240	3324	19006	4276	11924	3629	7391	6490	11200	12516	1036	47	2390	4601	3801	295	3814	15599	8426	12716	9147	3899	13502	4272	5326	8523	12215	5774	311	10319	16199	19612	4883	19733	6464	18434
12746	14379	5003	3018	10798	12197	17425	7031	12196	2763	18542	17354	2108	14244	2651	18958	2799	4670	8239	16336	9523	19490	13314	5956	11474	16182	4690	8372	8421	11220	15401	13399	5755	18302	1065	15769	10000	13089	16754	5932	19411	4468	5561	16589	1074	2802	11642	1000	9227	3945	16833	6319	13227	18820	2012	16690	8284	8878	18805	8528	11095	16102	6736	6241	14401	14483	9922	17732	17440	4182	2598	1924	8384	12143	13901	13386	13953	3411	14425	11823	11270	15767	11123	16708	1358	8189	19209	19877	4063	6583	19051	16122	20042	428	14959	43	14749	161	9227	440
8703	1821	4501	19863	6253	5131	3025	2081	3667	10210	17547	11370	6144	19063	9588	5798	14292	9831	5900	19180	16721	8560	4291	17494	11130	3907	5068	10853	8006	12207	3140	11780	17913	3618	7151	11810	12739	9437	5268	10391	12568	18006	14817	10855	6435	10437	9519	14708	1906	13877	3781	15519	4671	14981	2247	8186	1171	15873	8854	6896	1467	16695	6082	18805	3437	10147	9039	19164	4894	9214	12152	8639	2626	18557	7924	18171	17973	5289	13999	7297	15632	6430	528	433	8872	16627	18854	15517	11115	1315	9154	930	2208	684	12280	2762	12417	16882	11636	9601
6300	13154	3043	16213	9974	1931	13007	18901	13698	19496	15370	19137	15060	15340	7338	12474	16626	5909	14744	8570	13119	6791	14357	7214	3163	17542	10693	12682	17663	13947	10439	11601	54	781	18744	12694	7075	9243	19597	17681	13245	3691	14682	883	320	11705	4136	5581	2730	13913	15116	1258	13519	17395	724	13206	7893	7844	12837	19802	1813	6224	6477	10747	7651	17336	18730	8355	2	714	10326	20198	7305	20056	8348	4873	6052	20164	284	13615	4020	9035	6629	16092	14799	4470	12871	8468	8738	642	5105	466	4705	7643	16360	17530	11267	18299	12663	1868
15087	9055	3717	18992	5528	15583	6328	14386	13986	3882	16630	11917	7500	6964	14095	16246	4637	6623	16567	19596	11008	14877	11431	17959	203	7674	7289	4199	9833	5175	2936	12003	10147	13105	918	14825	8509	11233	16976	5085	16101	223	11754	18723	16712	12038	11124	9030	2621	8556	4773	14043	555	19476	5134	3405	181	15412	11509	4496	6740	8968	15832	5169	1384	17786	7366	5173	3020	16755	19271	8069	9261	6559	12088	19663	17545	8939	9290	12555	2155	463	7419	18976	17715	15314	18209	177	7907	13596	10294	9581	8703	3305	19539	11062	19603	17087	17346	9578
5268	4979	17319	11270	9924	12235	13213	20206	18707	233	4772	19652	6488	1518	5609	529	6933	15691	3849	17407	18545	15165	18238	6179	10827	4660	5661	18810	9800	17118	2660	15986	19697	16710	4836	12757	186	5805	3640	17900	6219	16385	696	5714	11281	81	10562	20111	11324	18545	9861	60	3195	17354	15710	20013	11892	11929	15225	16775	20147	12309	9768	2080	10931	7539	12048	8415	15261	4522	19153	2271	8484	1886	17286	5543	8864	5271	4121	20065	15969	16676	1615	17259	3895	8976	7720	13191	658	8097	10994	6690	4407	2755	8642	9958	9643	10796	3089	7561
5570	9095	7840	18879	13584	14631	13664	13744	406	16607	15771	5818	19844	974	18365	17506	6969	16682	17031	3275	9310	8271	1978	12287	6580	3606	18231	1770	14261	19830	366	12952	9914	17086	8552	7958	108	15363	16245	20005	8599	7524	4026	4816	6988	12968	6672	19150	13649	8316	2066	11796	6220	15688	14590	429	4196	2935	2727	2812	9403	16774	14668	4314	8696	6182	10586	8883	9943	8438	8917	19029	17681	17385	19854	6431	6214	10635	2805	10564	5694	6163	17687	9636	7806	1375	3966	6316	224	16692	1428	7655	3972	16697	5893	18953	4418	4503	12047	8690
10259	19873	333	18766	10274	14364	4838	10490	5834	3143	17178	16077	6262	9261	20032	14224	18427	18467	9139	16605	8968	19713	8070	6431	15840	18936	10687	12400	16324	4637	368	1332	11619	4489	7431	17775	4924	4520	14670	582	17989	13125	8693	1031	9491	8726	8297	15672	6864	13824	10883	10403	17961	15597	10554	16633	19994	19350	18612	11342	15844	5551	534	8642	493	6651	4534	1041	961	8721	6759	3746	8476	6464	10931	11122	15217	11994	5725	6944	2795	7159	9059	9147	17159	14658	9214	3348	9485	17216	4191	6748	7729	9604	13327	12686	7572	17890	13366	19838
8158	10736	10548	6052	794	17845	11351	5364	19120	18770	11130	11268	17370	19350	6300	9394	17249	5960	15184	4925	8967	14043	2574	2044	13976	15078	12739	879	3264	1458	10251	18177	6353	2624	10922	13853	10798	13074	1258	1396	6989	4240	13672	16783	11209	18483	4764	20206	1417	969	18817	5331	14742	2251	18093	141	9577	1163	7214	7853	3532	17441	16409	5977	15959	6741	10932	14825	7386	3530	7717	8079	5316	16703	429	2112	1792	12686	19677	19066	14768	10274	19314	12666	13321	15489	11913	3943	4644	57	14428	14912	11286	11197	14007	16486	8816	17744	19115	1455
14079	14077	16126	15740	15258	12392	10652	506	1215	18672	12280	3581	6464	14213	7754	4715	17686	15069	6952	11552	12523	3417	8379	13387	9177	9184	3135	4153	19670	17379	9704	11331	10803	14957	17760	10738	5483	5595	12121	1294	17639	3994	11569	1142	8566	17637	14674	4626	4933	19810	5990	10426	8142	14283	20162	16175	7091	9251	4289	13976	5943	10532	9598	7094	10566	3163	3304	5443	7931	16762	473	2501	7269	6847	8447	8816	14793	13210	6981	4568	274	18731	676	10569	10512	16814	2073	15797	15265	17159	11052	19921	10995	6721	2699	819	19188	2867	4091	16828
7954	17169	3409	5882	2038	10407	7269	2281	6300	19988	3872	14231	9279	17073	10865	12425	11366	16082	5414	13606	10796	13700	14934	410	5070	186	18354	15035	15914	3365	13330	7713	3905	18813	7794	14874	20022	3801	9921	5912	13684	6941	4476	11168	14668	13185	5329	6142	13713	10285	14811	12240	18505	6856	6229	4150	9193	18475	12606	2366	132	19652	13644	6638	12814	8794	10990	10260	16774	1549	18536	19281	1432	5131	2024	8541	16206	5174	7789	10967	15349	19412	13298	18682	6458	19049	14773	19192	3103	8214	6358	973	12751	11725	17245	677	11226	14900	8273	10443
18021	10797	9498	17588	10163	1036	9906	717	15353	375	20170	3820	5882	12258	14549	4034	4960	12783	905	5839	9725	4380	16476	17548	3564	19342	11000	16845	8797	302	6249	6787	15571	5419	5277	8488	4574	1428	7508	545	7111	1193	17945	13928	15835	17653	11784	3108	18442	4711	7633	3619	15667	14730	11972	18222	2919	16620	18311	17651	16385	16985	8110	714	7320	14807	17679	1737	3278	7211	9262	8396	8263	1153	3902	11401	1011	10356	17129	19577	17065	19084	17476	2514	13521	7836	15588	1628	6287	16036	18220	3524	15743	7351	15070	735	8253	2093	1318	12410
7481	16659	11024	5612	3274	8415	12783	4495	14556	6187	14082	7267	15615	12025	13814	1975	475	12324	15503	6561	10587	3403	2212	19370	11892	13685	6468	9016	5385	18838	15032	10525	2070	3882	17300	1450	2706	10528	19232	15069	7703	8194	11065	1880	3713	13837	18315	14707	3554	8540	7857	13713	2381	2841	11666	20202	13856	8166	11735	1800	11877	2287	8857	15442	1711	8913	5901	11907	4614	15834	16864	14302	7254	6663	8193	18563	12580	13485	243	15364	16114	19743	15101	5775	13517	900	3652	10182	8707	13102	527	2056	6819	19535	13978	7367	19863	18928	7133	18387
6394	2341	7402	8970	7553	5704	6548	11834	19312	1180	8680	760	20193	12001	17779	2605	9772	9403	16172	14416	9797	7949	4397	5787	5462	17260	11688	9252	6037	6816	7298	18987	19147	10695	13809	19843	12933	16345	1185	20208	4936	7081	15313	16186	525	4520	10924	2979	14875	7951	9871	13317	12710	5018	3073	15109	7114	433	15842	19575	16256	1798	10841	16026	15009	16633	8935	7988	10251	5467	5021	17129	16400	4328	5189	12801	14905	1652	12817	5642	17204	2187	16243	12419	1153	12252	2854	1159	7487	17323	19677	16416	7193	14564	19049	11091	16204	8696	6457	16346
5641	17711	13029	14784	16948	3500	16676	7690	9730	4388	1189	16766	13176	16805	8243	10231	15506	2483	17114	5253	7118	2295	14023	19300	7539	7014	16955	6629	4054	5451	10194	5797	8727	18616	16886	465	7386	19778	5577	2959	11551	6609	15915	19411	390	8231	9023	1092	5681	2182	3912	1497	13755	17613	12417	8253	7511	18098	8030	17642	13281	13051	14494	4570	18875	16709	9301	16185	8824	4437	6469	12941	1098	15168	12650	11870	2820	15740	3398	9841	7419	20129	15609	4562	7355	4620	19522	2873	5600	6005	4885	7057	16615	16864	16517	11938	8389	2514	8519	13326
17052	547	19539	17083	5319	1169	17114	3788	7427	18608	16380	10902	2828	14398	1411	5011	17853	6209	16963	6104	308	16794	8572	16982	9047	2207	7177	295	9103	4332	13511	17747	4069	18884	18703	5587	16237	13814	6702	2934	18329	16070	9137	19646	9851	19732	4319	16690	10563	18690	13252	592	2178	9547	20047	16644	19848	19179	4303	12930	730	7954	3895	10642	9234	15840	7187	494	7776	5737	2106	12847	359	2967	3080	15964	367	6603	1790	10112	13673	4319	263	11337	6300	6948	1204	19459	9709	7341	8541	4183	3198	11453	7100	1584	15908	12927	1952	5952
5044	9691	15839	19505	6920	13562	18292	12645	3428	13185	9564	3685	1048	10990	151	8746	4270	17789	12457	14755	19102	7254	9273	19867	20171	10978	2415	3647	969	18382	7532	3965	12123	4386	7121	1058	5711	9163	6116	15571	13140	14114	18274	9853	6985	16240	12477	20021	16882	13929	2520	11646	7249	14311	10947	409	19544	1563	13653	13478	17460	5750	14985	16090	12934	5237	13304	18687	11047	15680	16764	5526	16775	17832	2093	2012	15632	15724	8236	19184	12833	19729	4156	10250	17141	7356	2920	16302	15262	3690	9841	12667	12872	5356	17441	3509	19287	5172	15408	13555
524	19551	14015	18753	3521	7744	15201	360	2708	18339	19151	6011	9605	4781	14976	10047	4381	7025	13658	1802	17126	16608	650	1834	14121	19747	10430	3588	13118	18032	3690	1813	5683	11143	5384	5209	791	13099	8765	19399	14579	2081	2778	1868	18449	12990	10374	734	17224	3883	11143	8709	14154	1456	18438	6309	8205	12934	3737	5623	10964	11988	9701	7473	3977	10046	3124	16012	12332	7203	19805	8713	18575	2694	6698	15779	5309	19787	13653	7534	8662	10219	14542	12951	8587	5680	159	4739	15498	4078	5629	16957	10147	16274	18040	13738	16564	19683	1118	10924
16812	12026	1007	8714	14864	13973	6972	2894	4419	14993	3123	756	16927	2978	15179	1324	800	4738	13539	2035	5076	16690	9687	9950	6596	14810	3961	6014	16170	17437	10946	19892	8384	17680	539	15903	15101	4578	11956	3079	9848	2306	784	9922	5399	10637	1652	5050	7150	19278	14272	15937	10829	1694	5350	18619	18162	4731	11079	19228	4152	1769	13064	12015	4906	3194	17560	1479	14825	17882	6053	8236	4224	384	18087	5330	5665	2588	17087	8077	7795	3253	11404	17352	10686	15247	17261	16914	2820	3223	15714	5829	12626	2916	2703	11225	12359	12742	9716	12189
4231	6555	6263	10119	3955	14825	15410	9109	5543	8243	4459	1770	12004	8637	12001	19411	1255	12166	1662	5955	17205	19640	15068	11573	14858	19062	10538	13074	3882	1864	14176	8683	1209	11279	2783	14654	19411	4867	10438	10212	1716	6237	14827	18315	9952	2625	17732	3080	13999	5837	4034	15885	3591	12384	6600	6040	13796	6682	9738	15070	2369	19203	10564	7893	4570	11799	13123	19556	14003	2674	17518	17016	12074	3070	1763	12178	14823	9039	2138	9116	816	18469	1718	16974	8096	12574	17554	5621	13559	19003	6250	266	12535	5402	15496	11925	3355	16458	819	2059
17851	11504	15449	8456	8305	16219	15929	10087	5189	3680	10343	8535	18807	11552	3165	15320	1355	13341	14875	1789	15757	8443	5858	3623	13578	1300	16496	311	5551	10105	19330	6180	7892	86	10196	4690	4591	7918	4075	4242	16729	624	17461	9018	10092	16013	19230	17172	5629	439	11310	15262	13584	17140	16062	8791	16216	20007	12657	34	11583	1646	13055	17878	19207	12034	19332	13597	19481	9394	3363	12067	14234	9601	18042	2620	3229	9017	16607	1662	4999	16122	13891	10860	7573	7385	512	5886	4439	2692	11569	13774	10425	5414	10251	16167	15593	7498	13105	16901
5932	14427	15504	11766	8733	11703	4200	16478	13256	14871	732	3868	10799	1588	16145	13839	6103	7658	8254	19160	10598	19207	18036	5882	3766	13792	7630	13135	11225	4686	7925	19652	19726	15983	5234	7294	49	12319	18448	664	5599	3961	5825	6928	12585	9629	16228	18391	4627	5771	4847	17695	5654	9083	11336	19179	937	15781	16415	1487	5027	7109	11308	10087	12053	16448	7182	9354	1328	1942	15111	19019	10540	17425	8802	6715	9835	1255	588	18035	2997	6975	6696	623	3463	10852	18922	5271	2011	12536	8183	16314	16486	19451	6157	17893	13464	13015	8774	10077
16746	15340	13979	16154	20192	6613	15194	5944	125	14235	12497	11820	11775	7656	11670	1041	4474	11626	15790	13521	9590	10599	19904	13055	19899	13045	16584	7720	18664	14339	17242	1541	7623	4296	9516	9598	9675	18778	18284	10370	13401	8371	3623	9589	11410	3502	7798	2079	16071	18427	7778	12178	12871	17430	1488	18357	5900	15844	18545	171	11045	11526	13405	9966	8857	1814	4231	17162	11119	18612	221	11602	14564	13320	10876	9119	258	12183	19509	14697	11201	7624	11830	17150	3635	284	3070	20166	10596	14624	18043	4747	2675	4352	20202	11267	3593	10837	16620	18868
20177	3729	9058	15746	18328	12469	13773	8099	14752	11944	1988	1756	3594	17437	935	17014	19835	8207	2116	10959	5500	19084	2243	3532	3316	8519	4641	2702	17494	1688	7898	15577	14989	7948	12793	6524	11053	14717	6130	13769	14249	8348	3017	12267	15710	17658	19902	14938	4812	778	10994	5704	3853	13463	15641	19925	10074	16100	18589	9931	15175	17086	8317	15599	17237	18940	6760	13626	2580	11549	17486	13935	13101	7027	17031	9179	8456	12087	6473	12682	15149	12145	4653	9083	18800	11322	17879	17688	2374	10131	12919	1098	14988	16213	5414	10053	12251	10409	8012	14726
12008	14513	5854	8796	8998	15234	18892	9577	12633	14506	14128	5357	232	12467	1798	6465	5323	14084	10283	10340	4242	4938	15737	14542	6967	2094	11228	4544	11538	15363	6657	20182	1311	13171	1134	11075	9160	8944	18447	14928	16794	13115	1386	11617	4343	18705	19188	5776	11882	12562	2919	17909	3490	1010	6281	11286	9851	20164	11045	11839	19850	5652	18763	8572	13065	5462	12483	5112	10471	12101	2702	8026	5708	10563	5686	12419	19533	1610	1847	8550	8587	3657	14601	8914	12474	15757	11303	7192	20202	3254	2247	11938	19859	19113	1344	2718	5334	9686	6402	4295
10418	3799	10248	5567	17904	5929	18093	7431	8774	4979	497	773	2456	749	18438	16764	4590	1742	2963	12258	10800	13781	10430	19179	16873	8058	3737	11875	4435	12960	17554	6166	323	10631	1328	13701	7662	6489	1125	8134	2483	18611	7010	2896	20007	8940	15752	18412	13128	19516	13689	6050	3762	17303	8738	4064	12121	3294	17362	14082	1462	19064	19496	8262	13307	1912	7292	159	16036	1466	15823	11475	19611	9359	19466	18743	16006	10820	14419	10411	10803	7237	15732	11136	4692	5252	14742	3500	16099	8773	19592	18244	16605	3017	4635	16886	16175	17961	16007	15644
15293	10301	6725	16059	9151	3216	5792	8393	5492	1878	15832	996	2355	17493	9717	8788	4315	16474	6468	2393	3756	9998	7719	17484	13950	5765	9734	4725	3363	1690	3144	10845	1831	8440	18614	727	16941	9097	6024	15829	13714	13646	14244	5941	12119	17563	9791	18033	11332	19022	4892	5856	986	18267	18569	17840	4773	464	9083	8511	11750	5451	2515	10347	7214	12868	12742	7142	10450	6924	6600	4882	15354	3825	13515	9166	797	1126	3379	20009	17889	2564	1113	10165	5137	14273	7413	9051	7654	684	4154	14644	18484	17781	1704	1004	2088	15544	4823	102
7958	15655	15041	4032	1189	798	14991	4228	16613	13946	19261	8838	15242	10340	3204	19083	9086	14097	5252	4501	16045	17451	18362	7259	16191	18684	2347	7861	3629	15199	277	17431	5538	18162	923	912	18709	7199	5602	12054	18241	8101	14954	13427	6738	10423	10598	5869	13236	4457	8398	8331	4060	17871	15875	8914	15903	14356	12143	6004	9746	16390	8657	12706	5463	10072	12533	8791	1283	9160	4594	14668	19292	13385	16552	9899	16894	10221	15331	19867	4055	15139	20152	6397	11055	8340	12152	6731	7920	17156	3717	9595	424	3045	997	16145	10179	1025	17744	16486
9894	9247	18321	5728	13713	5897	20096	13138	4088	12106	2250	6266	13701	2807	1153	19211	7166	19125	7298	8930	750	19187	2883	474	6600	8473	15583	12486	19568	6376	16766	13502	18745	7400	4561	9163	2221	20048	7166	19564	6843	11686	10084	6405	17732	4046	10282	9747	13248	10581	8232	1528	2874	10142	3229	863	6034	16024	6838	870	17481	7989	5057	19901	8354	15450	14728	8256	12001	17404	19571	16174	18966	3555	9850	10229	17932	4295	20091	11912	8752	15429	7570	2045	5856	14870	13880	4743	14707	10317	6456	11249	491	13055	3659	10740	11979	4948	3799	604
12850	3813	3002	5725	7433	7629	18928	14935	8527	18285	3565	2259	13815	6052	6629	136	17261	4469	19087	384	11842	11708	11053	2739	18448	5429	506	14411	1132	2232	16171	14492	14799	9606	6241	7717	10854	19863	15905	12981	15851	873	5637	267	3143	4074	14458	17588	1622	9679	9746	19320	9820	19299	13396	10698	16752	15462	6172	15426	15314	19675	3518	12235	17308	18687	17428	2667	1048	16324	19567	1080	16489	16213	8030	250	12562	15848	19539	6924	355	19752	5503	6466	10548	6356	10892	11035	5809	16175	8625	6037	4200	15824	18173	8292	3597	12182	19110	12913
9055	10107	17672	2700	7130	7948	5253	2778	17730	10097	10469	3273	8995	12337	9207	5043	3384	14058	15245	4233	1059	8647	4914	7067	14991	6024	13413	7621	19943	19658	4482	4900	16487	13803	10777	9077	15207	7251	2000	7845	17779	12483	19471	7716	13326	4016	12429	19364	14539	19407	8574	18305	18987	3555	5901	623	7956	8939	4727	3045	14165	19208	12056	17859	17613	16016	8588	7719	4892	6821	17522	3079	3786	17189	6093	19387	13669	1416	5117	17261	16237	13170	19202	2011	1893	1414	6466	13700	14299	9473	16659	2406	8404	11348	8269	413	18291	20192	19447	7713
17649	4458	11267	15842	15542	19120	14297	5219	375	19729	1037	14500	10415	11809	3068	18285	3094	13333	17173	15035	10564	10468	11999	113	2787	8249	11833	6399	17560	17931	10591	6089	11500	15096	1753	19393	12217	15889	19748	14345	10040	19854	19513	8415	3004	16783	14893	7990	16947	18844	9200	14265	10946	12321	16590	1417	2885	7039	19971	2802	148	9101	3068	13187	15647	5551	19364	19111	15609	5535	9520	3199	15119	3957	6058	15135	13652	16845	5277	245	19200	18831	1811	12295	12775	18416	10189	12077	6352	12151	7406	15359	9056	2806	17459	34	3660	13212	9211	13152
12443	13306	2780	9376	11915	9087	14221	18064	3462	5957	18933	10566	19487	12034	15278	19374	4344	4271	10304	3516	18770	7625	9588	8930	15349	13546	3813	10004	13490	10611	9193	10437	10999	16823	293	4593	17433	8573	17491	7898	9319	6842	13492	14766	3933	14898	5039	14525	11075	9198	19576	8102	9473	16075	7668	15214	8967	9027	15280	13953	17281	12047	7238	11704	7199	8379	18841	18867	2857	14989	5436	6955	5850	9522	13985	6855	18684	19356	15684	8641	14512	3832	1603	15659	9530	17409	18484	1503	16120	10923	6838	13143	11822	3786	5182	9797	6709	8720	279	4423
15043	2339	16063	6787	9875	3137	6392	9405	2643	7196	11871	12475	7332	448	4419	15753	19706	7975	14773	6260	3467	10339	14193	14583	5537	4715	221	19498	13678	1796	14157	18681	13070	3465	12718	1430	339	8028	2003	376	1265	15282	17400	17893	6870	8695	1789	3801	14099	3804	11829	17137	8260	11465	7240	7417	3344	11031	1322	6038	3754	18299	18563	16309	15710	10663	10614	17354	13116	3652	3667	19540	525	14248	11246	2919	3612	13582	1691	6284	8982	14871	5151	3350	13239	13868	8271	13017	13853	9962	15691	6957	20107	10228	19683	19973	11569	9172	19923	15428
3215	8469	13587	14936	7299	4717	8679	9221	14964	6705	16260	965	10590	12038	7391	5546	6155	1530	11528	8240	10333	17731	10714	3634	12760	12481	14165	13617	19665	10173	11610	7832	10615	8161	4696	11657	11602	14372	13614	11361	3078	8480	11327	11406	17608	9908	8554	8609	11659	9902	11760	4496	3487	12318	11074	6916	18840	19742	859	15146	18390	18831	10133	14734	2102	9860	16502	10803	15429	6896	15760	4593	241	19329	2153	10528	7134	3667	9447	6713	13227	18406	8516	3938	7863	12051	14770	14626	3744	12112	11136	10821	14573	2143	18902	18703	4527	6568	11663	15781
18515	15905	13125	4883	7872	8204	19595	8476	1794	18747	12923	3749	19915	3066	14411	41	9688	17183	6003	10427	9934	3755	9696	16119	19059	7807	12754	19476	11333	4802	280	11204	10514	3243	10595	10779	6180	16950	7951	4806	4696	12896	19796	215	13500	11293	10772	17064	5636	4899	6036	5227	16930	19519	12122	10471	20011	8719	5133	8789	7916	19079	9964	18370	11292	16760	12897	8725	12833	10852	18549	9119	15821	3363	15244	18304	2706	1457	7830	19111	18035	18549	19994	2361	10995	532	6487	17542	2796	10052	460	17464	4129	66	19927	344	6190	11981	8297	2278
9434	12091	19663	6380	4746	18832	5481	5725	18231	5661	1502	13553	2382	17790	11123	1319	5374	12580	19941	9156	9328	19162	17968	1677	459	11849	2241	10523	18019	8053	6206	6374	8517	9152	14092	10468	1684	18199	14980	6236	19686	9088	11597	11079	3201	2565	9130	18062	13700	9892	11687	9	9261	2795	6264	4972	5525	18548	15665	13245	2393	283	11686	6850	4783	17746	8528	443	2353	12952	12927	8250	2392	15537	9687	2643	7531	14318	3642	3411	17661	6011	20021	6718	12273	8316	6588	10711	11192	16174	19434	6171	4764	2251	19167	1137	487	6861	8180	13138
14461	18913	19733	10065	2779	10089	15769	2440	11155	19533	6821	10674	7493	12790	12295	3567	158	7877	15586	12123	5119	12458	7738	8683	9617	17301	17964	17812	1601	5114	19611	12720	174	15136	729	428	4896	9147	2254	3137	17688	3568	322	15153	17467	15164	13634	11158	8693	9636	6379	3547	10591	19113	14483	397	14137	8956	485	15216	12869	12025	17749	13466	6109	13893	11467	9920	5935	17994	2868	10799	8900	14773	11985	5049	11663	1033	15727	4166	18201	16115	2459	14870	14225	12847	8821	14384	14515	7733	1368	5797	1988	13037	11743	12567	8982	19412	2447	8850
1665	2837	6935	14892	9308	17426	7612	14876	2883	18809	18618	13800	6052	14905	241	16647	9848	11228	8350	2153	12712	6913	5560	147	5609	13154	11920	4739	19973	235	16880	10858	10099	16583	2550	12586	10614	8612	3004	13146	3320	14622	12837	16752	5799	264	3805	16128	17966	8004	6399	15428	19369	16036	16078	8770	8471	10453	9589	11047	15725	9479	9319	14758	1768	15655	5316	7535	12149	3211	19474	15928	11981	15405	14682	5068	11780	7601	860	4064	3293	15550	11445	13476	6214	15377	3437	5750	5975	19455	12435	8311	2561	17749	12644	15314	4064	18751	16461	13362
981	3182	19606	5642	8796	6821	11439	6713	5399	5155	4002	16493	14137	4797	9269	7019	10219	4103	17970	11115	20196	17615	7624	10504	17996	10637	18600	6795	16190	4921	9822	13238	9572	17561	281	6401	16989	14461	16835	5550	13170	2687	16270	13680	19820	7393	12419	17199	19817	13357	10757	15228	12584	10845	6465	5348	17408	2346	14469	430	11559	13582	10557	10120	19074	7778	19684	16842	958	16775	11911	12638	17975	4637	16248	7667	19632	9412	4678	452	8919	7256	4401	16706	19473	8714	4264	10772	18632	5478	19785	5331	14416	2990	19589	17420	13250	7891	1992	13777
18238	18753	12727	17865	13325	13881	406	9551	4343	19923	2610	2192	11403	16812	18516	11332	1256	15571	14430	4694	9073	6402	11119	7837	3853	14005	9200	8426	17680	7936	5963	6127	12400	15719	141	3103	17552	13673	2936	13979	3945	18862	11642	10511	1021	4939	19257	19852	7957	13012	342	2702	9814	5178	15520	2831	12922	3439	14672	4758	8557	2213	8957	10320	6986	17110	13262	3889	11205	6985	4531	12666	15357	9491	10173	9905	10986	306	20013	4150	409	19721	9221	14520	5544	4435	8846	13131	17674	4706	16585	9087	17711	16904	19172	2594	2956	16462	17164	9316
11589	14027	1048	15913	6802	5685	2012	6426	6769	10938	17907	14913	3915	480	16725	6346	13893	964	8372	125	16245	11413	19047	4699	10191	16715	13670	10280	19164	12962	18017	8181	5679	6771	38	14522	5346	18727	18611	2332	14771	5512	18035	12937	10933	10933	1469	15590	1757	14933	16920	13874	5026	7528	5413	5726	3086	7322	9940	11917	11419	17649	15871	15871	1324	12254	16308	13209	14381	9999	18539	6007	10019	8442	5245	9589	4195	18479	1080	20148	9056	5859	3691	13555	1407	9390	9731	3145	6052	10438	1533	6968	10777	3693	469	15192	13137	5432	20073	10191
5097	12390	5173	19629	9017	12006	10206	8006	976	203	10736	2883	17	2483	15550	8881	658	13604	2253	13929	7167	4862	2659	8606	5274	11430	15460	8458	6890	4054	730	19116	11576	4056	5508	9509	8433	17310	18323	6381	12232	10089	18130	1182	854	215	19980	9274	39	7114	2316	16579	10757	7631	17117	1861	9173	2719	10110	135	12283	10796	8055	14821	14615	3591	19126	700	16836	1166	11915	17877	18094	18159	10710	19838	2640	11882	10048	6971	10631	13729	15129	3128	14761	18498	12954	2263	5409	19541	5116	10832	11475	13559	4032	1056	13023	14345	15280	2182
4579	19907	19093	16449	11512	15311	3836	13322	15746	17184	18033	1597	4886	4026	1600	4613	3182	9594	5584	5280	5222	7958	9228	15059	15958	8349	11231	18892	19271	11331	1433	674	18312	16369	6538	19808	6962	6677	11351	17811	10591	3377	359	16191	13267	7170	17212	18638	8474	8231	4517	2130	698	12420	10791	8563	157	14881	5827	4246	4723	9862	13040	1743	3247	3062	14320	8116	18280	7402	1498	8486	7918	7849	8737	11551	17414	13025	19795	7916	14599	17066	15260	4193	18668	5298	8279	8953	3539	15916	12568	13084	12887	8540	15629	15431	2553	2193	4160	11061
12977	7582	311	12342	11924	8102	13517	9925	14626	11138	9902	595	2931	12262	10830	17906	15025	4391	10477	12853	14721	5277	17168	15932	15202	8461	17786	8098	19149	18720	1125	18902	2773	12680	3193	4823	6821	7355	8311	12052	7668	19104	14179	15328	18639	18402	9164	17086	18557	19888	14772	6014	11814	13604	14440	10301	10879	12784	6541	3928	14870	7199	14622	9184	14327	19787	1981	1870	5937	4861	1545	18659	19714	8560	8719	20031	6014	4139	17460	8821	11574	1362	18744	3076	15277	9536	10544	10038	1406	12876	12353	16847	8514	18859	18478	20039	10910	3567	887	15129
19570	5547	6877	6082	9023	9833	8357	3216	3872	983	11220	19980	8130	9425	11696	18367	12186	14082	9893	20005	3377	7122	9238	5417	11721	7701	1190	8071	6050	1874	11213	1375	8549	9928	14719	10813	16193	9093	10243	2195	17472	10291	4121	18091	5357	11957	1427	9967	4637	10999	941	2322	2507	10340	4558	14003	2965	17414	19123	18879	18707	318	15078	3605	2108	3309	1323	1025	14713	13631	11664	6815	8660	3915	1857	18882	12536	1067	1696	17886	14391	17372	4921	19771	11512	19062	19521	14411	8484	14456	3910	9818	14651	127	9687	5424	16336	6406	9193	2715
17372	5524	14964	4574	6328	11839	19149	7294	14758	3604	3509	7025	2166	14776	2843	7642	7415	5473	14598	3200	3156	14785	19106	16565	6272	19717	16800	6802	13515	961	18618	1087	19612	631	3855	13307	14558	3940	7214	15740	20002	8138	9914	3001	13782	8773	3501	7216	5942	15689	10350	16643	7308	6892	19807	267	18820	13652	12897	7629	9099	13395	19690	11046	6530	306	17733	4692	6363	6331	17428	741	2005	17063	4305	15550	19324	7235	10502	11986	1352	5374	10049	869	11807	11314	179	5373	1766	279	3900	17639	9075	19649	17972	6538	2911	1597	14289	8304
3709	524	13896	4505	11705	17488	524	6463	9465	6673	10187	5536	19774	16059	9448	19931	2506	40	4244	16593	1858	5341	16263	6199	15456	17639	14425	19922	12185	15060	15285	195	17373	8218	18360	18400	12930	18536	3003	19456	14370	17143	15221	8548	11984	5292	15472	18434	10075	15547	6637	15146	14876	19067	2604	4087	13276	12963	798	3018	14781	1677	11696	6765	17529	1577	67	2561	15618	12802	2962	15551	14315	5519	13450	1591	13723	4787	7846	19166	4949	5081	7621	8566	8116	7581	8642	8816	6231	12530	17370	19498	4520	11400	13870	6731	14267	4495	403	10766
4087	13966	17654	5797	3164	2327	1261	4633	18557	421	14268	8649	14495	14967	5593	13702	16605	14625	3093	15120	3124	11845	7180	759	15132	950	15293	4885	14193	6478	5324	19211	17221	15880	18241	9273	9503	6321	14635	9164	3113	7546	4875	2073	19615	14652	8881	4303	5201	1799	5271	7964	10260	1586	3478	15564	15259	13325	9354	5901	5056	11336	17639	7902	13581	19929	384	2153	17711	6431	6837	19131	15285	872	11614	7655	17554	9769	2490	10755	927	7223	9207	14718	4378	14900	6038	13797	553	12402	10933	17263	18727	7380	12252	1147	11485	8551	3679	15364
6927	11302	3314	4919	15900	1049	14097	5335	3918	860	18904	2178	1941	5514	14914	7437	12817	748	10552	14508	13881	18318	2275	13103	19745	13526	19490	20073	18283	3907	10558	12929	12629	14885	11642	19784	12300	10137	8752	14315	20015	15750	5494	2279	14823	1256	926	245	12187	13110	19281	5719	15845	17742	4707	60	20098	4709	16948	8779	5413	6155	16699	14812	6371	18192	16880	15995	14210	7794	3769	9328	20098	14673	9009	3075	16953	4634	8522	11072	12535	728	806	4711	17217	13017	1870	8649	9615	1789	16199	5394	15495	1403	19376	16760	13883	12001	7644	4704
14194	10511	14967	1164	13143	12529	11093	6289	4588	1282	9874	7521	12739	10473	17930	1499	11328	7667	3362	9202	6124	1319	16282	13661	20041	11626	2089	7253	16345	19176	8028	6054	16283	13327	8729	17037	3619	8451	8440	15804	17386	15331	2152	6702	14378	15796	12560	7413	16238	5783	538	17119	6402	19928	9033	4004	8661	5385	18886	11302	6342	4376	1379	5145	4095	6955	2727	19600	19535	11522	8065	17379	13146	16522	3516	5348	17493	4142	587	4767	10600	12342	5870	12369	15392	16277	696	5566	20174	12829	13980	4379	15991	13472	7144	11189	5716	5286	16610	9548
14457	7102	6811	13805	14393	10403	17906	19253	8951	2773	18499	3690	18614	9617	9951	15771	8115	15331	10428	11496	620	19658	7394	17144	5939	8736	10897	8959	9768	15356	10516	8386	1004	17042	18438	13890	10878	345	7874	1184	1036	9397	4328	1032	10538	1283	964	2662	11857	15349	17502	12498	9567	10413	2854	18866	14568	9699	8288	4915	11200	3400	3182	12823	11281	19278	3006	11488	17245	19063	5328	11885	170	6771	3661	9424	18231	8393	6018	7193	6764	4343	18794	5683	11665	11662	5413	9362	5876	11471	9330	15512	2251	1248	18059	2693	14108	1251	2908	9423
10887	14911	10689	8839	7722	14763	4948	17378	2831	17553	17943	9500	10734	19444	12654	8540	5825	18753	3339	3226	7032	7622	8796	19065	13128	1363	11049	4477	11703	8934	11799	12606	13376	9375	6049	5581	14799	10370	10653	18831	11474	16396	4722	16785	14271	7686	13880	9748	7762	9863	3586	3322	7150	20048	9952	1020	4485	14366	15615	7289	10869	4902	13041	1492	1862	14583	16703	14881	3953	10744	17097	11094	14823	11741	9179	6572	10784	14443	4607	7195	16706	1258	13088	11973	18947	12337	16842	9604	14946	13880	1092	4198	7347	324	4406	4570	6787	10585	5325	16655
3533	17947	2667	14958	13567	19404	3060	11201	4321	20148	4050	2301	3603	7765	14284	1682	13206	17621	13161	17239	15788	2289	14206	19536	16529	17303	11410	15031	10887	6621	745	15185	16517	5457	13687	16074	1460	8645	12405	1481	19498	12848	6783	5768	14353	3162	8259	3887	9096	5900	11775	10903	11193	703	5229	17516	5242	10210	17870	9854	14121	6686	547	17266	11809	10783	534	10820	9246	16134	9273	17144	15034	16121	9268	2153	3169	3195	4137	10103	14426	4312	9824	5646	8483	9026	2761	5983	19628	1332	19602	15839	7686	2558	17335	491	4726	19503	7176	11268
18359	6206	15621	16001	8760	17954	14723	2193	16695	6357	5997	10329	19586	14563	19520	6657	5283	19689	17302	13333	14079	2435	2181	8209	19784	3072	11963	12662	4738	4731	7730	18097	4544	7638	13615	8265	4072	16382	18934	732	14206	5252	11150	7150	11488	11467	12559	19193	18132	5537	15326	1591	5166	5445	10979	16780	2998	19353	18255	1802	13316	18041	9664	15909	6276	10652	5193	15069	11292	3775	5941	12377	3416	4031	919	10120	19084	13950	7572	10887	17800	16124	1983	15065	17313	19678	9820	19496	778	11923	17411	2661	15093	6452	10040	12612	14159	15032	4868	1118
4501	9950	11496	5244	13385	4003	871	2929	11385	910	18960	13326	3232	1415	14529	1657	6294	253	13779	7808	16590	1217	7916	1182	11274	14698	6072	15979	4585	11999	10841	15995	13205	9493	19356	4554	13315	10864	12936	11209	4592	17016	16593	12538	8247	3153	6033	4230	8421	3701	855	1341	1950	2045	1709	18539	17769	16224	12808	19932	3363	15271	6081	6565	12543	10921	18605	16637	15413	18192	5337	4589	15484	6496	8001	7368	3411	17749	1019	6810	16956	18777	13894	14766	14460	9183	7976	10169	3287	14173	5476	9038	19922	5877	8501	10878	16692	8386	11837	13749
8447	6297	10640	10634	16275	659	10781	18192	10631	15554	19085	14007	10031	12072	17840	3023	7114	11473	3608	8891	17811	8625	5175	18379	13306	11280	20055	4306	4875	5699	9652	18300	5000	14516	11725	18777	7928	6475	7067	17228	13432	19005	6089	19174	15764	18834	15719	15449	10911	4060	9257	17533	15379	2817	18082	16467	10343	9005	5112	6176	20010	16630	4755	15394	5177	3226	12718	19193	5620	6969	178	80	6403	17906	11696	5357	18031	20175	5356	3443	12252	187	8002	13436	10782	2874	8941	3938	1948	13756	13498	8577	5070	19769	3278	12955	10156	2216	19617	5829
10002	10616	882	12521	16624	2842	9496	6701	6616	2819	15766	12471	19991	12168	4048	2555	16624	2996	18625	9159	9159	616	8129	18455	4587	4048	12698	1320	9378	18938	19517	7728	19763	7245	18938	19842	15766	19644	15701	18799	12471	15246	17557	17244	1336	15795	8583	13563	1191	12565	16104	4891	5784	9377	3720	15701	10002	12648	11560	19195	15795	10616	17387	2809	17120	18107	6537	5847	8252	12921	10462	10578	2819	5204	5718	3687	19143	8792	18625	7407	17557	2961	882	17142	17293	9877	14360	16130	14072	10465	12471	19143	10442	18455	1336	18107	2961	10672	17709	15795
942	9877	2638	19644	19763	13862	4617	1336	882	4134	16964	3221	18107	4587	4891	4596	16289	1168	17843	16104	1444	15246	12648	6710	12840	18290	2961	6701	5784	1129	7245	11560	10856	6537	10672	3720	18455	18290	17293	15246	7728	19195	11011	4096	10578	12565	616	18981	6710	2819	15795	3064	4262	17390	5784	17269	17951	19763	1191	18981	12168	15491	15491	616	13563	13177	6701	17007	14226	18308	2819	2210	9377	2638	4587	17709	13892	19763	15108	4048	15766	1744	11137	19435	7245	13573	12648	15108	17077	8855	8855	15123	11350	1191	14360	12698	13818	11726	5785	17269
9255	2638	8855	5785	9377	12168	18544	2819	10465	9877	7250	14072	6701	18343	18460	18092	5718	3221	17142	5784	19195	6701	18544	15018	2809	3871	18343	3064	17293	3202	19378	19644	12078	18088	15022	10616	10488	15809	17280	15018	11901	13862	882	4323	17142	9756	11587	12648	17709	17077	13862	12921	13862	17387	1444	17390	17244	10389	11901	3871	13177	6710	11011	10002	10578	18938	12821	18997	15246	17269	16624	17390	11011	4700	4617	2210	17007	1168	5204	17293	12078	19763	19517	13563	4262	13177	1168	18455	18092	2961	19644	18308	17843	19991	17120	2819	12598	18625	2555	4096
10856	18092	2961	17007	16289	7870	7340	15108	17142	8129	15026	19842	10442	6057	17077	9255	4741	14360	13177	5205	19842	4741	3064	13573	11265	7529	4323	5205	10298	13892	9877	16104	4662	5784	10002	12471	3720	16289	12471	8792	4262	4134	19700	882	10672	17293	5718	8583	18107	4323	15123	6057	18625	3221	18455	15491	2842	10488	11137	10672	13892	7407	19378	12471	13818	9255	18308	975	16624	3064	9496	2809	17142	4323	4596	6537	942	2842	16986	17244	18069	12648	10389	18107	15123	8100	18938	3064	4596	18544	10002	4323	15773	8706	5847	18343	18938	13818	11728	8252
15491	16986	13818	2555	9877	4662	11137	17709	3871	7529	7529	5784	17142	12471	17387	10856	19195	882	10488	7728	2842	9377	12821	17280	1444	18997	3871	12565	8583	17390	18981	4225	18460	19644	12840	11350	17244	5205	9877	4700	2809	8252	14226	11726	5204	18544	9378	882	975	16624	19517	15108	7245	10465	10465	7072	17120	10898	19763	15731	12565	15766	5718	15731	10298	10442	1129	7529	16104	11726	7529	16964	19763	11350	10578	11726	17142	12821	15491	5204	4323	5486	17709	8100	10616	10616	17709	2961	2819	975	17387	10002	13818	17280	18308	17120	4134	9255	2819	7250
11350	15491	13573	4323	10465	17390	19780	13573	9378	13892	17709	4048	14226	19842	10898	4587	17843	18455	12648	10389	3074	12078	14072	1680	17557	10898	4662	11011	5477	15731	13177	8855	5718	4323	18343	11587	17843	14226	19644	12521	9159	10442	9496	5205	18460	10298	19780	5847	16964	12840	9877	19195	4225	3340	1744	10898	1744	15491	19644	3340	1168	4596	11265	18290	19842	8252	19644	19143	6616	8129	19842	10080	975	1444	19195	13818	11560	12078	1744	15809	12821	10488	4225	18088	2618	3720	16986	17142	4225	616	15731	18290	18308	15018	8252	7072	11011	5477	1926	14072
9756	18997	18544	1680	8252	17280	19195	17244	10488	17951	1926	4587	9877	16624	12921	15773	8706	15018	19435	10080	7072	17244	10389	14072	18997	1168	14072	10080	10616	11901	4596	16289	19195	4225	616	4048	13892	2996	7407	10298	4891	15731	2809	15809	6616	19517	4134	12821	16289	4596	5784	7340	13092	4700	19700	11350	7340	19435	17120	15018	4323	15809	14072	5718	15731	14360	4262	18455	12698	4891	5847	10616	3064	18544	15123	8706	18308	10488	16964	10578	17280	19700	15026	8583	15731	17557	2961	3221	17387	4662	18799	5784	5785	7870	11726	8792	12921	4700	7728	16130
13573	4741	3064	15108	16964	4891	5486	4323	616	17888	9255	9377	1191	1168	11901	5784	3720	14226	17387	11011	2961	13573	18290	15123	2618	15795	1744	4134	18308	13177	11728	17843	9377	12840	15123	2819	11137	7340	11728	5477	13573	10389	3202	4225	15246	6646	6646	4596	8706	19195	11137	13892	12598	10672	19195	17557	10465	17142	5477	942	15246	13092	16289	19842	8855	15108	15773	7250	9877	16964	13862	1336	13092	15018	2555	5204	7728	15246	7728	1731	7340	2842	19644	15026	15784	2555	6537	9377	16289	11350	13892	8129	17293	10616	15491	1191	15795	4891	4323	942
10298	10578	19378	10389	2210	18088	13862	9496	5204	14360	15108	10080	5204	2809	9877	13818	14360	11587	10465	15018	18997	18625	10462	7340	12921	15491	15784	18799	16104	12698	10672	1680	18544	14072	15701	10578	8855	12821	18107	15491	8792	15123	11901	10578	8583	4225	5477	17557	17077	19378	2819	10856	6057	19842	15018	3064	15022	10002	4225	17888	10856	5204	10616	15246	18799	8129	11011	3202	15701	18455	19195	17709	13862	12078	3074	16624	9877	15491	11587	11137	18544	9377	3202	12078	11901	7407	10672	2809	1926	16624	6710	9255	11901	10856	6710	13818	13563	18092	11726	1731
15018	1191	17557	4891	18069	1444	17142	19842	19435	17244	182	17007	17387	10616	12648	7245	7340	4741	15026	3340	3202	8855	12698	17007	1191	11521	5784	10488	6537	5205	9378	15784	2618	16104	11728	17007	16130	8792	18981	19763	3720	2842	17709	182	17293	10002	18544	8855	12565	882	7245	10488	17888	15701	18997	3074	15773	5477	12840	6701	3074	17244	7407	5486	4741	15123	882	8100	15766	17120	4596	18460	9255	18799	18455	15018	10578	3340	11137	18455	2842	1680	15246	10002	19517	12821	2210	9496	5847	18455	5486	15766	19378	7529	7407	10442	19780	8855	3064	16289
13563	15026	12840	18290	10002	1744	12565	19644	14360	18938	19517	15022	17951	7407	1191	6710	7407	18460	12471	13862	9377	15018	4596	4700	1744	11728	10488	8100	6616	17888	5205	7340	6701	17280	1129	1129	11726	13862	4134	11137	4096	12821	182	10856	9756	14360	5204	9877	19435	1680	7529	8100	12821	7529	4662	18799	7245	3202	10462	18290	10298	7529	8129	19780	19378	5205	1680	12598	1191	15026	18290	4134	11560	18290	1168	7870	4662	19991	9378	10389	15773	10442	2210	7870	19195	6537	11350	18544	19143	6710	6537	7245	17007	15731	19644	12521	1320	17387	18092	4596
8129	1744	10616	4617	17709	18069	4596	3221	1320	5486	11350	6057	5477	13892	15108	8100	4662	8100	882	18938	3221	13892	5785	18460	4700	18799	2618	14360	19700	15795	11560	17077	2809	10442	17077	19435	2809	15784	7072	13818	5486	5784	4700	19644	15795	942	4323	17007	7870	6616	11728	11521	882	8583	18107	12168	17390	1926	10672	13092	11350	1168	14226	18544	19517	9159	4891	15491	7072	6710	12471	15731	11726	975	19991	8792	18343	13563	15026	15246	12471	17951	18799	17244	4587	18544	10856	18997	19763	3687	2618	942	10616	16964	4587	16986	975	2842	12648	6646
1444	13092	11521	942	7529	8129	17244	6646	4587	12840	4617	10389	16964	10856	13862	11728	11137	8792	1320	14072	2996	7245	15123	15246	7870	10856	12168	8129	19378	4225	7340	18455	7072	17843	18460	15246	8129	2842	13892	2809	7250	6710	6616	19435	19780	16289	17709	12521	1320	12598	15809	12471	4700	14360	2638	10578	5785	13177	18069	10856	11521	4134	17888	9378	17557	11011	5785	17293	6701	13573	18938	13892	14360	8706	1191	12168	6057	15701	13862	182	5718	17293	14360	17951	6616	18799	4096	8100	15701	17387	13818	2996	12921	5785	17557	7870	616	15108	5784	15026
6537	9496	1444	17077	1744	15795	4323	8855	19517	17077	17387	5477	19763	17142	3687	3202	18997	3720	19700	15766	16130	12471	8855	7245	16986	18938	15026	17007	5785	15809	15123	11265	13892	12471	13573	5486	18997	18799	17709	17387	16104	10488	18981	13573	15701	13563	3720	10898	5784	7728	19143	15701	9377	10488	12648	4262	14226	8792	14072	13892	17142	18069	1680	3202	1191	10856	19700	16130	7870	4617	6710	10002	10465	11728	12471	5486	18290	16130	19143	12565	7407	17120	19435	2618	14226	1129	2618	4262	5718	3340	5784	16104	15766	15795	13177	2809	4741	15809	3871	15701
15701	4048	8706	19435	7870	7250	15766	17888	8252	15766	5486	6710	15018	13573	2842	17387	16104	15491	3687	4700	15026	17280	11560	3687	4048	9756	1731	12698	6710	6537	12168	8792	3074	17951	4700	1731	17120	4134	19378	19517	19378	18460	9378	12168	10389	16624	15026	1680	7407	2618	10002	18455	10442	4617	2961	8583	10462	18997	18290	1336	18308	5785	16130	1731	3202	11265	3074	5486	12921	4096	1129	6537	11901	3871	15784	10898	8100	1926	8583	4617	2618	10002	11521	4096	11587	11728	5205	4096	882	18460	2819	7728	18069	1680	9756	15018	13862	12840	8252	11011
18088	7728	11726	6057	5784	5486	3687	13092	12840	13818	18290	12698	1444	15784	3871	19435	18069	5477	8129	19991	2210	4891	3221	19435	8706	6710	182	19842	8706	2996	11587	4096	19644	13177	19517	18069	7529	11728	1129	10856	4225	16986	4096	5486	9378	17390	11726	12921	5205	6057	8706	4225	19517	11901	17269	4587	8706	11521	16130	19517	10616	13862	7529	9377	1926	18088	9378	18981	17007	10672	13092	15018	15246	13573	1444	17142	1731	15022	17077	9877	2961	18625	4662	9756	15809	15123	18799	2618	10898	12698	19517	12565	16104	6701	8706	12078	11560	3340	11560	8129
9496	10002	13092	7870	6616	15123	13573	12648	942	7245	5785	12821	6646	17387	16104	12840	1731	11560	2638	9496	6537	19517	7250	5486	7245	8252	15018	2555	18107	2809	17142	15809	616	9377	7870	19763	15784	882	13573	19435	18938	17390	17390	19517	18625	11901	2842	11560	16104	14360	15701	12168	7870	4225	2555	14226	1444	19991	17244	6646	4891	10672	17951	1926	4262	1320	19435	1680	3687	15108	19780	12821	15766	5477	18799	4891	5718	5718	6701	18938	17120	5718	1731	12521	8100	9378	12840	5718	10616	10856	942	12840	8583	13177	13862	1744	5477	17557	17557	17888
12168	12598	7340	1926	9159	4323	2996	11011	10002	5718	9756	8129	17843	6537	17951	15022	5785	3340	5486	10672	4096	10578	11901	11587	13177	3064	6537	6710	10578	17293	2809	9159	17709	10856	17007	9377	18092	7529	10465	1680	8252	12078	16289	16289	16964	2638	17387	1320	17120	1191	616	3687	4662	18069	4741	2618	19644	2555	12168	18343	942	18092	4700	17843	4662	1168	16104	19991	18290	2842	4323	14072	616	5784	4134	18343	11587	18343	17142	15018	18308	2555	16104	12565	1336	12921	11726	18107	11726	5718	4134	2555	7245	15022	1444	2842	10462	5718	882	18799
12821	8100	3687	18455	19644	11350	16964	3720	9255	18069	2819	1926	19435	3064	10616	14226	2819	16624	12921	17077	15809	19700	13862	19195	10898	18308	2809	2842	882	19763	12821	5718	7529	12921	6616	17843	2996	8129	15784	16130	1926	4096	3871	1680	11521	5204	17951	2819	3202	2996	12698	6616	15018	17709	4617	18088	16130	9496	18308	18460	11901	11350	11901	5205	10465	18460	17244	18069	4662	1129	4700	3687	13573	18938	13177	19700	15809	12598	4700	6537	17007	3720	17142	12840	17280	4596	10298	8706	182	17293	19378	10080	2996	4225	10578	1444	7245	182	11011	3202
19435	15766	17244	10465	17077	11726	17007	5847	5486	10488	6537	4891	5486	15731	12598	7250	3074	10578	4741	13177	882	16104	10442	15731	19378	11011	9378	17390	5205	16624	13092	11901	9378	2819	15026	2842	2210	3687	16104	9255	12821	2961	3340	14072	975	15026	7340	2638	4741	18460	10488	3871	18455	6537	10080	15108	18107	10616	15701	2842	7407	2555	3340	6701	9159	17142	975	182	11521	18107	18107	8129	18460	4587	5477	13573	9496	6710	5718	19517	16289	15784	3720	10389	18799	18343	3340	9255	8129	11587	18997	1191	8855	18625	16130	10488	18343	15784	10616	9877
19763	17244	12598	2618	13092	16130	15784	15795	5847	2996	17077	17557	13092	8792	8583	8583	17007	12598	6057	4617	10389	12565	17557	10672	9159	882	15123	4323	5486	18455	18308	3202	3720	18625	18799	18544	19700	17007	10002	5784	4323	15018	19143	7250	18981	19378	17557	11350	12521	11728	4323	10298	18088	11350	8583	1320	19700	11901	1168	9377	10002	18455	10856	18308	11265	5477	18069	6537	11560	4048	975	8100	16624	12698	9378	17390	9756	17390	1680	17142	15809	17557	4891	11521	18107	10672	15026	11350	6646	15731	1320	19780	7728	3340	15123	12565	12078	17709	14072	12698
12598	182	10298	15795	12565	10462	12821	12821	19780	975	17843	19435	17293	9377	10488	19780	4617	18069	18460	3074	8583	1336	15766	19991	17280	5718	12565	14226	4617	1191	18107	13177	13573	8583	6701	15018	13092	12521	7728	2996	12921	3074	11728	18544	8252	2555	18460	15123	9877	18938	19763	17387	5205	17269	2996	6057	16289	1320	10616	10389	17269	17269	12698	12598	15491	11728	1744	8792	11011	5718	18460	7245	4323	3221	16986	4323	11137	19378	4891	18343	18455	11350	5205	15795	3340	3202	19143	16624	15784	7529	9496	15773	14072	8583	15784	11011	9756	7870	18997	15809
18069	11265	1129	4262	18997	2996	13177	17387	12565	9378	13818	17390	882	1731	2961	10465	11726	2961	4596	3687	18938	942	1731	7728	6701	10002	12078	7407	12648	10465	15018	8100	17293	10616	8100	7250	3871	17390	5718	5847	5784	2638	13177	17142	3064	10578	14226	5785	19644	17709	3871	10578	18343	10002	13092	15018	11011	5785	18107	10080	12840	7245	16986	3687	16130	8855	18107	1320	9255	18799	882	12168	4741	18625	3720	882	7245	15795	16104	16104	5785	8792	10465	10488	19700	4262	19842	5785	10488	11728	182	18069	19435	16104	10465	17280	15809	13892	17142	1680
12698	15701	3221	3064	9378	3202	15809	15809	12598	1731	3340	15795	12921	19195	17390	19644	11728	5718	15795	4134	13573	5718	12168	7072	18981	17709	1320	2996	15491	9496	10298	17390	18625	7870	6646	9756	9159	6537	10616	9378	17244	2555	8252	13092	17280	12840	4262	3687	11726	5205	18625	14072	15246	18799	1680	2555	10856	12821	11587	18088	7072	10898	18107	7245	2842	2842	18544	10616	15491	9756	2638	4741	1444	17557	18308	18544	3871	3871	17244	8583	8792	1320	4134	15022	10672	8252	10578	10389	6616	12821	11901	11587	975	2961	1129	9877	5204	4262	10389	11265
11726	11728	4617	12168	15701	13573	16986	2996	9159	12521	13573	10488	8792	4700	15491	17269	4048	11521	11521	11726	2555	19195	16964	11726	2210	6057	6701	2210	3871	1444	16104	8129	12840	10465	16104	15809	7870	17888	14072	17142	10442	6646	4617	3202	19143	4596	7728	9255	2842	16964	7407	6701	12921	5847	17888	1731	1731	3340	18799	1191	14072	19780	18088	15491	17387	6057	11350	9877	19780	11265	15491	17888	2961	16964	9159	19195	5486	7072	7250	10898	6616	13177	14072	19763	2638	15766	19435	18625	15026	19644	1191	182	14226	15108	3720	3720	19991	8129	2210	5847
5205	1680	17269	19195	15123	19780	12840	5486	19842	15246	15022	17269	16624	13818	10080	15784	4587	11901	13818	2961	17244	14072	1444	7529	1926	11265	11726	13818	18460	10462	1320	15108	8792	1444	10080	3202	18088	182	18343	15773	19143	616	7407	18799	18088	11560	10898	10389	2996	9377	882	5205	3074	14072	8100	4096	4700	16104	4323	1320	19700	3221	13862	8855	10898	10465	5205	15773	13573	2809	12565	18092	6710	2555	11587	10616	4225	4048	17390	1680	4741	12698	5847	4262	7407	4225	13177	13818	18088	14072	10898	8855	5204	13573	4891	1926	10465	1129	2618	18308
14360	18799	11901	616	18343	882	19378	18997	14072	12921	9378	16624	4048	19763	7728	14360	4596	3064	4587	8706	17280	1926	10578	16104	5204	17142	8583	17888	3720	11265	182	4048	15731	12648	3340	10389	975	15731	15795	13092	15701	3221	975	12078	7245	4096	6537	10672	1168	17293	2210	15809	17142	882	11350	3202	12168	19517	5204	18455	8706	17951	18069	16104	10616	19763	18625	18938	11137	19991	15784	12521	15773	2210	12565	2819	7870	16624	18308	17843	1336	18092	16964	4225	17390	17888	15795	5486	4134	12565	7250	18981	17709	1320	10616	19143	6616	19700	16964	19644
12840	15022	10672	11587	942	8252	4700	6057	16964	19195	10465	17244	8583	14360	6646	4891	5204	10898	18981	942	10442	9255	1129	12168	18308	13892	12521	10465	7340	7529	12840	4262	11521	3064	2638	19991	6710	1320	5205	11726	15123	2618	12565	15491	3221	12821	19378	7870	8583	11265	9378	18544	18107	9159	14360	15026	18799	4662	16289	4262	10578	3687	7245	17390	942	18997	2819	11728	17387	9496	18069	15784	18625	1336	5784	15026	8855	18107	16130	975	12521	1926	11265	14360	5784	19195	15809	19143	8855	11521	5204	1168	19842	4891	11901	6057	7870	4741	10002	12648
13862	5718	10898	15491	4741	10298	12921	4700	6710	10672	10298	15018	8855	18069	15731	12565	182	11265	15809	9255	10080	6616	16289	1336	15026	5477	10578	10442	12521	4662	18997	19517	19700	4700	13563	16624	4741	18088	18069	9756	1744	6537	15773	2638	16289	7407	15809	2996	10442	9255	18544	9496	13563	5718	19780	12521	6646	8100	14360	17557	5847	13563	15246	18997	12521	11587	2210	1168	3202	4587	18092	2961	3871	4225	13563	11728	1444	17557	14360	2618	10442	10898	18460	15809	10488	11901	19195	1320	2996	10898	6616	3687	4134	17244	17390	11137	7529	5785	18088	18069
4587	5847	8129	4134	4134	2618	14072	10462	18981	8100	15491	7407	7407	18799	13177	7529	2555	7340	16986	19644	18069	4596	4587	16986	6646	9255	12471	17077	5718	15773	6701	7529	1336	15491	6710	12840	10898	3202	7870	11011	1168	1320	18290	12598	19378	8706	14072	4048	4700	19644	975	9877	15123	5205	15108	15795	15784	2819	12648	16130	15108	1926	2819	3720	6646	2819	17269	16624	7245	5204	16289	4048	17709	18308	18290	2996	5847	15123	10856	14072	13177	7529	2618	19700	5477	16130	18343	11137	11521	19195	17951	15022	15108	15773	9159	16104	7728	4587	1320	6616
18799	6646	17843	9377	4262	9377	6701	19435	16130	3064	19842	16986	10298	13177	15022	10898	6701	19378	16624	12840	5204	7072	12078	16964	9255	4891	10465	11728	12565	12565	3687	6701	11560	2210	12698	4662	3340	1336	12840	18088	1336	4225	16104	7870	19842	7340	17888	3871	17843	15773	1680	5785	2555	17280	18290	2210	17557	4741	12471	15809	7340	9877	5847	17387	10080	2809	5477	15026	8855	17280	15773	8792	1926	18107	17280	10462	3720	3720	17843	18107	10002	11901	1680	15784	6646	11587	4596	8792	942	19700	4587	10488	18625	4741	1168	1336	3687	18997	13818	19780
10488	5204	12921	18799	7072	17709	13818	19143	5477	19378	15795	5205	7072	17557	15123	1336	18107	13892	2618	3202	12698	7870	8100	13177	5486	8129	18455	11560	17007	4596	1731	4741	7870	7529	3064	10672	17557	8855	11587	6646	5205	15766	3064	15246	11011	6057	11521	6710	7728	12921	10389	18460	15701	18107	19991	882	17142	5847	15123	2809	17280	18290	12565	15026	17244	4741	18290	3074	15022	182	19700	16289	17077	15108	8792	2618	4741	19435	13573	18460	15026	4048	10298	10578	10080	19378	17387	2842	10578	18290	16289	13177	15701	1744	10002	10578	1168	16624	6646	7245
