6159	2479	14448	4794	10825	133	9265	20169	6857	5146	4943	5360	9930	1423	3561	8228	1805	8174	53	16668	278	782	5712	16931	9970	11261	9205	8687	17413	2449	1919	570	14405	5794	3256	15027	19406	7036	2716	16793	10214	17987	4258	19460	2510	3259	17667	8306	19826	14602	2292	13549	9945	20145	6070	1791	12765	3245	11409	7036	6178	14923	20201	14275	7092	3658	213	3807	9650	10136	2071	2981	10659	13878	17708	18697	13439	5403	16650	14851	13707	15894	18566	14759	4090	18253	2732	19020	4553	17027	8024	13233	11354	4895	18471	2476	12676	5980	3823	1176
14200	16438	9165	2449	16897	13257	3598	5036	3858	10530	15157	2513	3596	5156	19406	10644	3658	13208	18048	10419	14437	7126	2219	520	18253	12678	10624	13686	4105	16743	11510	520	18055	17708	10041	14453	18912	5780	9225	8013	8949	804	11271	17278	19605	3446	1222	3810	13048	8133	8640	14144	19824	7785	15801	19546	10620	19849	17539	13577	14576	8735	4978	16200	8743	5036	3592	3056	17471	15681	8728	4409	3383	949	1611	6409	16430	2942	5007	9265	4624	5221	10455	17725	7804	7291	11848	4071	8524	4372	2869	10988	17582	9980	15708	9891	7008	17292	8933	4553
5377	3266	10267	5747	17036	10375	16743	5362	14314	15723	6509	14836	3840	6779	1985	2511	17916	4995	11523	13827	6724	2373	11719	8139	4409	10364	11803	15130	17837	16319	15256	15970	9094	14437	5366	11056	14657	17837	12635	17837	9553	3102	10894	3861	14990	7435	9563	551	18489	1889	4943	18648	516	10102	16430	18797	4826	17200	18788	11886	18965	10935	15883	9165	5321	18697	4429	19027	7252	15325	5435	2188	9094	9004	14806	8664	15012	12949	14436	772	9332	11869	16430	6926	11534	14990	6675	19672	8245	5318	846	11384	949	17200	15934	764	8728	13830	5801	13133
10216	3360	6159	6001	17797	2557	275	1133	6886	10178	4451	10571	11738	20036	1604	3301	12348	12385	16918	1176	3056	1174	18596	7132	2188	12179	13318	2037	10213	2849	18655	11658	10261	7001	12714	278	1674	12282	3246	18762	6634	5221	16935	5832	9029	16876	15172	4494	7591	5631	14446	15894	10021	4917	13612	13934	16180	17967	9787	3896	6503	18055	7591	10220	19727	13451	13499	7812	17331	11946	15466	2560	1699	18555	5407	1774	16304	16511	18140	593	18410	2288	8867	8757	5029	10593	4145	6492	2606	13954	5861	12307	8972	8978	14851	18788	19096	16076	1047	18252
4976	17200	11855	7684	1580	7047	479	3016	9170	14806	8238	568	9668	16141	2030	8306	3884	18906	11271	7683	7011	13830	97	13130	10776	1551	13921	6066	11593	16511	15681	6503	12553	278	220	9237	13451	3282	5866	17987	3408	14854	15458	2380	13363	2303	7461	9356	1634	17515	19382	1594	3987	17834	2460	14595	6026	17899	19036	5801	9265	11746	4308	8829	15924	7996	11864	15300	3795	13875	14207	9983	17967	7291	9311	3037	2557	6059	2303	17908	7640	14113	11066	11864	14042	11330	10894	15042	17699	824	5198	8413	19235	13932	20030	7889	10542	13338	18089	4308
6066	9162	3438	13754	8933	9799	3514	11134	936	10973	15470	665	17773	14472	18554	14472	11169	9798	11169	15624	11886	6813	7435	1464	17799	2581	9540	4164	11947	1172	551	5281	2019	12284	12794	14361	2968	15972	3356	8960	6051	8029	780	12948	2074	15343	5113	15267	5221	13859	9983	8139	8176	12376	3037	13612	1112	5883	3585	14924	4416	19089	4506	8817	18598	13292	14683	7153	10988	2801	15086	9490	13919	19242	2019	12987	1326	8873	434	8334	19960	7785	3583	16921	2995	18655	6888	6170	20201	5861	8972	11027	12294	15867	12200	13859	4560	14602	19661	12714
15086	4563	18843	6634	19269	12348	6193	10974	7306	16468	3406	11080	7847	8376	13549	20012	10214	15877	3725	6177	16319	5377	16438	17908	18150	2463	2444	17331	4985	11261	5471	2303	11752	5925	18055	4807	13878	16482	14403	6069	11271	4481	14835	16831	18546	12771	720	17471	12208	19416	7714	14931	4577	11847	9650	11868	18253	3923	10571	7714	272	402	9794	2201	2716	4346	10650	3858	6001	12040	18598	5965	12709	5631	14190	10261	14860	5106	17337	17413	17200	3655	5435	11099	19056	12731	15345	16009	13075	14222	19077	1068	14147	5631	6002	3259	13415	2716	10393	7471
6268	14851	12771	12770	3925	2201	9741	15180	9668	13842	17842	8163	11838	19390	5556	12564	7933	14472	3246	18546	9891	1047	16334	16214	9165	8083	17090	8333	16064	12046	13086	3550	15533	14660	16000	2471	1855	90	17765	12040	7331	10211	18598	19379	5362	5226	18083	2170	16222	13676	16928	9323	2113	5502	8582	6754	16632	105	4563	15827	1175	18240	6043	7208	3083	2204	7009	2511	9332	7785	18621	12820	18847	17337	1741	11534	8867	10095	7271	1172	19406	19409	115	6259	1174	10571	11803	2373	6167	2277	17582	6010	2359	8996	8622	6798	7112	7001	4346	15294
7051	3383	1483	19587	9563	3457	9781	14042	18906	133	16161	278	7579	14602	16227	14924	14361	8684	3520	3102	20112	18648	14576	15267	292	7306	1175	17602	13183	10492	14113	12334	8518	2065	8595	13493	11719	1335	2971	2022	15883	6886	5992	12322	8684	8576	10404	13415	5360	5258	16434	14106	10955	12614	2503	9977	2942	12075	1594	18269	12348	1024	16926	2135	6926	833	20004	10973	12437	1133	9311	5002	15587	15341	19849	6610	2277	11056	1174	11855	4663	18056	12284	14947	12541	10974	9773	11742	19355	19824	6675	18436	7502	1569	19776	20163	8634	18688	2775	12675
10135	839	10499	18027	5994	9370	16233	5904	14696	16543	389	15888	2560	19183	6434	6619	8888	3795	17857	19831	10476	13618	14446	570	6368	13246	14836	3923	16678	11420	503	5576	11146	14962	9647	3476	593	7695	16179	27	7279	17090	15095	18380	12820	11683	15044	18053	15222	8412	115	4481	15464	5504	17027	18663	19052	8670	3119	13031	16141	3698	16606	16370	15170	1519	14842	19672	6761	12284	8498	12293	1038	2560	562	12506	12406	3613	3479	10620	18279	9546	12676	10393	3550	12614	18099	16076	12973	13637	16353	13014	3394	11998	14759	4512	46	5807	19077	2889
1078	10530	13372	18694	17090	1461	542	20012	11470	12042	6633	1602	7208	6493	14385	9528	5144	3371	516	1871	15044	18895	9347	13549	14190	2471	19824	17826	5332	8873	13091	15294	2469	10083	18264	16650	10106	15747	8568	11096	18169	18788	8723	6717	8595	7578	6726	5904	6679	19328	14575	8054	14385	13318	12856	17985	8235	11966	3488	18145	936	479	10973	5010	8037	2743	15801	5282	14254	2471	627	10056	479	17657	16423	8013	4043	6761	15801	5113	8487	9263	6255	13083	5218	852	18279	14409	17799	1943	4525	15877	13665	9930	14409	19940	18704	12073	11612	2344
12228	1426	9104	17444	11146	3780	15970	15747	17574	9053	12539	19406	7105	3514	14270	542	12093	14843	8118	11253	17540	18436	3016	18941	9370	16076	8455	10135	7306	12675	13257	18048	7823	11307	6159	568	5565	853	2307	5377	7112	13549	665	8595	10492	2944	12856	5649	4740	14570	10055	17967	1551	15183	5014	13158	13497	15861	6174	16863	1038	11056	13707	13031	14660	5318	18927	16811	7825	9187	17892	19960	1602	5241	2503	9347	18621	18939	17807	8498	15012	18137	17617	17874	2359	2639	18554	6679	4995	5925	12920	9332	15024	9983	11738	7688	14093	7153	18655	3999
4743	17816	20079	12804	14925	16383	14823	18325	6105	18542	16231	7368	1733	13008	16206	6081	11763	18569	20131	12991	1246	13281	20095	8511	9904	5529	7124	9782	15227	14150	19785	8355	6992	6908	469	19749	4568	7586	9664	8919	8970	6827	6595	12468	8959	3203	1044	19312	17336	1888	7820	13928	2586	11417	8438	15245	15269	4585	13547	13596	1327	1896	2470	8575	285	1121	8085	10430	13472	18383	9802	1888	11320	1258	4492	5521	17642	9831	9088	11900	7897	9418	5858	17742	12850	18701	10543	16191	11870	1126	8785	14665	11745	17906	17816	13101	5158	13171	4660	10740
11781	5688	13750	1206	9463	7124	409	17996	6659	9645	19022	15839	16018	11300	244	11410	11711	1161	10189	10632	14959	16938	12320	7608	14959	19706	19939	4259	3638	12735	18334	4713	16077	5610	6137	12721	13435	6836	12792	16667	19862	12001	18685	19211	20105	16843	20170	17253	1460	17651	7713	11085	250	15724	7675	4208	5719	4492	19239	12680	8699	10277	10049	16508	1023	3357	1087	3485	3926	17970	18871	9569	2864	9538	262	3667	9040	5790	16290	12910	7217	7948	11308	937	14917	2954	6258	321	14269	4871	16091	49	18680	15066	16651	14156	19539	18744	15710	15434
17656	9583	11635	10967	2874	6944	19814	19877	12227	17384	13521	6201	19855	15822	1387	6490	12265	4423	16457	10938	1725	11603	8881	18134	5389	5776	15442	6622	16682	10738	17114	4634	11228	15410	13155	7891	18329	7957	11754	5989	18675	17189	14181	358	5025	11800	44	12024	7505	17064	2321	7121	6684	14628	14625	8697	12721	2038	8907	7622	18189	4421	13088	448	6695	1480	8808	9434	14418	7747	1660	16817	20054	16248	14622	2225	13324	8205	3089	2121	14343	8661	6081	10000	10558	2531	1356	10887	7873	5039	19957	6157	18765	16917	378	20089	19109	13032	2213	13933
17686	12181	9856	14903	6855	653	14345	14280	490	1918	17821	11280	11806	1042	4166	11342	4399	15000	2392	433	12062	7309	5307	14451	603	7555	13066	10384	3483	14614	574	8264	7454	16048	15384	774	7517	12663	5349	13805	14847	11533	8208	15991	10451	2291	7396	5483	10764	15512	11644	15041	8449	14817	11028	4063	613	9209	690	18379	18158	2042	202	20102	18707	4827	14885	8698	5580	14635	18025	19451	11483	13846	9623	8896	13558	7962	9941	2845	18549	19596	18280	6672	1704	17162	10457	3351	9892	8161	7196	16914	7006	10070	15749	16407	16049	14363	6374	10035
7642	12853	4819	9328	18013	529	8251	6278	1350	4961	5555	14532	15513	7747	9681	15285	19342	11662	16245	17654	9328	14816	2027	6936	10730	16499	3373	11058	18836	9919	10947	1643	10929	1892	11688	16099	11138	11530	8209	10615	15119	15811	7237	4729	3294	14430	18777	20149	16890	8010	8680	19281	1907	5270	15661	12833	10999	15021	14182	6833	18199	17169	838	6024	12363	18286	7184	6392	14912	1510	1436	8000	13106	13605	16669	5394	19414	11830	10929	18437	9874	4655	16460	3191	6810	1974	6047	4771	16983	17649	19554	5483	18908	6597	15153	7035	14682	19265	9766	3623
15711	12167	19471	15876	1840	16896	14456	1728	12091	16391	9276	9582	9848	16085	14795	13880	1469	3425	11948	11684	7450	14799	15273	1005	12574	10897	4746	16026	18064	13068	12646	1116	2223	15363	2129	5431	12187	18368	14143	9974	704	17769	14427	19905	15780	26	17587	3648	11000	2630	8051	1910	11694	3287	7720	17653	16260	8823	10243	10954	7066	8077	6188	15171	5599	2254	443	8770	17494	15331	10539	19454	5483	18520	13524	13275	177	14770	4629	19813	9369	761	1656	5124	13511	14500	4313	16201	9522	19595	1428	1886	7833	4633	4224	17319	7237	750	13533	113
10971	14027	8604	16360	17915	18162	14985	8425	5086	13448	13805	4697	17662	2150	16218	4111	4365	7539	12421	19734	1903	5654	7637	9204	13953	4391	7014	9052	10509	2599	7838	14316	9932	13675	1541	17126	2472	1988	1794	10565	17531	3639	19004	1918	10026	10588	8934	2478	8226	13211	17251	15521	18261	12204	12807	9278	11536	14249	17065	9139	9943	7480	13055	17290	19279	15717	2034	10037	6034	9708	2439	19810	11431	8660	16963	14875	16981	6861	18318	12952	13276	16552	8878	5217	19030	14501	5528	10636	16469	6751	19514	18242	19676	13441	12708	20018	5461	11536	8372	9484
7483	6719	11404	18241	2993	5025	12079	2644	7493	0	9857	19487	13903	4480	10179	16345	19636	3813	13634	5902	1990	10253	14424	16425	2164	20208	18283	16527	4067	6732	13161	15870	4627	677	10432	2056	18237	19675	13553	9502	3558	17572	6221	7982	15891	3182	11155	14603	5286	1969	10013	347	8545	3935	18535	11180	1316	12174	1924	8707	16321	6810	12283	8073	2710	14479	4737	222	13022	16136	5268	10338	5610	6456	8914	717	14221	8919	8073	9699	6702	17964	843	10976	19350	151	3006	11010	6064	10187	7406	14827	9941	18096	10035	6149	11538	17735	797	19306
8246	16397	9039	935	4290	14483	6941	8438	11279	4230	4844	19126	17906	13769	6740	12946	12781	9569	19122	19255	6363	19373	16063	9214	659	1256	17516	6618	5773	1368	683	15882	5949	4622	16229	19862	10221	2436	15629	6338	12325	3640	15168	13213	11130	5415	1211	12076	11922	13978	2882	16335	17747	3370	9147	16428	9412	11157	9125	342	3108	9814	10324	13138	4725	6380	13927	2546	6983	10757	18720	17376	9411	16393	11319	3365	5414	13247	5512	13254	6644	17563	13125	15266	16564	9896	17295	7571	10011	17158	1217	16148	2729	10716	18753	15564	15426	12164	14979	5723
1900	7535	15436	11877	4171	8730	124	14082	2124	3767	11700	17201	5298	250	13923	3529	11332	11688	2571	18624	17776	13138	17040	15900	19161	17476	10072	14834	13341	1652	1907	9172	6755	8153	14364	15551	11557	6415	10870	9989	12924	6250	13068	17223	18188	1591	2026	13539	6127	19995	6394	16219	6478	13543	1684	19945	11090	6348	659	8142	3362	175	13947	18773	14185	16013	11860	7447	12603	18211	12025	14168	9530	11603	12935	8288	18472	1913	18904	12489	7179	10044	8902	9598	10882	14637	14764	18297	7574	17180	16125	18871	1564	5719	3153	2215	5975	2642	678	11417
16256	1241	14626	7877	2650	10203	7745	7918	10463	2547	5227	7743	13109	19743	3901	3042	19850	3448	15642	6392	10494	17434	13518	16752	2430	17640	773	3962	7100	15508	18796	11398	7902	11031	19427	16407	16342	16715	9271	236	4040	4690	18199	13102	11495	17174	8765	3332	14401	5717	19917	6258	6166	11150	13256	5492	758	2465	18014	10916	14890	16048	18562	1250	11769	20056	10457	4742	751	3001	14128	9653	18409	4075	2611	11810	14032	1703	11820	1862	5655	19192	3506	14631	730	327	16344	3918	15854	6035	5459	19478	178	7845	18032	1406	7646	14764	137	745
15181	14993	16603	12172	4122	1039	1982	16224	1901	7897	19686	5021	15959	11956	2537	2306	3872	2610	1510	7297	3071	17038	16796	6613	12823	5277	8225	8059	16092	18484	14102	11179	7583	4313	1383	16699	3431	16255	15078	2782	10517	9850	6611	15507	12817	4623	18807	1403	2687	18484	14974	5240	5349	13315	6101	7031	35	16873	19306	16114	4920	11763	16447	16457	4201	529	12058	15756	4352	12823	623	13891	15175	1036	18661	7528	15983	13664	5811	14881	9310	10365	16862	1896	9109	6544	19567	4322	13771	4196	1678	11787	12967	6955	12405	11005	18730	2911	973	16597
19083	4334	17981	9005	11606	6541	10285	3314	684	11403	10890	8922	10532	10156	11410	2353	9914	8907	729	1880	10563	11158	18416	17744	3898	8234	13037	3215	326	1180	5086	14911	2059	13929	14622	12187	5079	6301	4065	931	17144	9433	2936	13268	11500	15201	221	18535	4836	3196	17420	3562	7099	3240	16805	11985	9387	3616	8694	19318	2641	19636	17550	968	1275	3261	18111	494	1847	19474	3634	4073	14424	19732	2590	20125	4619	14662	3084	11390	8998	1916	19765	19224	9151	13662	12791	9793	9921	6360	1384	4056	2709	18339	5953	14054	15633	13317	14785	19665
19822	19074	10323	10600	6935	15698	6117	13042	13418	2613	18842	3068	18840	18898	1710	2364	10356	12617	1072	6451	16106	15060	6592	17775	4718	9850	4397	3203	8000	14272	8761	13388	9498	19892	14585	8818	3964	13396	19301	14887	6809	4028	18893	10070	624	16952	17159	4350	15149	12827	17622	8747	16649	10591	11247	15488	10075	10432	8512	17308	19519	6671	13231	125	11787	1445	19937	19576	17086	13466	17199	20077	813	13339	5174	19412	14834	3714	7038	12297	9449	8736	10756	4442	13912	2807	16611	11346	170	3220	17345	10761	1359	609	2796	13001	18794	336	3705	1658
10414	17828	6925	6049	15728	16122	15590	3028	13187	19955	6124	16246	7284	17401	1849	3500	16584	2576	1857	16478	16666	10312	8299	18823	12167	8315	6351	69	17338	12581	1121	19454	14287	3519	12318	3071	2183	2094	3531	19130	18425	12421	19653	6484	883	8196	8350	19917	16776	10260	13309	2905	17561	16471	12043	17816	2446	11559	5369	19290	15242	17681	7723	18297	11365	3549	6300	6899	3723	2548	4751	15434	6103	19898	17380	10000	6235	5575	12760	19683	3694	1099	9796	1704	6212	16529	15198	13323	7762	18986	6723	18673	12	11586	18474	4763	7309	3006	134	7064
3472	12933	3304	3626	4198	7927	6659	5167	14101	9708	3967	12749	17253	12401	16016	12872	1364	13466	17753	11289	4953	19377	20005	132	14057	15573	18255	6473	6520	9401	5601	4143	15494	18820	19729	745	18971	16747	8761	19055	5694	6423	4193	19592	1386	12876	7150	13051	14787	1428	172	16012	311	3344	3524	5388	15862	2565	9444	17326	4692	14626	9704	8559	807	18174	3803	11045	10902	10490	16264	17798	594	14787	5518	7377	10804	13279	3289	11424	1081	10475	15436	19716	12084	1171	3247	19137	19802	4110	19969	14213	940	2253	3972	12767	12802	5327	1752	383
3041	5344	10606	361	11	2089	6928	5632	15356	7178	16386	7175	5364	8239	3335	2570	15926	16074	5223	14949	15349	11234	12053	11444	7260	2706	3207	10410	372	4942	4792	13494	11537	13132	16711	15852	14563	14532	14179	2768	4644	6007	16416	8028	8110	17895	2835	2086	4435	16871	439	19498	9554	20021	7466	7674	3717	16732	17176	16655	12055	1424	910	10223	9230	9861	4465	6352	11416	2540	6219	8747	1346	4539	8200	9238	6446	15379	4945	12695	6184	576	17472	14288	13903	6243	2495	10411	17420	14655	7936	5392	3564	426	17972	8069	15462	19748	13005	17383
6944	19925	14485	6533	15901	11145	639	13016	18569	13546	10779	1316	2808	13687	13398	18556	9222	4078	3824	770	18590	4649	15116	5686	19535	19534	9627	5888	14491	18886	3849	16914	13795	13236	9500	6270	13022	7236	19534	7667	343	2059	17223	10783	14050	12310	11218	5210	15140	15650	8173	5697	13898	253	11875	16775	18698	5224	9971	9282	16062	6319	695	3953	60	8698	3464	2431	13525	7203	9360	12638	15819	16815	12866	10253	4173	15514	2221	15637	16617	18012	4439	4672	6784	517	2129	19102	13883	11821	10026	70	12746	17535	13090	6028	1405	16981	16415	3682
8916	13167	12950	19469	13003	10112	12845	12146	15721	4711	3133	4579	7756	7400	14768	18042	14260	1355	12038	1603	16358	11267	9547	7910	11609	8062	6089	1089	527	978	10963	3597	12214	2670	15599	17829	12309	19888	19903	5268	2495	7515	13427	7787	14670	15677	15709	13191	16305	11902	4261	2956	1665	10707	2447	4558	2299	10223	1677	13476	7035	8131	5535	3832	3023	487	15854	15144	2186	13527	6741	18059	13340	11324	19979	14428	4235	8394	19656	9179	15676	16651	411	19769	17868	12058	14833	15046	3168	19257	8086	12767	2625	7992	8096	17546	13441	1562	7718	4533
13881	1893	17926	15169	10910	17780	11187	296	12767	13205	3878	10692	3839	15830	9908	8577	14875	18957	6342	5097	15589	19147	12570	17783	12665	7686	7332	17342	1283	7588	10471	10108	6991	1359	1776	6046	11093	13777	18494	8373	9558	20152	3989	14224	419	11244	4769	16325	129	266	12333	5017	11072	2750	13807	1886	19750	17870	6149	16671	7789	6588	9604	8935	15851	5701	12960	10928	4158	14492	1005	17779	3690	17552	15836	16653	7110	1642	18919	11418	2963	1065	13757	889	344	18908	20070	13910	16124	14658	2056	308	17554	202	4312	9536	8225	7050	18524	3723
2746	20200	16837	11292	5260	11215	3010	11957	13558	11845	8717	14384	13335	9197	9979	7075	2672	3636	14052	6430	13891	18188	15471	14515	13555	8559	3587	13365	13203	19232	12497	13344	8625	517	8863	11771	12850	19122	9035	18424	781	8725	5210	3838	8243	7018	4782	1467	7193	6775	3028	17660	10162	6076	10256	1384	17656	1011	17516	8429	6583	15064	10933	19071	14563	14721	11526	10471	12749	11416	4267	6153	17853	18013	16920	18565	1542	12030	6350	5373	9049	13453	5442	12478	14817	1734	19660	6292	963	8907	6124	6695	17455	6018	6263	6303	12464	14358	4727	6964
8506	19945	15361	19906	15293	7235	12740	4790	11438	18875	15643	11156	19429	9521	10024	1404	10381	16105	3051	11053	19139	20189	17745	13882	17914	10004	19765	17634	12618	6592	19658	15620	506	4399	16782	8884	14668	1058	14260	16397	15703	15205	15962	14987	12514	2153	15432	5225	10457	19407	14232	5803	9738	3254	7734	5244	13479	6011	3993	16162	13081	2897	4977	8766	12663	12430	2984	10344	12060	12362	5550	5658	8446	15234	11089	524	14497	19366	15084	14492	20084	8556	18370	1924	19163	10339	10121	17561	16198	2867	3084	14054	12743	7625	1037	2381	17562	857	1861	12784
6497	15946	7934	17488	10691	10400	9555	4810	13724	9973	11755	8018	541	12034	10902	19456	7954	11277	16036	15424	20161	6618	403	13171	3381	13701	16199	476	12891	18945	7235	10640	11338	2458	855	3469	18962	3915	9718	8612	11668	3153	19920	20014	13661	9746	19232	7264	20000	16255	8585	15160	8587	11054	14717	7582	10223	1004	16910	10837	15703	18329	12514	280	15046	10141	10983	6279	7067	14374	7999	8246	15922	16760	19882	4526	14625	3964	8519	4900	19505	3475	608	2608	8417	10799	3105	5021	224	4257	12990	11	13709	6677	17035	7376	4470	13193	5410	17416
994	15786	7499	4787	9147	16143	5545	15404	12981	15663	3247	7240	5557	13061	8514	17553	12739	9632	10813	8056	8598	19678	10371	17263	4509	17497	13507	497	913	1051	2501	11319	11820	6748	17086	10598	17854	2012	16308	14611	10314	1318	15039	17221	5790	16410	14925	14874	19658	17975	19389	19412	4972	16128	2974	19971	12516	2243	4990	3444	16290	3005	2361	12968	8541	13771	14439	13311	2621	13976	7319	14435	4428	17831	280	5375	6843	13490	6347	9177	18066	370	6809	12163	2646	18696	9626	20014	13602	19443	2797	15191	13120	5329	20070	16239	1321	19742	1557	18383
14101	16799	19992	8330	9396	19482	15373	12031	10468	4683	913	15319	4212	3809	8080	19797	6663	3484	18392	6672	1099	12410	11189	16494	14932	445	17926	18457	7193	12859	14499	12740	2994	17190	8123	4753	19109	10256	8776	16251	6289	18968	4046	8384	15043	14764	10559	12431	2794	17911	6037	2515	6108	16163	3215	9116	2759	15722	8967	13831	17164	1004	18945	14909	1004	17419	20068	2316	4686	8994	2851	7075	20007	4142	11820	8530	14204	15191	5550	2701	18620	1135	4093	14637	19881	7826	2123	468	19686	16923	2005	4026	271	13433	4957	6771	19797	749	9952	5245
13829	9999	4424	19086	10226	19519	6884	8419	6524	16626	16114	19721	17490	14068	15552	17459	7747	6264	16815	13104	14719	8964	3496	12555	4335	17845	15063	2637	8246	1737	18869	2082	12822	8429	10077	6309	16054	11318	15871	13831	13176	9934	14268	8053	1545	19102	3240	19732	16785	7569	1427	18793	5009	15986	8606	5598	11053	8721	2300	4783	12353	4906	5680	8999	9177	10878	17407	7758	10760	19797	9079	9375	5536	3616	8237	7631	10384	12344	15088	13879	12366	11123	15361	7123	15319	3044	13465	18304	3945	676	11689	1331	14210	3018	447	16826	14932	13570	18265	17520
17853	4831	17876	9831	18034	12729	18477	1938	18682	6435	10511	10631	11112	1969	4861	14496	8559	19695	14550	4746	4699	18300	11160	11249	6452	15280	12535	14449	11640	17771	17735	9544	4879	5307	3285	17754	1014	6708	877	14936	17448	8916	8531	10516	854	19192	16562	7531	16178	15349	14630	9360	16123	12720	2838	6451	4257	15547	4427	18893	12300	3352	9	10736	10990	322	17731	981	10141	15156	7632	1110	9446	9630	15236	16766	12835	18112	10569	13436	5057	18362	14369	7351	11471	12946	15269	15185	6795	17775	17021	4570	9360	16232	10873	1241	10356	2440	4539	3465
16653	9590	7295	16204	10443	8474	15480	5491	13486	11754	13171	3012	4434	18312	18309	12319	312	4810	2152	538	4623	11956	20087	4844	208	18331	12894	15206	8473	9402	9707	11732	4665	10828	8657	19806	12652	10312	1877	358	7422	3729	18223	4501	10482	641	3587	18329	11256	12980	19885	17236	14921	11121	14151	7840	7782	6037	17525	12959	11202	12697	8279	10841	6363	13901	8247	17126	15041	4398	18845	7532	6790	5580	13505	18820	6312	13109	5016	9849	16256	16255	2121	17653	16246	4492	2932	13746	19209	2375	7109	8884	7102	4160	12010	17609	7658	19801	3868	12146
10168	16944	8774	8317	10994	6998	5009	723	13465	17677	20069	12318	4496	14216	17219	9234	2768	3876	17781	8856	11457	16282	13365	12030	7049	1981	10210	20084	19870	9457	19743	3159	19380	10717	17041	16589	18693	3638	1379	2599	13064	18928	7556	4307	8145	2157	5611	15140	19116	5768	900	10473	17398	2593	12390	698	9232	16047	17808	14540	19934	9577	12227	5	3705	2783	7377	1651	12982	10101	126	17527	9602	9508	19279	9118	12688	1834	18267	4867	3228	5022	8779	1065	1402	6480	900	18226	6777	12579	13969	16518	2838	19200	15316	9562	17496	17193	6211	4240
14343	8325	13084	9130	11512	4470	13247	2837	5286	17135	14909	10999	17353	4653	5277	17660	5942	8713	80	16145	3430	8761	80	10826	582	12333	3441	2762	7864	2216	18563	9119	12215	5592	6899	17073	1661	4509	18426	18608	466	7607	984	9180	15281	353	16932	8999	13729	3932	19281	11957	2208	1867	9941	17182	15573	9491	4223	2768	9997	1266	16204	7218	13521	4859	13213	14998	20072	14369	3219	18995	3085	13001	10000	11187	4999	10859	18333	16415	18163	14536	13795	8182	6609	20067	9245	19313	11699	18511	12444	5350	19718	14812	11397	18503	11202	14656	6837	13524
13803	4220	6022	9950	19677	5116	417	2896	12214	20051	3657	10301	3529	8281	17586	17588	15118	11925	16090	8021	20200	11850	8319	4854	16031	10852	8292	7675	17975	15555	11444	8114	3587	15847	4150	7794	7952	11913	3606	12716	9504	18325	733	5746	2229	19759	15178	6239	3659	14522	6541	17117	8231	9177	11846	4103	15244	18006	13023	13678	475	12390	7197	13858	18507	10040	16711	15280	3729	20171	14394	3187	9214	1291	14107	8107	15602	7925	7632	5027	1258	19320	14610	19004	16731	10707	6319	14525	343	1656	8189	3557	10212	7872	9240	11830	4173	10339	16302	2440
19815	1190	62	7526	9330	7730	5056	19456	9580	15682	9534	11300	5041	7253	89	16136	2335	3218	6165	6370	13688	16947	18869	10772	11725	12112	1768	6359	7659	18336	8440	283	16603	12410	8254	19778	15767	14129	1821	1906	18129	10931	16071	12602	7783	4879	19959	19217	11318	15050	9390	18474	15991	8121	5719	3703	919	19944	17181	14527	2855	3379	3471	10471	2311	16045	19905	14191	11601	2468	4351	18387	9234	14392	12425	9646	11405	13022	7875	18896	7612	8527	10589	16357	1982	4102	5572	4835	3026	15039	359	4459	14548	3036	3095	16483	18885	8244	10411	4886
19998	15794	545	6903	18881	16245	1757	7999	18882	20114	8881	18747	8239	15691	6614	10796	2965	13256	15510	10161	18016	359	14023	12959	12138	3487	4418	12697	1728	801	13146	1193	17140	8534	13521	1588	3461	11693	6463	13745	12076	10237	5809	8714	17072	2569	12273	4219	38	16721	12342	2565	7394	16597	4486	15549	4208	850	17567	6743	7616	7165	13212	10611	654	9889	3769	6102	822	7167	19151	11065	1606	14973	16817	13103	5789	965	20044	18039	13969	17818	12606	4592	9503	2628	14232	11313	1360	17491	7481	19643	3819	7012	14588	17949	10947	19367	12210	7876
19575	5056	14834	1500	11668	1265	11597	2209	1266	10872	14023	12894	3642	14469	10167	17417	19554	18531	6850	15711	11743	4365	541	601	5024	13541	4095	5434	16165	5380	7255	14353	19239	5024	9850	11110	12848	18889	11666	10458	18980	11385	3938	14083	7249	16991	889	353	8187	3153	2085	17284	680	12405	2368	9047	14242	13979	17801	3702	8348	19716	15191	14964	4517	15201	3639	16717	1255	15053	4939	6116	2478	3679	2998	2598	12974	3348	13706	15119	3290	1150	3140	18933	8271	577	15607	9738	14636	18024	8092	6312	12782	14119	14518	10188	9367	8570	16099	15459
7338	3191	12847	20015	10022	2524	15717	11049	19356	913	7391	10950	1311	7730	2236	7515	11449	12957	14334	10484	19627	15212	18610	12634	1324	10739	5856	11094	9998	8432	9835	6358	3866	5756	11814	16087	14345	12522	19652	14056	12126	459	17785	815	5155	14031	10637	24	10804	18998	18379	7515	11500	16968	11721	2091	4196	2994	2356	17079	6231	3482	14362	19737	12645	16667	12953	19429	18042	3668	6172	15642	10688	19368	1878	9199	2874	19830	2700	11248	17102	4772	13721	9924	15175	5034	12265	13374	1159	1389	14001	13863	20128	14816	12074	13903	17824	2053	8716	10694
12092	5200	15272	18628	6861	3271	10688	1950	16413	19877	140	15103	13996	5685	18469	4269	1678	9570	15698	15243	8043	5317	8271	19715	8315	9119	5697	16932	12304	6647	13624	1813	12067	19048	14366	5913	12336	14470	2045	12010	3041	5487	16633	3425	13163	13729	3937	4065	3898	13519	18470	13455	399	3906	15207	4369	7742	16112	3891	7948	10320	6748	19367	15450	6412	11351	5288	6014	7019	10852	6559	20099	15259	17102	15942	19804	5906	13417	9494	11871	4	5016	18736	6810	1387	12230	13586	682	3933	2335	13103	3964	15513	6621	13968	8587	19005	10798	14097	5756
1563	218	1396	9418	18592	2948	9399	8273	10555	9701	10205	1617	3882	15054	15495	8950	11603	13912	11669	9295	5109	9500	3798	19624	4812	2547	12951	11401	8994	5068	6252	10603	17790	14625	8286	10557	17711	14264	11047	19801	18728	5257	451	2208	14470	6807	7532	13435	12935	13985	1734	10409	2069	17092	6112	9721	16410	9570	1026	19156	6944	465	18266	18875	19977	12223	16766	16320	5381	11254	619	3636	18302	658	9021	17613	2088	6040	11956	3506	10584	18664	5173	12095	5933	2642	17267	13403	4231	18304	14870	18453	12986	8549	5349	17201	5279	6142	10950	5511
11466	3525	8268	18823	19064	3670	12850	8661	18379	2143	19595	11708	8370	9556	15221	5402	2679	11811	8096	9612	5544	10786	17790	7538	13135	19028	18453	19935	9449	725	14321	1005	10655	3363	1113	5728	11596	9314	17138	12634	10845	8379	9936	12830	4822	17083	15145	10738	6411	20154	184	10971	2453	17340	8402	7611	13777	18406	10604	2069	12316	3680	960	9886	15902	5728	154	17393	14849	954	16996	3827	2773	2827	631	10222	16362	1076	279	14372	5830	2808	9475	6244	5530	16310	12559	6575	19373	15875	14852	6873	10511	19377	6499	11971	464	13518	9113	10833
4752	9189	12819	19161	2590	7736	9447	9761	158	16857	14545	360	374	2828	18837	19807	2553	12590	11113	17480	6497	5336	855	3445	7649	19733	12522	16367	14817	19976	6022	6375	2826	6004	18130	7724	8048	15288	9780	10885	12287	433	7957	8974	11788	10651	6983	4130	15573	8234	19148	5279	17118	2040	11016	16756	15642	1545	12363	7033	15316	2686	3103	6709	17035	4236	12913	18526	3969	12875	8818	11924	17651	4671	17840	3976	11601	11808	3787	1858	11555	19713	19025	15160	2713	7985	8429	19374	1894	17286	6704	7438	14845	14050	7022	20142	18346	2073	10879	8193
14658	17634	9270	20198	7671	13492	5178	16335	6216	4192	18186	9232	8062	14548	9829	17411	19118	16391	14874	8637	8562	7083	5256	12130	16729	16471	3691	10699	16976	5178	10551	13939	14758	2796	5034	17659	19401	2913	16770	6007	10684	11703	1147	11145	20005	412	1264	11065	2382	8997	17904	5451	10748	354	14508	130	19080	12620	3022	18730	2079	16410	17401	14531	3398	16508	17623	7747	1013	8485	16356	13492	10596	8935	11288	17830	8461	8296	7601	13777	11213	16317	20074	5730	5564	14700	7239	10268	17411	8976	161	13879	19364	17927	16142	14896	18094	545	19545	8284
15434	388	8534	5219	16851	12232	20149	10224	7794	13362	13548	6112	524	14082	11067	11512	1586	8092	19465	18953	8732	529	19876	15116	18328	2558	3469	13567	8161	6638	39	10543	5152	11280	13264	15586	17403	13658	3814	6224	2506	12278	7238	16411	16597	4487	3819	339	4306	2691	6961	933	11665	12826	8149	3093	5963	15074	9152	10738	5359	15643	17971	12634	6756	19684	9423	10842	19834	9514	2208	17732	16393	14394	16983	13078	10437	14711	18422	13582	6444	4953	5887	4109	3751	10201	5657	1802	10931	2280	3788	8250	2176	10052	44	11361	8642	17720	9103	10992
8750	5942	17012	6272	11544	9125	6295	18406	14802	10999	17073	3608	7152	9582	11983	16494	18235	19004	1160	12433	16156	7270	5732	5959	20057	2366	19164	2379	900	2751	8296	9295	12786	15981	14958	18766	13800	12015	5271	18334	12439	12497	11051	8443	1780	1865	1987	1910	4979	17074	2651	14551	17352	335	16162	1103	17127	1581	16747	12496	1854	19230	3122	16609	18581	13567	8660	14479	14960	2831	15426	19190	10137	13898	8773	1534	13631	7328	17871	5738	5790	16322	20070	17350	1103	7372	15768	984	1224	5581	19913	4727	62	19733	12382	18549	14699	7540	5879	10828
3272	2263	11457	3128	6135	3258	927	6517	11548	3660	19310	7539	13498	4987	3506	12255	4086	2613	15620	18498	16605	4686	4001	700	540	8832	9598	19844	5288	2451	2183	541	6034	10072	14123	8890	5250	12433	11950	8545	898	3747	16247	13722	18501	7912	654	580	9172	1961	10042	13298	14258	17264	5981	10841	12443	12049	3391	2649	13216	13191	6275	12593	8889	17991	4130	19068	10603	4196	14439	12297	16082	4103	3605	16748	5650	8373	17220	5998	12661	16115	14949	18693	13865	19224	14001	16175	7170	19785	4482	10008	3905	10803	13656	19095	6031	2275	5344	20013
3588	12443	8394	13541	12431	15416	11777	4570	8642	19855	5308	14265	560	3602	15716	19606	19369	13616	1743	3388	12571	5367	18421	3480	5310	2765	8677	2094	5895	7111	12998	19016	8096	16868	19558	14417	3564	9273	11173	2911	18392	8637	9131	698	5601	14179	14709	5439	13586	14692	12916	8514	5240	20095	9912	6112	15136	19988	2688	18971	695	8724	6946	5725	15320	1810	13843	16136	18178	19243	13865	12443	1431	11362	3576	19039	1949	14841	2575	2323	17770	16326	18282	13753	3047	12684	14647	2103	18325	14145	5086	14392	5111	7386	7048	8402	6906	14742	11141	2528
1954	5328	8737	16910	2064	12776	6004	6404	14056	9671	20027	4198	6995	335	16055	15655	8805	13483	15472	11938	11331	18537	15983	4886	9366	1977	13215	14256	5924	2300	1530	19154	5901	11826	19719	14061	14496	13714	18477	13009	14856	4489	13498	9299	18037	10798	3723	10635	10142	10317	7781	14971	9177	15944	17423	7898	18161	5068	17682	5209	11141	14665	13131	12090	9535	3900	13379	12452	10569	3467	2224	8488	4306	1972	1403	16981	11491	4137	10885	11313	12352	12362	1364	10618	17590	2480	8102	5371	16443	4184	6469	9653	19147	5895	17322	15475	12655	9558	1982	10864
10407	17189	7238	17530	13364	17150	9181	17	14603	18125	5348	4	10302	1991	4360	2468	9097	15162	4517	19730	17431	9958	7594	6664	16237	16944	12366	9117	14742	4911	590	1867	8677	3726	5355	15102	324	10796	471	4189	1058	32	7165	9403	19078	14518	5097	2195	3506	19765	5906	16083	7055	17016	19943	14666	3529	670	6530	10967	19649	15373	12288	3043	16516	11089	3168	16679	20143	4257	11884	5685	11182	7046	5891	6049	17438	12187	2729	14343	1454	13936	11179	5637	320	8253	6046	18800	1691	3222	7275	950	8469	4841	18062	5761	3274	12400	11348	15559
483	8809	14768	4772	11141	7141	18875	3336	1974	15602	5740	6731	9725	3314	4823	13061	15996	149	16643	13526	17522	16236	13478	1776	15114	15119	344	15151	2108	3181	12516	518	8386	14307	14251	5126	6592	10017	13850	11481	16499	20192	7213	1720	560	7611	3228	8485	2844	8556	14121	5749	5654	2457	6918	8766	9738	11979	19357	17683	13596	7637	9932	678	8134	7528	17504	1242	18292	16810	17614	17312	19376	271	4655	4191	8773	4885	13846	10339	6649	18075	6348	11557	17079	694	1988	7521	13553	3524	2839	18823	12754	19187	8530	6150	3072	1734	249	529
11468	2913	19240	7951	2245	19335	17441	18808	12611	1717	1462	8771	223	3461	1913	1183	14120	6576	1685	12787	16623	9710	12233	15311	850	19838	14109	15348	13626	19937	7853	7401	19271	668	8694	7241	429	11763	16529	9028	19623	4893	3299	19130	9934	15506	13215	4924	7893	12270	10692	4196	14166	17856	6663	9731	2846	19855	19649	11125	2963	5309	15745	12922	11217	16187	11988	15034	1657	16321	4191	20023	12106	15815	19638	10458	6958	14265	15477	1166	18323	3776	18535	7768	2778	13614	12784	15909	13104	16860	9457	12237	3480	1703	2056	9048	1972	2443	10425	2550
14139	12447	14092	993	2662	18945	1771	5041	1498	13045	4501	5795	703	16359	2659	10295	9336	17812	11663	4486	19372	10615	664	426	15521	16127	13656	4690	1509	8955	15074	1278	14751	15593	2713	17009	2176	1958	19032	17904	3080	13365	4810	2662	3010	2327	12998	8534	10860	16729	7927	16607	6928	12984	1195	3749	5830	17288	8108	5503	3168	8641	10482	19742	8870	3043	438	18040	12808	10218	9072	8357	3123	9103	8911	15145	11180	11544	9541	2773	12586	15163	19889	16478	256	19844	19324	9113	7079	15555	86	15923	9833	11597	13425	3653	5141	102	9943	17112
1567	19563	19624	19278	14917	2021	13782	17355	19263	3937	16176	15199	9967	16092	16411	12697	17661	15639	5830	7376	2221	348	10520	4902	7656	10674	1948	12497	14682	3581	19994	11453	9925	8934	13770	12961	17749	8419	14423	16048	15000	5998	12848	7655	3036	3467	13235	2252	3604	5850	4026	10043	6899	3490	12754	3198	8513	19611	12049	12450	4474	12672	4184	11982	7663	3389	15352	11229	16314	3993	15036	4478	17994	6961	8094	2049	18177	10325	12686	9766	137	3122	5737	4702	16934	1195	14354	4295	15622	9362	20156	17108	7575	10971	8941	17794	9892	2990	14721	19976
15328	6653	9800	12019	18284	1508	18174	13936	1185	6363	588	19421	8710	14895	5339	9288	16872	14922	15919	17402	14001	14149	16864	11383	1185	5415	8578	19256	13915	19609	13837	12522	18881	13282	15296	12450	9958	11403	10960	10157	14707	11445	3902	17832	15870	4542	6072	14462	14121	11065	4299	16117	972	12646	13601	10044	13597	12826	16327	18100	5424	14742	11192	4091	16999	5141	7848	5186	14249	14079	18052	14674	480	11545	3076	14469	5328	16695	181	15719	17597	2817	18940	6219	7453	16364	16432	15426	17824	3899	10545	4086	6910	4119	10994	2247	4437	1839	3586	3636
12254	4435	140	68	17901	17572	11544	15819	2059	1487	12892	491	8566	19624	4743	9500	10606	5021	5723	17853	9491	10498	10981	13692	19712	15568	12122	9080	7017	1684	13682	3774	9760	6338	13672	12130	17174	19514	17151	9519	6036	19640	4969	10829	3697	18557	17028	17216	7296	5306	16858	13702	19646	6236	18212	4082	12612	15559	10689	16004	12245	12144	9688	16923	3938	9480	19443	11684	18964	8731	6519	17423	14564	1979	261	4817	7696	20107	5983	10035	17556	16868	15259	16956	8643	15842	20038	4271	2998	6499	3329	10121	19238	3894	7535	15644	12058	20086	18842	497
13140	5037	18468	16528	497	5018	11766	13304	4220	11775	16510	17814	16122	6360	3894	2834	9557	3006	8858	13342	13388	1503	19563	7368	3957	18520	18384	15068	5983	15329	16954	5655	16306	2102	10254	6030	17127	11813	10907	17719	888	14149	15870	14540	15088	6370	17330	13114	17154	18443	760	18706	18361	13037	20094	14827	1436	5350	13858	3546	200	19658	14352	11483	15589	17159	18220	18462	10282	18448	19148	16429	6211	11810	1432	4972	2085	13159	7394	10013	8573	5837	18706	11245	9508	5643	8748	1171	12295	6669	18113	15233	8713	15156	17072	15639	17732	2696	15824	7782
3337	11368	17262	4871	4763	8426	10853	3493	6236	10167	1358	17992	4653	1418	18898	4997	12188	13009	17434	1080	8243	19801	9523	11497	1842	14905	7443	16358	15405	19733	664	4265	6621	7452	8727	10947	8794	18607	11457	5800	4074	17488	3648	3684	10240	7528	15401	4715	2367	12014	17802	19393	2108	4861	8860	4983	4362	4291	7977	8893	18434	756	17409	10045	312	10986	6552	8808	2853	7162	19682	16682	1381	14083	13610	13713	14428	49	3564	3320	735	7956	14719	4149	15078	18962	11232	2073	19529	5859	11559	11466	233	6008	12654	10356	17344	4970	5754	8388
7019	5728	2735	13644	1207	986	16483	2776	12143	3735	8649	9051	17864	16121	1516	5425	16917	17052	12827	11924	13628	8809	8449	6555	10823	1037	16675	10551	10774	12848	1209	17749	13009	4544	7806	16062	7133	3180	19456	14168	11689	14793	3204	16878	12775	4160	5941	16027	16554	19904	10230	17641	7875	5207	8045	1090	10551	19540	12661	2255	9375	17201	3508	10805	3679	16483	10841	9616	5937	2803	14893	15317	1845	11971	16397	12081	15074	12601	15285	2263	10070	19802	6279	15691	16440	8091	18926	3460	16968	19903	3483	12849	7949	9617	18664	16985	5331	15076	602	16045
7988	14626	14055	19148	16098	2702	9360	11439	3636	15284	14309	2495	3028	6033	1903	3041	3204	5733	4150	3766	724	17780	7730	13418	4867	5327	11277	17801	10381	16443	406	11753	3608	19454	15261	8389	12056	10539	16123	16920	11403	2745	12592	17721	17166	3682	13333	6266	10649	18520	10563	661	8483	14697	4202	14066	14055	15305	18552	15055	14494	18836	1763	15597	5126	11880	12296	4573	17687	9558	4829	7166	5633	15404	19041	3067	18918	12229	8831	1931	174	2717	5951	1433	6281	9107	11177	2540	2617	10494	10539	2130	9858	9838	12287	5346	6065	1986	4142	2969
9907	6252	527	16720	11987	8699	11545	279	4265	6461	10007	14500	4457	12707	2150	18298	9943	20082	14315	2733	2621	19375	791	28	19673	11016	14932	11628	1769	3521	11614	3928	8453	19327	7436	11493	1194	3004	3771	5675	9180	14593	6498	8863	5348	17771	2564	14108	12353	7955	4233	19533	2436	16118	20161	4031	15767	14773	19832	7526	10675	5265	11383	13519	8008	1578	11809	4661	4803	18474	15969	9360	2200	9932	8142	3629	8110	4793	1445	10046	9661	879	16732	17909	10978	2108	4044	5379	6465	1215	9017	15332	3683	5916	960	18404	17798	6365	10561	10667
11929	17866	4080	7334	8232	8604	10581	8824	17597	15547	10649	545	15980	13192	13647	7249	15359	11511	16162	6115	13671	7057	14001	3669	6952	11192	5608	3706	5528	15228	17567	2525	982	2064	7815	6811	221	11603	10312	11657	801	135	9863	1733	11092	5629	18737	6897	127	10905	3557	4034	15571	19774	17184	13339	11435	3681	15931	2709	3778	56	13882	1204	8508	11519	10142	12666	3706	4166	18036	11994	16805	14367	11740	18331	13866	11083	3242	859	14808	2271	13328	18043	14723	19321	15573	506	12364	1568	5695	15365	4082	12259	1136	20171	13385	16325	13564	18538
2745	15059	3974	10525	2	1340	10074	16941	8181	15805	9442	8195	13343	10295	4715	19816	18557	7046	6414	12990	8325	13578	12336	5030	5677	13316	9677	18448	12121	13996	14454	4036	14398	13319	5525	17694	12050	19154	15261	5219	8373	8159	17168	3498	17381	11833	15328	15085	9572	18970	5147	3464	4727	14895	6011	8446	8224	4001	19087	10588	6375	12378	12271	8998	18825	15719	8917	5067	18542	32	17877	12400	10753	5184	19545	11923	80	2853	11281	14208	8544	13289	20009	18591	2763	16380	5503	13996	11511	1867	11795	2086	17068	10356	5324	12405	17042	16623	19735	5193
734	7380	14347	11814	8547	6130	6991	3951	12992	16645	17355	9901	249	12084	10853	12283	15374	18886	11965	10068	14678	14211	18459	1403	8813	3418	17992	9202	20206	14416	12680	8535	20134	17567	5650	15276	11452	9271	290	3464	14056	12601	2919	3070	17385	7945	10533	12989	470	13100	19022	20028	19749	18949	8373	8036	13341	10633	6611	7830	19923	11754	5879	5543	17519	17838	4198	13078	14128	14210	2564	14330	9379	11528	10087	10820	19184	2266	14896	14751	16938	1692	18483	10088	10333	14130	17456	17879	11678	17181	6192	9300	7313	6196	9834	9078	15205	12952	14166	2632
944	5402	3869	15875	13479	15321	5706	14518	19864	4646	2642	7920	1011	1696	6264	13178	8438	20182	16725	3913	19324	14717	10373	3743	2478	16912	15922	6524	7858	11495	9441	363	10506	5927	3701	10590	8372	2241	15858	8204	9079	6811	6689	13309	12499	13533	17035	3682	10798	10879	16841	11368	723	13319	9905	12455	14810	11673	14319	6056	1486	9446	5966	13744	3779	10167	17446	12932	5692	6955	14060	16816	5882	1874	17319	3683	645	5133	11204	16344	4370	13980	2044	5937	9071	5708	15036	10845	10821	8388	16637	314	12170	17075	2873	20206	9270	4228	15456	10956
2896	8857	12271	5983	11792	10152	8923	3764	14808	18896	10247	10403	11573	17189	3125	17281	13684	2121	16617	6394	13078	16830	11853	14655	9971	3243	967	5063	10515	3250	15622	4190	6869	5507	18961	18466	3989	5020	15521	3410	8890	14451	4282	4925	19928	10992	7784	5109	7906	4686	763	3342	15424	12951	19832	290	18404	14998	12786	1546	11012	856	3335	16791	7487	15505	19025	927	8538	14352	19176	887	9820	4636	17964	5296	7662	7744	17742	10210	17921	19447	6578	15141	7873	15334	19264	9659	6827	9719	8984	19536	2081	10734	11969	8596	9626	6149	15181	18949
10543	5280	6096	11718	16843	18948	5503	10657	3439	927	5533	19283	3253	7478	8332	161	18767	309	2765	11640	19535	1718	10019	905	3954	15743	16486	19902	4359	11749	54	15160	12809	8104	12320	12366	3536	4612	10139	18280	8198	18498	8935	4492	11875	3846	8657	16167	9039	6645	18961	18716	17599	11891	1577	9081	18444	13631	3437	336	16	13976	16379	9433	1941	877	18879	15942	1637	15181	4847	12981	7505	11544	266	13110	17730	20120	8343	2853	10869	6313	18946	17643	2951	7802	8171	2167	11983	6821	13806	2844	13366	10603	3716	3669	15768	12251	4636	18014
17556	19474	14213	16857	9763	5669	14269	59	18534	5781	17875	10103	1726	17166	10685	17378	15101	5547	5016	9920	5511	890	19083	16676	11691	7159	19567	4939	7056	5018	14639	7332	18730	4549	10206	11474	15360	15700	9402	1969	6612	12444	19283	9295	5859	16862	14150	1251	17340	39	5789	6919	4684	4636	16356	3232	8018	15517	8856	9243	1586	11614	13519	12782	18890	324	3849	14991	16061	11537	7239	11882	1516	20177	7524	3006	16091	4261	2335	14795	11710	20175	3441	15609	1598	19167	10181	2263	3637	13237	6609	2765	17096	13539	405	9820	19862	14351	13471	13971
16006	9709	6933	1640	224	16106	13610	4990	19490	5593	10923	17881	17030	13065	9688	10438	10615	16448	7357	3377	1742	463	2868	2722	404	20077	5858	16415	1748	13479	8465	3344	15156	244	482	13328	16589	14092	396	7270	19877	10353	12900	19326	5580	7348	9071	623	7588	7082	7257	5665	16077	3140	16878	17528	9554	17172	360	20105	5808	17793	17759	1498	15235	19133	13819	8794	1113	17224	14516	10451	9509	6759	309	11328	15460	18130	18429	10272	10043	4027	2905	10876	8116	965	7789	15604	10417	11150	19373	6346	8823	6533	125	6533	17921	4220	16062	14870
15191	10482	7045	8264	14633	15692	11954	15628	11165	14794	15754	12804	15089	2548	10381	12464	20133	1839	8771	15759	717	3681	3051	19461	3567	14936	17671	19325	3737	19904	16012	10545	4861	20152	17042	9081	19171	1787	5773	11458	8367	18402	19421	563	12112	3062	13387	11896	12838	16920	466	19068	19217	3532	17624	15262	6076	12328	1547	17480	16077	9738	11745	9880	3110	12105	15318	10194	19405	11398	4493	4816	13081	9444	6404	48	9515	7125	3315	620	439	10734	10761	11892	16311	3751	15802	15217	11786	17885	3787	5319	5120	14662	17304	17636	1777	1814	5673	20060
3456	3990	5415	19055	16800	9618	6208	68	4972	9154	312	17806	11902	16954	1479	14603	17330	18223	12621	15544	601	11957	13774	5540	20070	3275	3389	14410	8697	11788	624	1089	10725	13148	17384	4776	5468	10250	16467	2988	15506	4192	2556	1081	8025	17239	13946	16284	1458	4391	3232	8984	11768	12036	5521	14351	11944	12003	10992	16448	5070	3439	13615	19921	9086	6359	6061	20148	4143	8493	18862	15101	19010	10351	14648	2483	256	8339	712	17265	18962	10105	14642	8523	10454	6731	19451	12189	14945	8058	1615	7032	6238	282	4460	19684	12356	16946	15554	5870
4974	19929	5888	589	17832	2637	8008	14306	19634	5737	1182	3855	10018	6719	18684	17246	2703	9086	3521	15650	14892	126	1013	9136	10725	1523	20202	624	6262	5581	12373	18690	1720	10810	7454	6271	10858	17570	2963	9125	13315	243	16342	1012	451	5616	3938	11087	2376	9671	8957	13500	19453	19366	5587	13438	15479	5706	12181	12534	15594	1395	3830	18061	16080	6963	4979	6121	7056	14548	2855	3855	8326	11424	2392	19541	6649	13055	14249	3677	8183	6496	11313	18161	18844	15405	18025	19992	14102	3938	312	9860	15360	9164	11956	18802	1082	12043	16729	8140
20000	2441	7992	17872	12613	8001	20066	15932	14940	10333	19032	271	9534	6137	3516	1189	15767	18061	11396	18121	3929	3937	10947	19057	4274	5254	13228	4184	5235	12668	8073	875	5876	5371	16903	1430	7356	15530	1209	18988	12591	5962	14688	1777	17016	8896	11555	2884	16416	10418	2323	8326	18756	3103	18432	20164	6929	10156	5607	15693	4316	11676	18014	15615	7977	14416	7031	3910	18949	17031	17791	10413	7584	11358	8268	2745	4739	1537	18745	7897	16038	14339	950	5895	8983	17565	20125	5374	3638	9589	4552	9719	1497	7536	20156	4299	5926	9645	14998	1733
1315	7968	17272	6295	5600	20039	14208	6482	17194	14802	7988	17208	8232	13258	4065	8183	17101	2742	18121	2669	12981	4495	1578	14242	17260	17063	13074	18091	18016	15120	11764	9048	4787	18223	16055	823	3255	12281	13840	11718	18785	7873	4613	14074	17461	10428	2496	15373	5868	15194	14295	8878	12451	19019	7277	1790	3967	18608	3047	2699	12058	18911	5440	16110	10272	14352	11513	14728	13333	3079	12092	8719	4520	3915	4166	14067	12562	9746	5442	3885	6794	17588	13227	4699	5431	13171	10096	14082	18957	18226	14644	4900	7794	3145	9821	18638	19072	16735	4437	18255
4307	17411	19445	5804	14731	4376	4974	19019	14302	4622	14784	18931	17875	13055	8982	12984	8777	5195	19399	3749	9201	16810	7475	14665	19938	6890	11491	15235	19732	877	14293	17914	16133	9617	9295	1089	11193	19682	5540	94	710	16635	926	4160	18908	8724	266	8499	2108	4972	8171	9514	19747	3674	17671	14936	19299	5521	644	10633	14524	5916	19051	15120	15961	5158	6014	6771	17578	12457	3450	7628	12590	14032	3428	7851	19872	17317	4240	6331	11318	17403	14910	7180	10008	20131	8404	10755	19865	10454	10473	11402	7166	557	20017	3439	1532	19959	16185	4503
11449	13923	5440	1746	10827	17798	4036	3851	5432	2935	11967	2614	6764	14945	8180	2159	3990	18867	12287	18312	6859	16336	14046	15796	1982	11741	19326	13814	1013	3853	6773	15644	15804	9316	18896	7433	6403	6201	11642	4066	17525	14064	6185	10676	14248	17380	16148	14347	735	8932	19656	12797	9458	17070	14334	2659	15750	5538	12932	1842	17266	16075	953	3704	13001	2780	16367	4648	4719	13209	17082	5089	14810	12132	15477	697	15482	4142	5359	13635	4883	14181	5461	1717	16047	2496	14307	2823	17894	10994	6000	1466	725	19904	8162	19299	10839	14057	4592	8232
14330	11815	19756	15131	13795	9889	4452	18216	5949	7741	15607	9065	19805	8218	17587	17911	6405	16118	8114	18652	6353	11619	16615	20191	15281	12069	15898	7619	8112	16484	16762	12883	15273	19513	19937	19851	9717	16819	13939	13476	7846	1032	11108	6595	14792	10189	4004	4470	18130	9971	4808	2327	15047	13418	14373	5706	4781	241	5717	19114	17182	20072	13698	3841	19878	9112	18200	5304	256	13163	17914	19279	5870	17350	17591	13517	7763	13427	18604	10782	8310	6536	5090	5756	6962	9661	17895	18359	890	17194	18531	19620	11260	6030	9190	4974	350	13766	11965	7238
14839	8145	6346	9499	16898	668	18339	17794	15908	18879	17686	17661	6854	724	11750	4636	3755	216	19541	3185	9632	10314	3291	10633	6906	2244	8049	19063	20146	10814	12132	15334	3770	1329	4408	7539	17004	240	14991	9048	12419	4711	19171	9547	4489	9761	4980	4496	6003	8026	12862	8223	1113	12589	19687	3839	13673	4564	13309	11316	1126	5953	3222	8465	10715	14862	938	8474	12728	7226	7401	7634	3647	817	12802	515	7070	166	7762	19102	11189	1460	9121	11944	14809	13824	11404	14603	5755	14108	5526	6555	16110	4987	7487	16954	1954	4266	3932	9543
4793	2868	4486	1371	3222	485	5732	7242	4715	822	7221	11919	11640	11225	17635	9997	12817	12038	9623	8794	18953	11048	17780	6740	13441	9696	1479	16292	17075	15415	3937	727	10910	16878	13864	204	18297	17161	6003	3226	19189	10161	20162	5307	16016	6238	12405	4344	16193	3713	3496	9330	12536	5152	9016	11519	976	17640	8702	9951	613	11445	8019	14354	10088	7319	8114	1678	10203	13463	10260	9644	4723	12057	2149	478	1027	9535	19686	9160	13131	7273	18840	5005	19047	2006	11105	11590	16934	1650	8747	14374	13220	9018	18013	7565	13883	13342	3974	6629
969	19598	8438	8548	4915	18333	18832	15620	18885	13258	8451	10792	10828	8140	3017	12144	10713	15166	12381	18052	7381	8798	2724	10371	11518	15688	14425	7638	8099	2827	5275	4391	7493	1243	5327	1450	4743	13723	1581	13410	11704	3087	6061	16038	10444	5419	17721	4166	4151	4004	5367	888	5305	11167	13866	15641	5440	18617	2293	20164	14500	19132	1730	10384	5546	19453	12144	6414	9295	1837	666	14844	5284	7550	12837	8647	16461	12313	15082	9077	17636	20054	8964	8259	17100	3184	11182	17658	4274	8260	16898	1391	7145	12393	12122	10823	15721	15187	7655	1971
15518	14767	7651	16168	19319	5189	5547	15926	8522	3809	6872	4149	242	5629	14233	14615	2617	19238	15169	10814	3710	11539	8473	17532	9158	19908	5592	12455	3458	19189	11410	10366	14427	17250	14370	16114	5884	6919	3001	2484	1270	136	12593	11472	7839	11299	19939	2881	3879	10432	19612	321	10144	14767	16079	15413	645	8516	9617	2536	7851	15472	10161	1691	17241	17236	10228	13656	4879	9113	11676	6054	6847	3967	8527	16872	15152	18723	5717	14183	9641	1011	12304	5305	3586	16239	12254	17875	3597	10004	11604	8343	11775	16762	641	5235	12988	6075	16059	3979
2470	6046	11069	10146	15959	4322	9432	1189	5930	13692	1578	2674	13505	1163	8081	8550	18211	916	19393	19539	3673	12841	10699	17991	17358	14023	3932	3694	6687	3606	5654	9893	2527	771	7033	5359	5500	10715	2574	2864	18311	7498	3316	13966	3200	10640	1161	4075	1243	6040	322	4902	11735	14883	11644	4282	639	2641	968	7778	18390	5124	11223	9893	17083	1751	15819	9380	13605	5105	9406	4882	13553	7220	19120	7630	16744	4479	5393	20144	19996	16120	15919	3993	11704	9612	9130	13803	4634	15756	6005	15284	12684	9446	9832	8500	6105	704	6559	7473
3912	5818	6464	14283	17949	6106	12989	18095	9327	9779	10008	12580	13388	3343	9577	14204	3652	14810	12313	11544	20079	19710	11879	2222	311	12411	10586	3535	18459	10847	9754	13225	20198	8256	545	15743	250	12320	1026	7920	10284	4496	8278	12129	5039	442	6723	14444	17730	10168	10491	10777	15032	235	4566	8738	17313	70	2851	16098	12690	12067	6482	19469	17563	2300	7057	6244	13933	502	1051	15349	16231	8627	7582	10139	7667	15878	17794	552	8370	6920	9442	8312	9394	3200	12148	1661	9551	17041	15098	16467	5872	9056	17118	13874	17604	5764	2670	10268
9325	5677	10053	20196	16982	8970	8089	480	610	7765	8386	5962	12733	11281	4873	13935	16466	1510	4452	3003	3781	9261	2924	4022	11198	5989	5338	11323	7032	13802	6649	6366	13471	318	4487	15607	2534	61	11993	18130	633	13204	9561	9886	16442	17371	8742	16087	18093	4932	18031	469	7563	17245	13055	4190	18919	15550	14027	587	15652	2506	122	70	811	8813	10533	14783	4469	19817	3294	6209	20038	13088	16188	8843	18816	8403	10257	20072	15154	14560	19760	17922	6744	12953	4824	3719	16801	3254	684	14452	5253	20199	8215	1802	19017	6184	15615	13122
7756	19333	1213	6287	14082	262	15271	8342	14398	12055	17064	8288	10226	17119	16254	14539	11286	5105	3125	15099	6897	8846	130	10066	13374	19699	15296	8446	7414	5608	8964	17374	14210	11424	13590	3901	3802	6182	15622	4637	19268	12183	16845	1593	18657	7013	13685	1598	2436	4381	2974	13236	18881	12898	4054	4307	6028	17902	4581	7765	13883	1727	16107	14572	16523	15523	5338	14858	11157	621	5699	14903	15055	8651	8657	17994	5944	14276	3421	10732	5117	3258	19083	6425	2882	12405	19907	15440	3325	8055	10228	13566	15112	4672	6281	2502	13143	14012	18881	14866
11158	14102	7239	14150	13790	20062	4401	12476	299	8256	12685	14334	11361	1141	11453	12194	6771	2586	4503	11945	8987	18062	1848	17865	240	7138	2216	5811	1859	3774	1509	5598	2982	5433	9484	13719	16552	3324	6018	11039	15754	14499	120	14287	16175	15727	10652	7845	9486	10338	2404	19800	18637	8839	5355	1666	13440	4568	8342	17572	5613	11394	9659	15600	17747	4921	2694	19643	20100	15898	539	18371	5837	5134	4336	16436	1509	16828	12468	5138	15950	16916	15951	1821	9021	9461	3651	9568	3218	8540	14413	7347	12646	3495	5481	11452	15255	12176	3116	13265
11145	344	4446	12030	14320	3066	13897	18517	14914	8540	18781	15564	6390	18316	3639	5983	8499	12310	4022	15852	20120	10818	8110	18659	12321	15101	15568	10588	855	14613	11785	1243	18226	12079	2920	11173	11874	17510	2216	3752	7221	13382	5740	12420	717	3384	11121	9580	1443	19120	18850	11123	6374	1323	16264	7881	4635	7006	14384	3168	15727	10127	16159	2745	12489	17094	3289	3619	8055	4811	13526	15675	10859	16345	12254	3194	10980	6283	16815	18248	10320	10982	3680	17839	15581	17906	94	17829	293	15160	2826	19005	4066	6974	13485	11032	16229	12891	13410	600
7658	19803	2108	6089	12647	8275	16766	14135	16386	5926	7385	15607	576	16903	17255	16168	18339	19305	1383	17172	8747	11678	11055	19404	6108	1089	1769	15839	11047	6809	16711	10845	5068	5682	912	19977	18923	8533	10839	10826	179	2200	16699	10282	4012	3199	17696	318	14585	3052	8523	13961	2946	1714	14240	16321	14440	4104	9723	9832	6199	3500	5457	16516	15641	6740	3705	1709	11418	8012	9592	5131	14952	594	7731	12618	3130	14101	18796	8324	202	8131	13140	12922	19415	5441	3575	14713	15779	10464	10532	18470	6432	4021	12311	14391	19877	1794	7659	14013
17496	2316	11500	10872	8035	1765	17958	9607	5354	11711	13997	11495	2254	1142	11688	16154	1275	13003	20082	12534	10121	18687	18013	13403	5345	17140	16666	8691	8273	3187	1051	7702	14653	1311	14454	1678	8900	18831	4475	8336	2507	11198	10631	3752	19593	10273	8017	17128	1954	9130	12952	5402	8824	538	2787	1728	14699	2501	3403	2045	2459	895	4650	11127	2060	19257	8731	7282	6262	17313	16756	2320	6787	10652	4665	1479	10604	3940	12803	19653	2609	13543	14818	6266	5413	14210	4306	755	7371	6676	7192	8272	15552	10407	9218	7563	14925	10675	15178	12319
1270	6928	18511	13228	15485	10173	12278	459	13616	20091	487	8833	17066	675	5365	19287	12057	11631	14791	15719	9940	16613	9329	18329	6373	10841	3822	1041	9210	6331	1498	9818	5468	9093	17808	6639	11281	11035	8404	1421	15429	17384	12430	4953	9603	11092	17947	15441	3188	4836	6786	10759	14292	13723	7936	1337	13533	10201	5468	8516	18728	5959	3957	12288	19600	17242	20194	17042	11244	4220	19220	16540	464	9578	13303	2433	10606	10883	6096	2004	10053	14662	13282	6444	1763	8766	19834	2990	6171	13153	7713	7333	15102	6176	16814	13673	12276	6877	14379	7446
2148	8058	11989	10933	18922	17419	14264	7742	10917	99	12952	2713	1378	11084	11323	16416	8914	8911	19104	18608	10625	11684	14989	9681	1876	7178	2672	7809	9399	7423	12474	8497	16401	2393	12006	16113	6284	7675	9572	2181	6033	14343	12637	13287	17665	16841	12461	8727	15650	2527	19536	7727	1134	2831	12712	17502	14007	11693	9016	3706	5910	741	4158	10088	3796	2652	16737	3776	10916	4619	10670	16156	1992	17166	1065	3095	17340	14631	3565	11860	19411	18796	17450	19907	7760	8312	4786	15852	5560	12016	5170	5224	14898	16240	3223	18890	6962	10315	8055	7556
12914	12721	9227	14811	17751	534	11463	650	17959	20057	7798	7239	3549	12608	9441	2599	14427	3261	12206	9416	13090	19150	10441	16789	14193	791	14675	19064	1036	735	12545	2954	12706	2890	11972	6415	449	3801	939	18682	7048	4446	17490	16651	12923	12452	1301	3472	9777	677	1707	11624	17212	2413	6796	8509	12754	756	1780	9677	13398	8468	12181	18945	4376	10837	13701	4398	11845	10875	15597	6934	6584	15023	8992	3290	590	16510	17677	17479	15405	17643	5003	11068	4073	4997	3965	15060	16204	3744	9652	12512	13060	8145	19427	14401	6346	12021	5295	4916
17833	14210	10210	3412	198	2465	17094	11608	6551	12945	11495	5594	3723	7173	5109	1278	6489	17375	5426	12792	13110	9600	12545	16810	10928	18031	13387	1819	19596	17284	4347	8481	8984	19360	488	10827	5759	15511	6944	5120	4123	10882	3833	10228	17689	8697	4499	4818	18558	9999	2857	15807	332	1019	13364	20010	17466	14573	16382	19357	12643	14420	2200	944	10315	6904	5773	538	1278	12561	9389	10995	13309	12869	1044	12313	5742	8263	485	9057	3418	11303	14525	9204	6329	10043	14365	2062	5867	741	5166	11306	10633	994	17008	7913	8310	2046	10463	370
13930	2458	3847	889	17750	3805	17340	15892	11504	14110	19465	10444	17975	13509	18736	6517	7195	12357	16163	5871	8936	5809	16575	2797	13478	3983	17711	6166	3955	18479	17509	8085	7760	5337	17999	17789	8514	440	6920	4461	11418	3400	19059	8403	6753	19730	8955	9894	5087	128	8097	1749	6075	13088	2489	5639	15014	6483	8672	3365	2069	8263	17639	7114	7555	2982	5639	12122	17941	8727	6819	14940	7980	7624	735	11090	11768	9757	12090	8240	11505	2248	6257	1642	8989	10628	18396	16166	4591	19049	262	4729	10145	19131	9232	11813	6035	730	4087	5967
17776	11849	1255	8181	19217	11230	2291	15540	16653	13393	7708	2650	1085	11857	460	18835	12999	14177	19473	10022	525	10797	6846	17148	15864	1264	11418	4812	1081	18255	17020	17790	5120	16105	13850	7986	12643	8097	16216	6082	14784	18709	11150	19445	11387	16322	4752	7086	11545	3305	20142	14035	1377	2166	9735	8554	14521	13013	15421	13065	9824	16368	16085	12095	19287	16193	7196	6406	2465	5737	8345	18875	6661	6663	7740	15212	7478	13567	13840	9940	6411	18985	18672	18548	8962	1526	11813	2123	15384	7760	12088	12915	9554	8211	8193	5071	3085	15328	14176	9696
6236	17055	253	10652	17991	17115	16733	11481	13406	5798	15285	6257	18893	6844	8339	13764	11230	9467	5158	2012	120	4300	12800	184	18548	16706	11060	18384	4311	19834	19151	17370	4149	18499	19935	16428	463	5289	9912	10416	20092	631	11129	16401	17093	13306	16125	5440	14599	5859	12642	15059	10324	15348	1363	11105	3943	16881	17731	12674	14960	8773	325	3424	4637	3814	6161	15412	13566	19859	1564	14749	10737	15144	5461	7908	4771	15882	19456	3531	13024	2703	10007	466	3724	12527	1861	7374	11308	17824	215	5173	11766	10254	6212	5738	235	2426	12172	18291
16956	16256	1248	14822	18368	16172	3876	16052	394	2209	14631	13365	17167	1441	11487	1542	18664	10968	8932	4040	3785	8810	17554	400	279	11522	17847	12608	1853	17588	3012	17986	3337	2892	925	9998	8329	9214	11366	13105	3243	5299	3691	3836	14763	13288	6375	3228	15448	19721	6809	5600	696	16679	8262	14999	2301	2208	19973	487	12823	6003	11725	11662	18884	7967	6366	11813	18985	1622	20172	6244	8438	7700	1730	7281	15319	16773	15631	3679	2489	16284	2405	6934	4450	1352	13946	14585	2546	18866	3914	19945	20133	4973	3540	19207	11269	12894	18310	18785
20130	9730	18573	4427	10932	12808	14639	14778	140	16505	16788	15379	15590	15209	17051	20104	3196	15626	17431	8577	12634	16709	11298	8045	2719	14208	2830	15168	14870	2236	7369	7508	17193	10687	5038	11337	4182	16232	11203	2152	9582	326	19538	5385	3768	15415	4606	18691	7837	13735	6371	18019	6373	10772	38	13901	3485	14674	11198	12311	2650	1041	12661	15037	3983	7717	18814	5439	11230	11264	14591	1465	16067	17890	16552	1054	13403	17929	9325	2038	13590	13652	482	2803	12344	11677	16819	7806	7269	8389	918	11024	6402	14439	14352	16590	311	8400	17440	18781
19997	18175	17038	8934	4360	10584	15139	20007	15914	15712	4161	175	2534	3260	17242	3922	11393	1487	5022	5827	10700	19998	6019	2701	17646	16664	281	1104	10883	677	13585	122	1918	8645	7241	3363	11743	1857	11822	4884	16631	5949	12403	11627	14334	2012	3635	3172	5677	12151	928	2989	17180	14845	12933	5127	293	5543	20076	3405	11244	3178	11495	12344	15474	12951	912	502	1496	175	8427	765	12924	12654	5962	13141	9632	17438	8686	12439	964	8043	2243	14417	11273	15849	16125	9338	9971	14536	15103	8642	11750	16794	5858	13957	2870	18880	5044	10917
10150	5711	18182	11748	3146	15913	5960	20099	370	5834	10834	10319	2834	3564	9061	15141	4052	10830	7042	18406	14284	8850	6190	16634	16078	6371	5795	9592	9009	13478	4938	916	13536	17154	15119	8649	10537	6609	17112	2331	13366	15563	3404	14210	7877	16666	4731	1888	3967	4554	12741	1025	7713	8230	10651	16913	16500	8081	6381	2911	13382	2346	564	4135	9108	7597	9615	6621	15323	4822	11061	12085	2241	447	12740	13243	7917	19445	12144	4911	15739	10528	12735	5497	1901	15150	5381	1485	686	10881	9474	1506	9069	11929	5701	1281	1041	19431	16794	16933
10353	2684	15839	6941	19194	8916	7633	12461	13602	1894	9119	8486	11846	3018	12571	2535	16100	7729	19928	1622	7226	5329	17362	2298	4344	644	5289	15597	2061	7565	5044	5392	9793	15269	2640	6049	15520	2534	13122	2873	3857	17847	14044	9857	13004	19476	8272	1264	18813	19164	15332	2841	10924	2470	7569	17861	577	17702	3644	6771	14752	4729	11326	7935	16462	1372	5361	16213	1173	6974	28	19677	10901	11973	17079	9018	16919	4143	6217	12251	14670	3350	11404	10018	20102	3283	80	3008	6967	1231	13041	9556	10386	19513	13288	6742	15181	9388	19407	10279
3525	2524	5193	6033	7957	8955	3087	3442	3744	19745	1687	12757	3100	11659	15955	2929	11573	18844	7908	5162	16120	4137	3574	6551	14793	10611	2759	19177	3388	2394	18805	8745	11340	5350	19498	4752	7235	16627	13452	2353	11815	429	15505	6780	8068	13502	11039	17365	10927	16282	16833	2338	20095	11286	12479	12930	15620	17639	18354	11837	2773	8878	5583	15922	16642	5095	14279	13642	8262	2371	11481	5812	12252	11160	7086	10469	6855	14935	18705	740	14870	19087	11398	6412	10847	15551	7556	8563	1986	4207	7742	19822	19750	5706	8732	13069	8312	13589	14810	993
8010	14250	6919	2803	633	13238	13925	16852	109	2475	16651	12474	1368	8679	8569	10413	3623	17911	17881	473	16733	6764	17360	3195	16814	16754	10443	5643	5080	19404	11361	10148	9038	16321	7560	12846	4729	12952	15675	19943	13883	242	2655	5265	1588	14331	8051	7070	11084	2250	8456	18763	4202	17941	14589	10103	16390	6459	13711	316	19347	2293	8641	3471	17740	18646	6541	10067	746	5601	1997	1407	17882	2447	11058	3821	5295	13930	7365	4192	18387	19511	5438	17814	3960	4856	14156	19773	4769	10333	6651	13004	3055	14371	9522	19335	1340	12056	17486	2954
14700	3250	18918	16085	11787	3096	14497	15517	13148	14611	16084	7310	239	18745	4312	9630	1637	5959	9984	13638	19810	4585	3211	12590	2024	6334	3818	11318	7150	13928	1642	1121	14366	1250	5642	3558	5959	10045	326	3785	2284	18350	2327	993	5118	19873	5677	9958	5248	12210	4411	1606	4619	4623	2590	14614	17338	5267	9557	10803	18741	7642	16565	8997	14439	9192	16642	1300	13187	1316	527	3601	9547	14542	19858	3536	13525	7145	7807	7368	19699	8291	18371	3515	4753	14293	4427	6127	1730	13668	11988	4681	9510	18113	4705	16562	10046	15946	6098	16357
10671	7651	15278	14120	6011	215	14084	15569	13256	12224	14043	3588	5436	10991	3548	16565	12533	245	10932	19163	5519	12300	18890	9390	5993	14734	12986	3703	8289	78	15552	5350	9221	9554	5508	3095	11444	19141	12898	930	770	16159	9934	9707	14697	2605	9009	15873	5153	5025	18125	18309	5500	7517	1147	2538	12005	8030	11528	16271	816	10687	4634	8193	15305	3485	6275	14220	10711	3051	16013	7945	18796	12953	5429	5575	19666	9830	1355	14491	3539	2786	14615	16748	8863	7356	12499	5038	968	10503	16508	5608	16904	1750	2081	9035	19508	18059	17563	13323
10470	6381	18505	16264	16119	2599	11558	7031	14772	12638	18185	1550	11141	9577	19104	16597	9856	5136	3619	3951	7597	19538	8463	3257	1993	10878	9998	2089	16086	11260	14911	9854	10946	3205	7628	4758	16989	15890	14454	4731	6906	3228	1076	9157	1187	8912	19713	12470	16283	11256	17161	11303	5342	13907	15864	9184	6964	5572	16416	523	18673	15579	17035	10137	19589	14206	10028	7863	14015	1352	5880	3817	17606	4374	56	8750	19756	19394	10595	4014	13333	16117	15449	15732	18730	11431	136	19080	16123	7437	3391	18679	5682	17221	14809	16186	13097	9222	18642	12230
19574	17531	3983	8967	5998	17547	5413	17372	18959	10984	134	15660	13567	6014	10651	13047	17448	10881	18908	17973	18586	6205	7628	15153	5399	10589	3673	17221	12178	9932	218	6775	8917	7379	6600	13406	11839	18668	5790	17476	17635	5593	6902	18462	17531	11436	15475	8091	16871	9233	12214	12240	3682	855	4645	13303	16367	5216	4535	4458	12853	18310	9760	19825	655	16737	6142	17302	9906	2164	7341	5941	19113	18743	13682	8805	7665	16218	15586	13435	19533	20095	17681	2576	9048	5977	16059	2682	857	6622	14242	7480	4933	11139	1728	4107	14559	11198	18911	12620
15899	15781	7213	18112	14056	2531	20102	19522	1886	13757	4496	14619	1814	652	6331	18519	8998	12479	17329	3827	14945	5551	6864	12129	18600	9644	10772	20023	1541	4968	19575	14953	18202	16570	2580	10632	12152	2954	9103	8948	7164	103	16579	13058	12894	4334	1368	16770	3637	5250	15895	17664	6495	4564	2734	20148	6179	631	7450	3085	161	18266	16083	7898	15202	2064	6034	13939	18645	1080	3754	10943	8538	15305	1796	16145	17009	6077	8417	15835	18294	5655	7000	592	8770	7338	5027	13846	13213	17926	14716	13936	11055	10540	17411	14393	2077	5995	15839	11452
19731	15482	3278	10177	10312	20022	13494	14869	1422	10687	11474	3929	1432	1221	16496	12441	15244	19770	15517	1828	1378	6939	18701	69	15771	18383	10713	10019	9736	18716	15881	19062	16356	2650	7788	798	16243	7742	5274	6312	3623	16047	5898	2090	5858	7630	1631	2834	4290	15357	10342	740	16469	14451	2041	17879	7307	11156	70	15353	8340	12900	14637	6645	10070	10509	19022	4457	17205	12325	6820	12146	11557	4397	9621	9515	10206	13711	17469	11065	5845	16585	8348	5526	6903	13405	8208	7634	18777	15688	15284	15032	8237	13324	5782	12501	16806	1153	1013	5926
14708	11772	9139	9075	4648	871	12727	13330	18696	13603	2364	15457	608	6410	11807	12501	8094	11182	12792	212	10887	17451	10684	7926	4188	8641	2050	14096	14807	13138	4435	14435	8699	10024	13332	9394	13649	16256	383	10820	2787	14614	17560	8988	15297	18091	14119	7196	3756	4552	1121	7296	12240	10801	10726	14692	6050	3339	6790	4243	9536	12684	15082	2	8677	8286	14440	12860	9920	19305	1340	9568	19716	8200	8883	10952	17696	8341	16308	13049	17794	4350	2251	7107	10559	12121	14000	11981	1022	18432	1543	8205	1601	2675	16744	12866	17747	14579	12967	9820
341	11371	14425	249	17920	2983	2983	10675	815	512	2659	12262	7576	18111	17673	7220	8240	14892	5737	2955	7170	7838	2289	13005	15515	8340	869	7428	15840	19682	6034	18931	16440	8779	7848	6545	8030	3216	6107	11014	18763	14583	359	17679	18477	425	7808	2012	10736	11743	7747	18294	13472	6238	236	18002	7536	16939	8727	5334	7885	9040	6402	17812	17033	8520	15932	5000	655	4274	4875	11098	10240	8954	17728	20175	14007	1014	16717	5151	724	3066	2159	3623	6420	1810	16570	11326	11072	14061	10191	16598	13166	8770	19805	7297	13644	14999	7532	3554
18840	18533	9662	19642	11355	16843	19509	4406	19536	13472	15001	15163	14895	902	13309	12246	6742	20109	10870	19778	9057	2252	4437	20089	8086	12341	2434	11051	17590	19540	12499	8493	10710	4493	832	17865	11270	163	6238	8944	13496	19817	7633	9831	19856	19286	6061	64	6924	17979	16587	10333	3329	2595	4329	4321	18449	10543	16	887	20147	3466	7505	18703	7309	15854	3942	19473	18638	1822	5083	3821	16944	7391	5783	18836	15527	17634	10105	1007	19955	4340	10800	1023	8215	15136	9699	11071	8065	813	2488	17947	4625	6541	4782	19391	9456	8488	5919	14074
11270	12930	15203	2734	19752	5805	12232	17530	904	16440	12812	10554	19141	11110	3283	2817	17608	3889	9832	4446	3534	14457	14066	17902	2650	10978	7382	5682	8077	5056	267	3904	6171	12661	14161	19168	12925	18479	7276	12357	14772	9354	17426	12157	15060	4671	9967	2626	18968	16097	1577	11160	5523	3636	9628	17039	4572	6252	8404	7294	8233	13042	11786	2984	10494	6465	4758	1906	2085	6731	12655	13692	17126	1950	4586	17560	17373	16699	6444	6365	7849	6787	19944	3926	11041	9675	1712	2408	11590	18312	9273	14964	7282	5000	6067	12058	7025	17833	12006	8225
2868	13692	9023	15089	9502	12337	8234	6208	18212	18738	5476	11988	8025	3398	1867	10792	4546	15642	12601	688	11301	11301	14272	17912	5222	10339	15600	18501	11550	8545	16923	19304	9514	524	8604	8982	11538	3450	15633	19292	17166	9046	7025	8713	3752	8957	8173	9403	424	5015	13143	52	14269	7179	14109	514	10523	14053	14717	7328	10855	8904	6786	4873	13640	17091	16952	3261	14748	1135	18266	19193	11526	1153	1394	873	14674	13626	9901	3113	15648	400	1562	11760	4690	4901	13203	14841	18456	6208	18499	9453	1132	4501	14323	17073	6339	15873	15410	17614
3078	2780	19478	10229	10089	14393	6353	13613	17267	16325	9971	1093	5961	7546	17527	4904	1562	13534	19391	19653	8779	8325	13840	10847	2867	712	15926	6870	1466	17871	4554	12739	345	15581	14374	141	9401	12232	8825	11545	19511	18255	974	3180	15648	4862	18618	19176	11768	16710	15897	13464	11814	3697	1118	3648	13422	17233	3125	9464	11228	19357	8747	1582	8234	11892	1694	8578	3838	18185	16391	15059	11157	862	5180	175	14717	20125	19652	4351	16308	10687	19003	5956	19760	10875	19137	11575	13805	2346	1457	18569	17641	8957	3067	6182	3992	18114	7257	16078
14875	9666	17836	2520	13243	12283	8436	3465	5050	13943	3240	6030	7589	8405	4718	1877	19635	15358	18765	9197	8548	16226	12499	2200	2374	5326	11352	10085	1462	16955	3385	6420	12945	13217	1349	12516	15622	6747	6930	5555	2436	19153	6190	4046	14245	9176	17714	19919	890	5079	13974	12262	17303	19255	12155	7178	2271	7057	18178	8812	1276	13422	7565	15771	5256	13050	3797	11177	5887	6565	10414	14458	14550	10956	13846	19992	6624	13515	14417	11483	17695	12962	16974	1553	2617	10738	18631	2044	7924	13890	257	16904	5487	18647	13888	3866	16171	15494	19474	4341
13262	13918	5280	4233	17851	7414	12204	5922	4470	9963	19834	2014	8902	14288	17802	14177	11980	15423	14102	8469	151	2194	18958	297	4147	8222	10761	2537	15348	1241	1134	16175	6961	2152	6124	19852	11157	17954	19003	4787	12897	10453	10622	1630	5049	7629	18774	12130	3304	19394	1463	12105	6795	20125	13976	7630	4028	208	1573	5050	1386	4833	9412	1586	3247	19511	12124	11814	2406	3042	19545	13923	18854	18979	7323	15247	2945	13494	19643	20047	19850	6243	9301	8137	12559	1014	16796	17586	10347	1022	16467	9509	8460	14758	17334	7474	20091	8214	4844	558
7134	16593	17288	3497	11594	16944	15984	10110	9722	18163	15901	1570	11527	3645	5227	11980	6056	11963	14267	13375	9243	18101	103	5724	14515	10371	4108	10876	14592	12718	13953	5497	14309	10803	12991	19846	15851	5935	11435	8464	7137	16828	14449	11162	1869	19465	9430	2899	3255	15774	8889	16243	9766	12357	18935	5876	3315	5867	1383	937	14695	14787	4111	13634	3750	2364	15555	10622	15654	16375	9914	15848	4475	7768	17893	16676	7307	4668	8677	15415	13538	3899	10162	18691	7754	13400	9467	18222	18293	9934	6375	18860	10403	5409	1416	2767	18382	4973	1564	10194
7247	7433	16440	4154	7506	6278	15592	17158	10384	9513	7858	6101	2470	16709	19368	17441	2913	3215	1799	6773	1187	475	6253	16670	11155	504	6098	9775	13470	3967	2540	1549	179	11097	5968	14149	14079	17172	11262	17932	10339	13173	10048	14260	13616	4722	18834	14306	4121	5803	13347	19200	4906	19629	12924	13468	7336	16540	4205	18304	12341	625	13644	5097	10766	2068	16429	14121	11199	426	3678	10614	14776	2859	9041	8895	14796	18292	16192	2124	5222	16903	5066	3518	8405	8263	8944	5068	14183	8494	5383	5525	2686	5134	10689	12941	2717	12170	14863	14921
5274	1332	3642	6924	18384	2112	44	11105	7292	7478	7374	16364	2846	17712	4290	409	5564	12148	517	14764	13342	14598	15326	14701	7175	16091	3041	9779	9597	13359	6102	6844	7498	16814	4878	3706	9449	5858	1589	11182	3876	13303	1742	19465	1826	19737	18503	6000	5081	18866	14593	6552	6542	18931	2435	9933	4938	12923	11508	14012	11229	8711	8904	19500	11186	6165	10696	3379	2381	3906	1578	11079	11039	13879	4093	11646	3444	10293	4246	14099	16575	5071	8069	19714	8493	1978	9896	18102	6939	8085	12898	17586	9306	6795	14762	4156	2149	11637	15272	8243
1146	5652	18405	765	15665	633	1682	1864	16584	17882	14427	19367	15745	17237	7427	5439	5250	3274	10585	17404	10799	16483	5567	10779	1224	5932	11764	17305	8253	4287	13816	16031	10697	15530	6050	12108	18714	13206	5307	16766	12801	5147	3876	13377	7473	13944	3485	15864	16100	15594	7356	18779	2263	13332	6215	14989	16177	5564	5186	20202	18552	2502	16923	16079	7952	11290	16449	1518	19671	13359	13656	8159	2670	2917	11921	411	10503	3473	4018	8797	8194	2565	20194	10595	2465	11332	11758	16874	7955	9001	1847	11500	17054	9630	13755	14187	6024	3729	5175	15070
4001	18718	12267	20011	11637	4783	5638	16901	14515	9038	2243	9829	6244	10932	15178	6696	19629	7254	18285	1183	9023	3164	17564	8122	9291	15005	12265	3062	10855	3568	19667	10874	14083	3616	6638	4421	12160	15778	12217	16574	14221	16817	17460	15764	7014	11586	15253	15787	18158	15872	14162	11781	18199	10347	11551	15540	17286	4296	3667	3639	19458	2656	13509	18388	20060	9769	15238	8279	4796	3075	3763	6008	11052	19218	10497	15441	18948	15519	6622	18094	11251	9967	6376	5417	19160	2215	11656	13943	1857	18409	10464	15354	14150	19866	7857	10785	18054	11812	3796	1961
7322	15271	5325	972	15732	17715	7333	15431	10181	2883	7875	11481	5443	2001	19714	2695	19957	12721	1032	17485	16099	609	18531	456	3133	5977	8918	14655	17638	13321	1103	6741	6182	2628	9814	1958	18628	5536	4168	6934	13323	589	2964	4	4133	13176	1690	4083	760	13042	15622	2367	16548	18500	7	1441	3039	438	14107	1875	6677	11509	19989	2595	4183	8030	2524	16816	11972	13822	9523	12618	1084	9221	4641	20003	18556	7574	19457	6096	746	12270	7877	4482	17176	11032	9179	6316	137	13264	6075	8473	13403	13927	15448	17907	17707	1892	13640	3933
8443	15719	5603	15314	8299	11202	4205	15960	2774	17160	18531	7907	8806	2091	14411	3486	17194	19830	6511	2750	11615	1834	16443	17748	6181	4030	5237	11180	12661	5155	7745	8729	16079	2111	3411	10979	9388	5256	1646	8810	13040	7276	14999	19347	15179	250	18038	6034	16647	16322	9130	1804	1193	19472	16595	12451	1601	1506	7041	411	9432	3362	17975	18531	12154	4520	12273	525	3474	4088	14193	12570	12363	11232	4135	18470	4695	9918	2260	6580	9338	9080	15769	6601	9204	1975	4339	600	9069	15703	15392	1481	12351	8565	20200	18448	12219	3072	11402	14060
895	17516	18766	1350	8004	11518	17266	6541	10651	8186	1381	14745	7925	15774	1462	16105	11229	12739	17469	5439	10113	17288	4737	18778	5952	14544	8356	5932	17193	12232	14276	6161	1497	13881	16270	5897	8964	19745	5298	17100	6276	13883	15288	5829	18159	17260	7586	14504	18752	2657	2525	14287	19534	18320	1121	5399	8468	7098	4935	15052	6153	17758	3177	12568	19171	14231	15517	12342	7842	19519	14912	4544	16341	7481	9242	16965	18397	3604	11264	9113	8004	16343	20166	17497	17824	4764	2829	10001	12783	11918	11055	16366	3357	8398	13538	7667	1037	9305	3255	18097
1730	16352	18313	17401	5613	9907	17231	3786	3080	17744	19373	8089	95	10711	9736	15607	3305	13769	17420	17614	7393	2737	433	7672	9508	11618	14670	3702	18271	16956	3717	5138	3466	4074	15228	16183	3623	17833	8900	10779	11518	14520	13774	8627	6307	18542	10089	2208	6196	16874	538	15178	16823	242	5888	5178	10786	1701	19989	3126	16182	2425	9561	222	12660	9254	17252	1236	6982	16647	16310	5361	15637	11281	15786	20074	1838	4313	7522	13358	6790	13495	8096	16232	7956	8516	4522	8312	6598	9130	6127	3289	16812	11156	9304	19265	15297	7929	7310	19074
7245	10856	7245	1680	1744	17077	7728	12698	10465	18107	2555	10080	17120	12078	6616	17142	6057	15026	616	4048	7250	3720	616	17557	3687	15766	17120	16624	18799	8706	4891	5204	18460	10002	1731	1680	17557	13818	19991	9255	5204	4587	5718	18981	1320	19435	11901	11011	10462	3687	3221	17244	17244	6701	18799	4700	18088	18092	17557	18997	17293	17951	18088	16964	1926	17120	16964	4662	182	14360	15773	5477	3340	7245	2618	1129	11137	18455	18938	7245	18069	3221	1744	7245	18308	10442	4596	15809	15246	5205	17007	19435	15246	16130	13177	17280	18308	15773	182	10298
10080	19435	17951	18455	6616	12698	9377	16104	12840	8855	1680	3064	5477	4596	1129	15731	12840	19378	882	17293	15766	8792	12078	4662	6537	17709	4662	18069	5205	18092	12921	5847	5847	8792	12471	5477	7340	3064	8100	10898	14360	4134	18997	18938	15108	15108	12598	15795	18625	4048	7870	12521	12921	17120	13818	9159	7072	14072	2809	11726	4096	18544	6537	16624	10488	4323	15784	3074	3221	17951	2618	12598	3687	18455	17843	18997	2555	12598	17557	19517	4596	16986	19700	8706	13892	4134	4700	18997	15108	9877	11011	7870	19991	3074	9377	19991	1680	11587	10298	4048
19780	2555	6616	17390	10488	8792	13177	7250	3720	3340	13177	4596	10488	5784	8855	15022	16986	5205	8100	8706	2842	12698	10442	4891	3871	11011	5784	11726	17007	5847	975	17709	6616	19143	15246	3871	18308	13573	5204	1444	13092	3720	6616	14226	1191	17007	17142	10465	4096	4891	3340	9378	19842	15795	17244	1680	8855	17951	19143	17142	6710	17293	8706	11521	10898	7407	6701	11728	10856	9159	11726	10080	5205	14072	12521	8129	11728	5205	4741	12821	7529	4617	17390	18069	9255	11137	10002	12840	19143	1320	18343	18455	14226	2809	975	9377	1731	15701	5205	18997
12521	10389	4096	8792	11560	12840	10442	3720	10488	3202	19700	10488	4134	10462	11011	13177	15731	1731	5847	5477	5784	18625	12471	13563	8706	7407	8129	1444	12471	19435	7407	17843	12821	13818	17709	12565	4134	5205	17120	18088	17269	12698	18938	6701	13892	18290	18107	15026	11011	5486	5205	5785	10488	6646	10389	16104	1444	16104	15773	18460	13092	1191	13818	12698	4096	10898	16986	19991	9877	7072	19700	18290	8100	17390	12821	6057	17557	18088	6057	4741	12565	6646	16986	5486	15491	18455	17951	19378	17142	10442	10442	10898	17120	10080	12078	2555	6710	4596	12698	11521
17007	5205	3064	19517	13092	10616	17142	12521	5847	12921	17077	10462	13573	10898	10856	2555	1168	7245	10462	18088	18088	3202	5847	11901	18088	12168	13818	1926	7250	10389	2842	18092	9378	17390	19143	4048	17142	15491	2819	10442	10462	10080	15795	17843	19435	18343	10002	6646	4891	1191	15795	19143	18460	19435	17120	12921	11560	7870	19842	16986	19435	1129	11011	1336	13177	10442	7407	12648	6710	13563	5205	12821	9255	7728	18290	9877	975	2210	4225	7250	17244	6537	10080	3074	1926	18460	18069	16986	14226	4134	7728	12471	13892	10616	12698	15773	17269	16624	3720	10856
10462	12168	12598	17142	19378	4225	18290	2210	15701	11726	6646	18460	8706	1129	7407	7407	18455	9756	2819	7250	3074	882	5718	14226	10080	14226	10462	2819	2961	5486	12598	15022	11137	12840	3720	18460	11011	4741	15491	14360	10616	16130	18799	10616	12821	17709	3720	19842	7407	11011	5785	2996	18290	15018	11560	11011	15026	8252	18544	8792	19143	19378	19378	5486	10465	1731	17888	10462	17557	18343	3221	17142	10002	12821	11587	12921	1680	15246	18625	9255	13563	8129	18290	9377	18343	2809	9378	5204	18938	3340	7072	5205	10442	10898	3064	15108	2555	1744	1744	17390
11137	12840	15773	8706	5785	7340	4134	19435	10298	6701	19842	2809	17244	7870	18997	17244	4262	12648	1731	15108	3871	19991	3074	3202	15731	17120	10389	15795	1926	16130	11011	4048	10298	11587	4323	1191	5785	10856	882	18544	7870	9159	13177	19378	15773	19195	13862	4617	17709	17280	11726	3202	3064	7529	14226	17269	10002	1191	9159	19991	7407	6616	1336	4225	17280	15809	7870	8252	8583	8583	4262	15731	19435	17709	4225	14226	1168	18981	4323	18343	9255	12821	2961	11901	12565	12698	8792	18799	1731	17557	16130	17557	19378	12168	18981	942	7529	12840	15809	7870
8100	13563	2210	4323	4048	14226	17280	12078	17888	11137	6537	13818	6537	6537	17142	15809	6710	3720	2638	12565	4700	18544	4262	3221	12521	975	16104	2618	15766	18997	14360	13092	13573	11726	15731	5784	9378	15701	4048	13563	18460	18544	10298	18088	11728	17293	15491	6057	4662	975	12078	15795	10080	7072	10465	3687	15795	18343	882	10462	19378	13573	8100	2961	616	10856	2809	17142	4741	12078	9756	9378	11726	1444	7072	2618	13862	3687	5718	15108	3202	5477	17280	10080	12471	1926	7529	7728	12921	17709	17557	17077	4048	1444	19143	10002	18088	11011	4323	10389
18938	17293	1191	8252	4134	2809	13862	5718	10080	182	10898	4617	1926	9255	7250	4587	7340	12078	11560	10616	2809	10298	7728	18107	13862	2618	8706	7250	17843	18069	14072	9255	17843	3871	12168	1320	18092	19700	10080	4891	13177	9378	6646	2996	12078	12565	17888	4662	8100	15026	13818	18544	19435	6057	4048	17120	15108	2819	4134	5847	14226	13092	4225	19842	8855	7250	19435	2996	11521	8855	12698	975	7250	1744	12698	3221	19195	18290	11560	14360	616	3340	18997	10442	1191	4587	616	3202	7728	4741	1731	9159	3074	4096	9877	17888	4323	19143	2555	4741
2555	182	19842	8583	6701	14072	18107	17120	18092	17142	14360	12078	8792	17390	9877	10898	4048	1191	182	4596	15773	16986	13862	10002	3202	17888	17390	4134	8792	11137	1168	4134	17280	2638	16130	15018	10298	18069	10298	9378	18625	1336	17709	13092	15766	2809	14072	11521	1731	11560	8855	18455	6710	10672	7728	10462	8100	7407	11011	15795	5847	13862	17293	1680	12471	18981	17293	16130	18107	12698	1129	17244	19780	6646	8706	17843	18799	6057	14072	10672	18981	17390	1731	4587	17888	3064	3687	2842	17843	9255	3202	19991	17244	19195	8100	19780	3720	18455	18088	5718
13818	3074	1168	2210	3687	7072	10298	3074	942	4741	17007	15795	182	3074	9159	9378	1680	1744	18088	3871	11521	9255	5204	3064	2210	18997	18938	11901	19378	7728	15246	3221	3720	15022	15018	4741	12598	12598	1129	4741	10080	17120	17007	6057	12840	16964	12078	17077	9877	15795	4700	4323	4700	17557	7407	5785	15731	19700	18308	6710	2842	17120	2842	4134	17951	8252	3720	6646	18092	616	15491	4096	10442	10616	13818	19378	2842	10856	18460	882	4048	7407	10462	4134	6537	16130	17142	12168	16104	16964	10298	17888	616	2555	17951	6537	5486	4741	1336	19517
6616	6701	10442	19143	15809	13177	8129	8252	13862	14226	11901	5477	3720	12471	5784	9877	1731	5784	17244	11560	17293	18069	9159	1336	17888	14360	19517	12648	882	8583	17007	4741	15809	18938	19991	15809	10002	15784	2809	18455	2961	15795	15766	6537	15018	4262	10080	8792	19991	15018	19842	13092	2638	11901	942	3340	7728	18088	17951	12921	17951	15491	15731	2842	2819	7245	4891	15018	3871	16986	1926	882	9377	12698	7529	13862	15773	18343	18107	10002	1168	15731	7870	17951	8129	17077	14226	2996	5477	2638	6616	8252	3340	18308	7728	4587	18997	975	13892	4262
1191	15026	7407	15766	19780	2638	19143	11728	17390	2819	15018	5205	12648	16130	11521	19517	13818	7250	3340	12471	616	10002	13573	16986	6701	10298	4096	17142	2809	12821	4262	7870	2819	15795	5718	15026	15773	18981	6646	8583	7529	17709	18544	4617	4891	942	16130	19378	4741	10389	18460	2819	10898	16964	17077	18455	15701	19143	3202	10389	19517	15784	3074	4700	11011	6537	15491	4134	15701	17843	17077	13563	17077	18997	3202	8583	10856	17077	19780	4662	15795	4700	616	11521	9377	2638	2819	18938	12078	15784	17269	4891	12521	18981	18799	3871	11726	18460	8706	13092
12565	9877	11521	3064	11728	11726	19991	15809	5205	8583	1168	15491	12921	19378	15731	4262	19842	17269	10002	10856	18107	5718	16964	8855	18938	4741	18460	9159	6701	13092	10465	12078	7728	1320	10616	7407	10616	10672	1336	4096	4048	10856	11587	5847	1744	19780	19991	9378	12521	5477	8252	18981	19517	12521	12471	4323	10898	18799	7072	4587	10002	2996	10898	8252	14226	14226	7250	15766	6537	13177	17269	3871	2961	18092	8792	16964	13573	5718	13862	1444	19780	12078	13092	4700	4262	8706	4225	8252	2819	17077	3720	6616	12840	11137	10002	4662	12078	17142	3202	882
16964	4741	18938	3202	5784	8100	18088	15731	12078	9159	1731	18799	4741	15018	16986	6646	17888	17390	17888	10298	13092	11521	1336	5486	12698	19780	1336	616	19517	10672	15766	3687	15246	7072	10462	15246	13092	16130	10898	14072	12078	5718	6710	17390	10080	5847	2961	13818	5784	17888	18107	3340	3871	3687	1731	182	14226	19991	10488	16130	6057	10389	4048	1129	18544	18343	12698	1320	5718	3871	975	5204	16130	17077	12471	7728	18290	3720	12168	5718	15022	10856	8706	18343	18455	12565	15731	13818	13892	10672	17293	10856	4741	17007	16986	12840	15766	18997	18799	13177
14072	17951	3202	1744	13563	17142	18343	15246	4617	13892	5785	7728	12565	616	17293	1680	882	12821	7407	19991	3340	12821	975	16964	5486	12821	7407	18981	18938	5205	8252	6701	4700	17709	15022	15491	8706	6646	18455	3074	17007	12471	13563	12821	4096	9159	7407	13892	17244	882	7250	10672	11560	16986	17007	18290	17390	4741	4700	15491	18544	15795	5847	17244	15795	18625	16624	2809	882	8706	13862	17293	4596	14226	1336	5785	17142	2819	6537	2961	2996	10389	1926	19842	12921	7072	10389	7407	16624	4096	15022	8100	2842	10462	12565	19517	4587	5204	10389	15731
4587	975	975	11726	5718	10898	17269	18308	17007	1336	2618	7245	17293	19517	12821	13573	5205	6701	12821	16104	18343	12648	18088	7340	16104	19842	17888	18290	12078	12648	14226	4700	8100	1680	12698	11728	2618	12648	6701	13573	616	3340	12521	16964	4700	8855	18625	7728	16964	10898	18308	12821	16964	17390	19517	6616	5204	12521	1744	3720	882	7529	182	18997	4891	4662	8855	7250	3340	17293	6710	13818	7072	13092	17888	2555	5784	16986	19700	15766	9159	10465	1336	1129	17120	3074	8706	15108	19780	8100	17280	3074	1191	15766	1444	10856	11560	12521	3871	10465
3221	12698	9159	5718	15773	18460	15766	11011	3687	17843	13573	11521	616	16624	8792	6701	15018	13563	4262	1731	1129	17709	10462	11521	15022	19195	16986	7728	7728	16964	182	9756	14226	17557	3340	16986	16986	9377	13862	18938	12921	13573	16986	17244	9159	7728	10465	12840	9255	11521	12698	9255	11521	7340	4587	19700	17244	5784	16624	10616	17269	19517	7250	3340	3871	4891	975	9877	2996	10856	18088	10856	15795	7870	8129	19780	10898	7407	2842	9756	975	18088	6701	19143	4700	7250	5785	19842	7870	11137	14360	17293	11011	7340	7407	11521	15731	11560	12821	16964
5486	6646	17557	1444	17888	18544	882	8855	1320	19780	1336	2819	9756	15246	19378	17293	10002	17557	18799	1744	15784	15784	4662	942	16986	18088	11560	18799	2819	7870	19435	15773	1731	12078	18455	18092	12521	882	12648	1191	17709	5785	16624	17709	15022	18981	17007	3064	13862	2961	15731	18290	19378	12698	15018	4225	18544	5486	3074	18455	12648	4617	11587	19517	975	12521	182	17888	17843	6710	2210	4662	18088	3202	1680	12078	11521	882	5477	16104	12078	19195	19991	5205	17007	2842	19195	17280	18290	7072	5847	10002	975	1129	11137	9877	12168	1731	15795	18625
17280	3871	4741	15701	8855	12168	10488	10898	12648	18290	8583	15018	13563	1731	9756	11587	18107	4096	12168	11521	19991	17120	7250	6537	7340	5847	7529	2996	18625	3074	1444	882	12078	3221	17142	8252	7728	15246	19195	4617	10442	5204	2842	10488	7728	10616	18092	182	10002	12521	10616	15784	18308	17142	7072	9877	2819	19842	12921	4700	17888	1731	9159	17120	17557	15766	15108	18343	5784	4587	882	18069	182	15784	12078	5718	4700	4741	8583	17280	15701	8252	16964	18092	2210	19435	6701	2210	19195	11726	9877	17843	18290	19435	17120	15026	13862	14226	17843	16986
15491	8100	15022	616	19517	6537	4096	5785	15246	10672	15701	1336	5785	5477	13563	7245	4134	18625	7072	18343	8129	11560	8129	7245	17280	9159	4891	4596	15022	8100	17709	5718	3202	18107	17269	18088	3720	18455	13892	12168	12840	14226	9159	17120	15809	11560	975	9756	15701	12168	2555	19517	11901	9377	18938	15784	9378	8792	13892	19143	182	7407	16986	15731	17293	17557	5847	12078	15491	13892	5718	7529	17280	17007	13563	10462	7728	11521	19435	3074	19517	15809	17007	12521	4741	6057	13563	17390	8792	4596	15784	10488	17142	4225	7870	15795	7340	5784	2210	2961
2210	10080	4048	17120	17007	19842	5847	17843	882	18981	16964	19842	6646	6616	15022	18107	7870	10465	19378	9877	4225	4225	6701	12471	8129	17269	7072	17843	18343	4700	5718	19195	3064	7407	10080	19195	4323	17244	14360	10465	18343	12840	19435	10898	15784	14226	7340	4587	2809	3074	17007	4262	15246	18092	4323	1744	616	15701	18107	12565	6646	18343	1731	19991	11560	15108	15809	4262	4587	1680	13892	4048	1744	6537	18981	3871	18544	15018	1926	4596	10856	15701	15246	7340	1744	13892	10672	4262	16986	2819	4225	4225	16964	2618	9756	13092	17709	5477	12078	18981
7340	17244	9756	13563	10080	942	19700	10002	19842	11521	9377	2961	19991	4225	18088	19991	9877	9378	6710	1680	17120	18455	7072	13573	942	18981	4587	9877	4700	1680	18343	10488	17269	9756	4617	2210	15108	182	11011	4225	11587	5847	2809	1444	10616	2996	616	4891	19143	15108	1680	12471	7870	1731	18981	15491	4225	7072	10442	11560	7340	18308	17951	17293	4134	6701	11137	18069	12078	18460	6537	17390	1129	4048	4741	4700	6537	4617	3340	8855	15731	12698	11726	11726	17843	16986	16624	11011	12840	942	4096	16986	12821	19991	15022	8129	1926	10298	6537	12921
1744	11011	616	4096	19143	8252	13818	10672	2809	4323	18938	8252	12821	13177	6646	11560	15491	10002	15108	14072	13563	14226	12598	10898	4617	4662	3720	13892	5847	7072	7250	18997	11011	17007	9756	4225	7245	17843	4741	17888	15766	8792	18308	2809	2555	8100	18455	7250	4587	17843	17244	2210	12648	18308	2842	17843	16624	2618	6057	17269	16130	18455	18308	17951	18069	16130	11726	17557	4323	18997	15108	15246	19991	5486	3720	19991	15491	19517	18455	17142	4262	6616	18343	1320	15108	4323	4662	9378	10442	3720	12565	13818	16986	6057	4662	2819	182	3871	16624	1191
11901	10465	9377	10002	18455	15246	6710	10856	15784	2210	975	18092	4891	12598	4262	2961	4596	942	9877	3074	19517	1444	10080	2996	15018	17244	12698	4048	10080	4891	17888	2996	9756	15766	10442	942	15491	9877	7407	14226	18069	12565	19842	8855	2210	5205	4048	1731	8583	6646	15246	17269	12168	1320	8129	6057	15022	19435	6701	5784	1680	7072	2809	12168	7728	18092	12471	9756	4891	4262	4048	17557	15022	3687	10462	10442	4741	6710	17709	18997	19435	7245	10389	9756	9159	9378	15491	15022	3202	1680	2961	18308	18625	5204	3687	18308	8583	18981	1926	2638
4262	13862	18799	18107	6057	19143	18799	1444	11560	14360	12521	5785	1191	12565	3074	19435	9377	17280	15701	18544	2961	9159	2842	15731	8100	17077	1191	4225	1129	1129	3340	12471	14072	10389	4700	4617	16130	8100	16986	1336	19517	4617	4596	12521	13563	882	18997	17709	7529	14072	1731	15809	13862	11521	9877	12840	182	1168	15108	19378	7870	1680	1680	8129	7250	12698	4323	8855	15108	10080	3720	10002	7870	8129	5486	3720	18069	18799	1168	3871	7870	11728	10672	4262	10442	2618	18455	10462	9877	13892	2210	7250	8792	1680	6701	7407	8792	4700	10002	15026
19991	5718	16624	3221	17951	1731	2842	15773	18107	11901	8855	18455	12471	4323	6701	15108	6616	9159	18290	1129	5486	17951	11587	15108	17269	19435	18997	6646	1320	4096	3202	942	10462	15731	8706	2842	15026	3340	4700	13092	15795	11137	18981	12648	11137	6710	1731	10442	7728	18938	9378	15766	6616	8252	19842	7407	13818	2842	15022	4048	15795	9378	12078	13573	17888	9255	10298	10442	975	2996	4587	8583	18092	18069	18625	15108	16130	4134	18799	12598	4096	9378	1444	7529	11011	2210	17269	3074	17007	18343	19195	5718	3720	17244	12648	12078	4134	4587	9756	18544
17951	19143	18981	9756	2842	2961	7250	19517	17709	13563	4048	7407	2996	2842	13892	4134	15246	4662	7340	2961	11587	4048	2819	15246	10898	3221	4741	882	10442	10465	8129	182	15701	17142	10672	3064	1168	17142	18308	12821	4662	12598	4048	4048	5204	15246	4134	11587	18069	7728	6537	17843	17709	17269	18544	15701	3074	12565	10465	10442	13862	18290	975	4662	15766	15784	12168	17280	15026	6701	19195	11901	3871	11901	19842	4048	2638	18107	16130	12168	7072	882	17557	19700	182	18343	4891	3340	6646	11587	6537	5486	10462	19517	1191	17390	17142	16964	1731	18460
8129	18308	19435	17007	10002	17709	1320	7072	1168	7728	182	4134	13177	2996	4048	18343	182	15773	4096	12168	4587	12078	18069	9255	17709	7340	19842	15766	11521	3871	10389	11521	5205	14226	19378	15773	5718	17280	18343	10080	5718	11901	14072	3871	19378	17142	7870	5847	1168	11587	9756	6701	5486	18290	10898	19780	12821	18455	16130	2555	11137	3720	15701	15795	18460	17390	7728	4596	2961	8100	13177	1320	4741	8855	4596	9378	11560	1680	2996	12648	17120	18069	8129	975	19195	4741	1129	3687	17293	7250	6701	19378	17077	7728	3202	8100	18069	4891	12168	3202
12598	19517	18107	10488	6537	10080	15018	15018	18455	4134	12921	13573	19517	10442	9378	18625	17843	14360	12698	3064	4741	6646	3687	18088	18981	18290	4700	15246	9378	975	19991	10898	4096	6701	1744	19517	4700	3687	7728	15773	18107	9377	9255	17557	18088	13892	15809	18625	18107	16130	3202	10898	18092	4587	17293	12521	15246	4262	13563	19842	18107	12598	10856	2809	11587	11521	19195	9378	19842	17888	19780	12921	13092	15108	3340	17293	17007	6616	10488	19991	15773	10898	9877	2210	18460	2555	9877	14072	10616	975	12598	10462	15108	12821	15795	17007	2210	18069	4048	16130
18343	6710	18343	15108	18799	6710	10465	12648	17120	12521	9255	2210	2809	4700	18455	11728	12565	4225	19842	17888	13818	18290	17557	11011	15784	15795	10298	8583	1744	12521	16624	616	13862	17888	9378	5486	12840	6710	616	3871	13573	4662	11137	3687	3720	4617	5477	15018	4048	1129	15773	1168	6537	2618	9756	10389	13177	942	3871	13892	15766	1336	10080	8583	18799	8706	9377	3202	616	2638	15246	4617	4262	882	12565	14072	15022	975	5785	2555	15766	7870	18544	13563	4891	19195	10488	11587	19378	19517	10389	6701	5205	10672	11521	15809	2638	8792	17142	17843
3064	4048	11587	11560	9756	18107	1168	4323	4134	1680	4225	8855	16986	17120	12168	18799	2996	19991	12078	4741	14360	13177	3871	17888	5785	12921	9377	10898	12921	12078	17843	13892	17557	17269	15491	11587	14072	18799	18799	12921	3221	17244	10389	19780	6710	7250	11728	15491	15773	9877	12598	16624	18625	1680	1336	6701	19517	1926	14072	4225	18938	13563	12648	8100	19517	4700	4596	5785	18088	12471	17557	17888	14360	15731	13892	182	13563	1444	11587	5205	6057	5847	4741	17293	5784	17390	5205	19435	2842	13862	7529	1320	16104	8855	18455	19195	16104	4096	882	9255
10856	11521	6646	14072	1320	4134	18544	11901	3871	2842	11011	14226	7250	12168	5205	10080	4700	12521	3202	13177	19842	18343	1191	12840	15246	13862	5718	12521	17120	6057	18544	15108	2996	19517	2210	16130	15731	12821	3871	13862	17951	3221	18290	1731	18938	18544	3340	17142	6057	5785	17293	7407	3202	4741	10442	4741	14072	2555	1336	4741	6537	11137	4096	7072	3074	3064	10462	17269	17120	12821	7072	11560	10898	18799	15809	12821	7407	17843	10465	15795	17007	18455	4096	5204	4134	15022	5204	7245	19435	4662	18625	5847	16130	975	2618	18290	18625	12821	8792	18343
9377	18544	2618	4134	10672	4891	19780	4617	9378	18308	9756	1168	7245	2618	15701	1320	6701	18938	10465	5718	6057	15809	7407	3720	10488	7870	19143	15022	3871	5477	13177	2961	4262	4225	14226	17293	18455	4587	7870	2819	17244	19195	15246	975	9877	16624	10442	975	6646	18625	17077	19991	18799	17293	4262	13818	19435	16624	12565	17293	2555	18981	5205	1731	11726	942	3871	4891	12598	11901	3064	2996	13862	17843	13862	19700	12598	13862	18069	17888	7245	3871	7728	12078	6701	5205	15026	17120	5204	17244	1129	2961	11728	9877	6616	10488	7245	17557	2996	18107
1926	18290	4262	942	616	19195	1129	12471	14360	4048	17709	12168	17709	8252	4700	18997	2618	1680	15784	4891	9756	13092	4096	3340	1926	8100	18343	1320	5784	7407	1731	8100	182	5204	15809	17120	18938	8129	3074	9756	11560	2555	8792	3202	3340	6701	17390	616	9378	15731	2996	4048	1129	10389	18455	15108	17293	10856	9377	15026	19700	12840	12821	18799	19195	10389	15766	12168	12840	15795	10462	11137	17390	15809	18308	11726	12168	13092	15809	1744	17293	9255	15784	4048	882	19143	7407	11137	18107	11011	15795	17142	10898	4891	13092	882	9378	8583	15491	6537
7728	1320	15108	19780	18625	10298	18069	4741	182	17888	16624	4048	10442	6710	7529	4891	17142	17244	18069	8129	15022	12840	13818	5785	12840	4048	1129	2555	8100	10462	6057	18455	12471	11901	975	10898	6537	10462	15784	18997	1191	18308	4323	10298	5785	13177	6710	18938	17120	13818	10488	8252	8129	18069	11728	2961	13563	15784	17293	11901	12471	6537	18343	17709	11137	10616	11011	1926	5205	10616	1336	11011	18290	19195	12648	17244	10002	3871	13177	18460	6710	8583	3687	8252	3340	15766	10465	1444	3064	4225	1926	11011	4617	18997	5486	9255	12921	11137	18997	4617
7250	5204	10488	4891	17293	12821	3202	18343	19517	12168	19195	8583	5486	8129	18308	12168	5718	15731	19780	17120	10298	16624	4134	12078	2996	4134	19991	15784	17888	10080	8706	5784	3687	3687	13092	13177	18107	7870	15246	7529	9159	2842	9877	19700	18981	12598	17120	15731	4323	3340	19991	4096	5784	19700	18092	11726	2842	17390	15246	1680	942	13818	8855	7728	4700	5204	1320	17077	12821	17390	12821	15766	14072	19842	5205	16986	14072	14360	2555	12698	18938	15026	10442	15491	1731	18981	8855	4587	13573	5486	3340	16130	3221	11587	1320	7245	6537	9159	8583	9159
4048	10616	2842	5204	8706	17269	15108	19991	6710	15491	15022	8100	10389	2638	19435	5785	18981	18308	15795	16624	2555	15246	9377	1744	10616	4596	17269	16964	8855	882	19143	5785	12921	19195	1926	9255	11901	17390	16130	12078	15809	16964	15491	15795	8252	182	18544	12921	182	15784	12648	4891	4225	11726	15731	12565	16104	4048	15809	17120	18460	12821	8252	11011	10442	10080	18981	12565	13862	17269	17244	2210	942	11587	2961	10080	16964	16130	18088	15701	13092	11560	13573	9159	1336	14226	6710	17888	4891	17390	4617	18460	19143	13892	18092	5718	4741	8252	7072	15773
12840	15108	9255	15246	3202	9377	11521	17390	19780	10080	4617	1926	7870	3202	12078	5204	616	9255	7250	12840	19780	6537	10856	17244	9377	13563	16624	18107	10856	7245	3221	2638	18544	19435	5205	8129	1191	4323	10462	1744	10002	942	13862	17077	5718	15022	3202	9877	15731	2819	4134	19195	15018	10080	18290	4134	7340	3064	2961	3064	16624	9377	18544	17142	4741	10465	9159	11011	10442	942	3687	5486	8583	4891	3221	10488	6710	12168	12598	17269	17557	18981	15018	15108	17951	975	14072	13573	19700	17142	8100	1926	10002	3064	10298	17120	11521	7245	18069	17280
4096	19700	15809	975	7072	3340	7245	18938	4741	15108	882	12840	942	15731	1191	942	13092	18290	17951	4662	18290	17077	13892	6701	17293	2555	17077	17077	10389	1731	19780	15246	5204	8855	13177	14360	17244	2996	15731	4048	5784	15784	182	12565	11521	975	17709	1168	16986	19195	18625	15701	7728	3221	11901	15022	15784	10616	14226	16624	11560	13892	3720	4741	1336	12565	15018	19700	3074	9756	6057	4225	18625	1129	2555	15026	942	13177	17269	1336	11728	1731	11587	13092	18938	1744	7072	8706	15018	13573	3871	1444	2618	17951	15246	15018	7728	4662	19842	17709
