19361	9186	15557	14200	8712	7688	9094	4467	2290	13052	1791	2292	15464	4794	16935	7706	5455	12175	12093	9140	15224	2511	18797	7933	6198	15658	9094	6026	19277	16351	1513	8622	18965	2513	3585	7969	8687	18554	11869	16811	90	9794	720	10392	15309	14317	9980	15883	16569	8524	9439	6111	5366	681	3259	16654	14081	12096	17600	15970	747	5258	12622	4071	11966	15081	6857	14947	10476	19008	10492	2444	9599	18830	747	8670	13183	18912	5712	9545	9008	14325	18554	17699	9237	5904	14314	9323	9439	18089	1761	13034	851	2285	16606	16809	15464	3850	10178	16434
12294	9715	12376	16372	12554	15934	13083	17027	1351	16875	19052	16897	1805	12033	3551	6685	8524	9205	4929	11964	12289	489	18965	568	19355	1985	8118	17405	5276	3596	16503	10476	489	15222	9370	12011	6151	12966	1222	17324	6218	20135	12042	4128	10481	17413	17849	4164	13133	2135	11096	15617	16064	13992	17967	1805	2944	2791	17993	8712	2292	8705	2918	18566	8867	2690	12778	8608	672	14222	19779	10005	2015	14854	11864	11099	15681	853	2939	16569	4308	19089	3520	9165	8986	11742	530	4986	13551	17965	2791	13875	15782	4308	7409	1473	2822	5236	4565	2463
7409	10455	9302	6515	17602	5965	19681	551	6610	7786	10021	10863	8905	9053	18410	13133	9162	8524	9186	9778	10153	11080	4216	9910	6226	19681	988	9546	16897	18181	13183	3376	12675	1314	14361	6635	3686	17444	8972	1889	9750	17147	9794	18939	18895	12966	7161	520	6491	9982	6626	844	10290	747	6965	12554	8728	9146	17655	1741	9799	8013	16233	13249	8391	2944	12701	5504	3266	7324	15343	9205	638	7409	17699	1203	5360	259	16905	8687	14436	14657	5576	12011	17857	16809	7024	15325	3725	20145	5315	16394	16180	14472	9970	15970	18252	12640	11367	3446
3282	6604	10446	9647	11134	4922	4216	11719	10346	8873	11386	12886	6626	2348	8622	921	11386	3406	1434	16372	19054	6002	2732	19409	3884	10262	16200	8582	10461	12564	4286	7131	16745	10216	13736	1053	8969	14085	18566	1494	10969	16200	16451	593	14853	2690	10216	12046	8294	16214	2137	4169	18522	6515	15240	3338	4799	9813	14192	4917	18965	18279	853	8492	7688	4929	2690	3658	13034	19849	10005	12248	12554	16654	1889	8033	16139	6503	2076	8039	5994	11420	4512	12856	17849	1053	6173	10461	7871	17797	16714	10404	1451	13034	16654	10973	15251	18788	672	10186
8639	9002	11439	16324	20073	19012	10288	6135	4388	5526	6704	7264	12247	18175	17621	3922	6747	12666	19575	5692	18664	6358	3821	12427	3068	16067	3416	3363	19133	8360	11474	19044	2049	8994	14369	17365	12062	8959	697	12198	11353	10761	8002	4601	8797	9617	2654	8615	9416	170	6697	6297	3568	8469	7251	16673	19851	16467	18236	3177	4311	13380	13291	17629	4823	16590	12496	3961	9659	16871	15834	12568	10774	13700	17260	17736	14419	17570	9559	3771	17391	20176	15489	13554	9627	4163	11987	1290	10956	13649	9548	7515	13806	8390	16774	7175	13040	2149	1408	19640
5790	15958	13950	1598	6877	4444	5237	19807	10561	8351	6260	8255	10224	16649	8034	9562	6846	18450	8863	10559	17259	14284	2232	319	11907	2417	15642	17677	3372	13735	12188	20119	13513	19490	19178	8339	1076	10356	16173	3076	755	3962	6406	11512	4729	1082	19585	13996	19901	19658	7632	14858	12257	6464	2138	5757	267	17622	10947	16898	9581	996	17674	4957	7630	17172	11670	13924	11430	3134	7125	19632	17079	17851	2034	9304	20084	11980	6232	14279	710	8645	15728	19527	16868	15239	12841	10418	15510	12575	16224	18396	5797	8545	2946	6920	12252	19943	11815	823
15181	16889	13947	13316	8239	17377	412	17219	3582	16427	1486	10537	15381	7393	14589	1768	867	14276	10163	7079	912	5523	18171	16963	12223	17541	10967	16933	18362	6262	1349	15885	15088	6697	1770	6782	17246	13304	13325	3464	1359	4067	5018	8019	9119	553	18064	1453	19185	11551	314	9570	15922	4521	7980	18917	5475	3045	485	526	7907	13382	14918	3756	5250	4311	16870	11673	18516	2882	13792	2112	18646	18388	5123	4424	3944	3562	8585	9252	2550	11105	1885	10567	2920	10275	20143	6612	2134	15261	19158	11870	16575	2853	175	16815	19589	8296	4546	18868
7385	14283	3483	12929	4207	1790	11548	11666	14362	1814	18590	17440	3424	3764	1458	5884	12947	19825	6762	12320	11418	4771	13248	6292	18129	11416	15134	10744	1465	1515	12817	3943	11926	2970	16169	11433	7436	8269	6829	17614	17531	5706	13336	9802	16529	5345	1534	3461	12008	17045	5325	11129	12574	13389	9366	18675	12947	19964	10876	12357	13981	1437	17205	1540	13100	15413	3214	14564	17674	9694	2124	6171	7423	6555	11128	14143	7663	18980	19748	4503	14235	17780	11559	15326	13125	11163	9514	11155	7955	13961	56	18432	359	8017	9601	18059	11233	19084	6061	6787
3774	18516	11811	18070	5079	10227	13161	11644	4474	18499	1371	633	13403	7764	8302	6024	9782	16626	4625	11072	9514	9919	18661	15264	9164	15129	16991	4573	18320	12736	9707	10604	18238	5737	467	10065	7159	17915	14593	1396	14632	16500	8195	20188	12888	19646	6488	9178	17881	17894	12802	5776	3702	8068	5984	17052	9511	19911	16310	888	817	1418	14632	9914	18832	14764	6743	16690	13279	13640	1672	18202	17702	2393	14644	15001	6291	17563	20161	10753	2370	3841	19957	3025	14501	12768	6005	4189	10942	15150	1256	5229	1267	2111	15327	12059	14726	19671	5304	10312
1656	950	4898	9193	62	9559	668	2667	12682	17858	9763	1743	12157	15471	13382	836	12793	9211	14470	2269	19241	17714	2984	15866	11199	13753	14974	13582	6467	13152	8691	13122	16527	2735	4261	13841	10929	2528	17456	3546	16603	2041	11673	16730	15946	11361	8535	3697	6321	1738	14418	12851	1204	17970	6815	19265	18612	19028	5109	10942	18517	3295	16463	1084	11533	10684	7267	7391	15179	1738	16676	374	18439	3684	3767	6124	5	12932	20143	7064	13774	14785	13772	5451	5112	3691	14371	1685	17786	11597	6902	12853	3785	18565	723	3135	16785	8471	6289	302
1159	18111	17689	1458	683	18957	4561	13777	18202	952	7565	18848	18186	4704	19911	18147	1969	14536	44	8806	16805	14271	17400	10534	7505	9515	13206	14371	17516	17562	2500	16163	3135	3881	11610	14108	15794	2724	6782	5761	16723	8661	7892	7660	18039	1315	2934	7869	12364	17836	5211	3924	19152	1360	98	15585	16974	4973	6309	10535	6649	18316	9782	18314	3781	320	9270	12426	15540	2477	19086	17552	10367	4915	13913	10592	9443	9747	6756	8514	5933	12087	16270	10308	2590	10887	11689	17801	15609	1877	39	12183	5178	12223	19733	19292	7496	9515	1986	926
16264	10351	15489	3078	15873	16823	12633	11290	8834	9576	141	19943	11403	6981	17757	14240	11735	4581	3335	13897	9203	5420	13971	7296	14420	4585	5280	18785	14307	13524	14988	8959	6769	4030	12837	4160	9510	5769	481	19839	5646	335	14335	6970	9269	15550	15752	13642	7196	3465	13914	9621	11070	17501	19088	8232	17811	13792	19032	15829	14460	7568	5271	14605	11777	136	12925	12473	4972	553	13849	11419	11314	8795	4223	17392	17785	9904	19171	13714	18468	1915	18818	7597	7338	14373	8237	20114	19976	13319	8137	8489	16687	1563	17943	12122	8557	2491	15134	11468
4109	9582	12092	17004	286	11975	8030	7359	2484	5742	5034	1080	4099	4142	12687	15087	700	44	2536	17572	10504	5271	6018	11445	9547	4171	10475	8208	2719	11213	17768	3487	3232	7719	1949	2859	3191	7779	9246	9119	18592	1250	8086	6649	7820	2070	5068	16117	8297	19319	2925	1749	5657	24	639	15611	5610	17239	15202	19702	19410	6258	10735	17784	12633	9559	12571	15212	2706	17872	13778	19274	16472	8198	5787	8268	9254	3591	17681	12833	11048	16145	19268	4287	2252	17983	18643	1126	6374	14027	3702	15503	8291	13210	798	15118	14053	4904	3581	5094
16067	11119	12409	10539	17520	10715	2757	1241	2222	19885	3547	7408	6294	10295	13366	19620	10821	11775	9465	6381	17303	15494	17711	12103	414	14783	14662	1734	17915	7524	12518	16055	1821	19048	6106	7064	17751	537	8896	2045	12483	19905	9201	14135	16716	5699	19370	5065	13495	3543	15714	10400	8621	16982	10588	11574	6487	14185	11390	5087	3882	8881	5783	3754	19377	4381	16655	10952	11397	17345	15732	3405	1949	6301	19300	20133	15401	12879	3311	155	1540	9631	18798	17164	7755	4365	19865	6263	5856	2375	3857	4011	4588	11764	2178	11055	5388	2118	12496	4466
19535	17341	3041	8454	6287	19172	19386	7180	18845	2103	3100	6659	9594	1570	17563	5716	14151	3007	8902	1164	6366	5041	15482	1991	17030	17782	14139	7319	11197	9180	10782	2193	10802	13773	8315	13631	12164	313	6252	19130	2807	5223	7632	9147	17642	13395	2561	13943	11398	11197	17910	7963	15975	13073	12520	9061	13427	19250	15791	7123	10451	8124	16024	3484	6916	9204	15424	15691	2614	2323	18914	16474	16562	18823	19714	7964	11952	13829	811	464	15604	15259	15926	9947	10416	4915	3464	20164	9457	8320	13853	15358	3633	3637	14324	6180	12139	704	9199	8824
2844	11394	3633	2090	10645	10347	19697	15979	16891	16857	16410	20029	11328	9234	9814	15567	1224	11834	16962	11161	1467	1958	13061	10687	19617	18752	15457	608	10885	16494	15588	18248	3262	18387	5680	5595	1270	10785	5373	16780	9274	8330	16729	16637	13716	16874	161	5434	13653	6807	8884	13796	552	9396	14220	13109	1869	5535	18818	17137	13147	14822	14208	684	17334	15709	14133	11559	5209	3070	11662	8335	17950	4806	11615	9517	18995	19114	4144	8381	2858	15264	18457	10561	17434	19623	20098	4772	3250	18727	9214	4499	14633	4833	16059	9520	19434	8709	8324	17020
6923	449	12230	5324	5682	19221	3478	2724	19049	10813	5207	18988	12237	15609	5347	2719	13710	19170	11373	2795	10203	14401	4059	8253	14012	11274	9351	15247	7151	13365	8652	16572	19081	3435	3937	19875	11419	2542	16871	1329	18607	8351	17546	17606	5155	10897	6652	11784	5433	1645	2967	10156	16590	7165	828	14550	17715	38	13403	4818	11689	13213	4480	4088	797	12571	1256	10159	14306	4903	9087	3379	2244	7431	12010	13980	6389	18130	4208	13769	14549	18407	7220	9086	13944	2916	120	19240	1189	933	8742	13463	11533	10070	6105	3235	4084	15494	7238	5233
8935	5993	16458	14770	15616	163	16231	777	14083	16882	19128	9325	3883	13906	5611	16075	6601	15622	17654	10003	4800	15270	3634	10022	7493	4282	11170	17928	18445	4031	18913	8193	4088	7267	5152	12613	12718	11530	18701	6598	19325	9369	1577	6028	10409	9765	972	11285	5420	12853	13314	7080	423	6351	17317	8981	15608	12888	6381	6488	1211	850	14698	17748	11618	9992	19381	19358	15551	9494	4510	18277	3602	3079	11065	8613	5686	14458	13519	8028	1924	1691	16385	13370	5200	6600	18968	11262	18265	6759	20055	3125	16956	15695	7214	9467	19752	12950	6977	14906
2072	8127	3581	8134	1428	17855	2806	9818	15621	3743	16744	12076	17828	3445	15471	10033	16273	15991	18959	11687	18241	13145	11891	8049	10791	17223	18933	13631	18381	582	3172	7141	11320	19872	11090	11274	8738	16721	3818	11003	13616	13559	17689	15265	10853	12401	9933	19443	8360	16919	2986	474	16382	3895	18362	2148	18921	15139	5169	11691	17371	13282	8823	6645	10475	18617	14784	9523	20143	13211	16551	3841	15691	6287	6321	9767	16099	930	3841	7284	3880	1092	16877	6938	15771	12094	12661	3324	19652	5608	20134	9617	15891	7839	20116	11780	5884	2532	13222	271
18785	13417	8810	1691	8914	12668	3104	8296	16325	13358	6647	3629	19364	8771	12674	3616	2367	910	14208	2053	4773	18778	7783	12946	17638	20026	2846	5694	17992	14802	15673	6235	13888	11986	4117	9307	14166	9999	4684	19162	18940	9486	5349	1597	19376	17599	5768	9340	9288	8916	19642	19653	5695	6958	12297	3649	332	6971	9934	9442	19153	13244	14719	8119	1610	13758	11186	5882	12580	16345	1918	650	9837	12673	8702	13936	17420	17402	17920	18074	12665	12477	19230	10686	17099	11974	7393	13569	4946	19048	13536	16584	18040	7187	5018	9967	2077	355	4418	5443
18382	18898	17058	1786	17	2108	5686	17267	4190	9211	12936	17169	9959	8932	18449	4485	15673	8207	1499	12359	15866	19394	19083	2232	12435	19357	12053	11891	15684	282	10554	1291	8453	7837	1072	7299	19335	14665	2558	15807	3288	12204	5714	18916	16583	15592	13170	527	2591	14666	6653	5828	10917	12520	6629	11956	11686	10558	18620	16386	5840	12008	1087	281	158	17173	12182	1719	14326	8858	7107	3530	258	12145	17721	19162	16470	19742	8722	15787	734	11626	6463	11293	9467	15842	6541	12230	17253	9233	14087	8407	14556	17	13806	10381	3039	5214	17711	9123
16688	19399	19507	13856	14909	15807	13534	2767	12470	15088	8278	3875	12746	14461	13973	16732	15301	7893	8551	5417	10087	16366	8266	14752	15996	9319	13227	5872	7928	2739	9947	17553	16608	1678	698	11285	8980	3836	2354	14090	5067	19068	7570	16292	15312	6969	20050	8788	8128	11245	15916	9575	7696	539	19554	984	18222	5638	10652	3758	4732	6939	9017	9516	941	19871	10451	4570	10312	4982	14622	11041	6009	3193	16643	13592	8621	15787	11944	17599	4868	15822	12059	5540	11468	13881	1915	7893	7611	18667	11314	908	895	12647	13030	2650	8089	332	4719	12402
5802	3792	9510	19862	5960	19367	17	11950	14580	16020	2960	19457	2332	17943	10304	19520	7538	14617	1356	2850	2876	6927	19716	13775	1459	14642	15919	10131	4316	5065	19205	11483	11410	5166	11279	19684	16489	5900	20060	11138	10177	10507	372	7255	9423	14816	14979	11436	9834	2111	15459	17855	13362	19622	12411	12522	16408	10810	5065	7973	19592	2070	11090	4075	19065	18315	8124	18309	9568	4643	1353	3506	16941	16013	9772	2229	265	12660	19251	1421	12455	19554	7555	17737	19162	14721	4619	19218	683	7686	19093	19705	12741	14579	8819	3761	4966	11410	8995	3421
3482	19611	16962	8130	4530	19529	2379	12871	16178	16362	15563	2945	5245	5967	4147	6295	12425	2500	9875	3290	6234	19290	10156	11604	15980	10042	15416	4501	11138	15750	4647	6639	11800	8642	15025	5158	17217	11833	15823	15129	11162	10008	6064	16667	8408	17408	14182	6288	16142	15409	5503	16086	15479	14271	11979	17174	17634	15479	191	5442	4987	10361	15914	18584	1295	1598	17426	4059	4742	18199	16375	18680	2301	16565	14309	41	6544	17354	1913	6382	13176	8471	20162	7196	1557	4060	2924	15160	10539	10308	9279	16489	15305	2861	20101	16431	17909	19720	12747	12845
18248	4370	15112	3177	1946	4723	12694	9772	11197	11487	15804	11530	5638	7298	20107	17853	19592	8132	5371	7611	17435	8918	15471	16374	3525	9603	1861	9664	11115	10141	594	5011	8907	10065	1327	5583	17045	13792	17451	19006	4870	12498	5328	19617	1400	15008	5197	4427	8225	12637	15700	17290	3617	11512	837	3055	6415	8544	2571	13864	15237	17906	7236	14628	16239	5211	6278	15675	1116	161	1973	4287	20000	7307	19955	14674	17144	16187	17554	19387	801	19127	13642	18201	273	19689	14672	1585	9018	11181	16589	15836	6594	16605	19472	1952	12836	10000	4086	4111
7406	4274	2064	1687	9932	14552	19010	5610	15205	387	18486	14079	20076	20050	19710	15449	5764	18173	2270	18104	17926	18357	1615	11988	17169	1436	14749	11117	1768	10256	11248	11189	15759	14392	7384	19632	14315	890	11816	14287	19177	2459	8737	10441	15277	5300	4574	9722	13432	1039	16962	16597	4422	16551	14695	2087	1025	10022	1452	6613	6224	19241	3215	12278	7483	7873	17014	17604	19852	8016	2951	11857	17868	11704	1557	11707	4388	3255	13914	4982	7178	19552	18901	8588	819	18860	11952	12030	3285	1994	7795	10502	788	8598	5612	8476	716	10273	16679	13575
14568	3822	19853	12146	14812	10665	19582	19301	8250	9473	17297	12074	11650	4407	10932	15032	13202	14154	19589	14685	8018	6463	7547	17520	1127	582	18390	5584	1405	2608	7374	11913	2075	3237	6819	14961	9508	5637	19653	4303	18854	5854	3187	7507	17929	12591	8592	4751	6468	16589	14667	20191	14933	16299	9564	18871	17561	19221	2196	7667	417	5805	7162	13013	2527	10636	15320	14885	9639	3295	12452	6990	10910	12984	5770	8836	17046	14420	5886	17793	1746	1058	13262	16282	11280	8310	4541	13855	17529	11777	7484	19151	6816	1578	18908	10411	20176	19410	14721	16284
6975	17695	8403	5834	8185	645	2988	4681	8214	10107	11917	6211	15221	13958	6037	13132	13950	6632	15811	17108	20009	6180	10278	14326	14469	15901	2751	3518	12688	10922	8008	7515	2767	16270	11365	16366	308	2335	667	9486	17620	14031	17094	3604	7671	2565	11512	1528	7206	15354	10733	7294	4737	2946	17437	14513	12174	9412	359	9517	10109	11851	8357	19566	14023	17579	1048	7729	16359	17949	16474	5525	1281	7628	19536	10428	7353	20024	650	9434	8889	4321	8478	12325	5307	16869	18339	5564	14905	1340	943	6708	10569	1386	10932	5516	5368	18498	19184	17464
339	9333	18309	13744	8911	16858	16672	1417	16958	1621	2920	10464	15371	3816	8588	933	14428	9952	7239	14276	17554	19690	15749	2382	4123	10726	12990	7472	14755	202	5831	17608	20084	15034	5355	8249	6038	15583	16574	4489	8285	11054	9135	12257	10803	9860	6769	930	1282	244	1907	18604	13260	12424	1877	10827	2408	10806	18929	17618	3304	8613	6921	8008	141	13649	11615	2020	3267	10167	6937	11273	17064	13242	1042	13771	13661	12182	14394	18818	18322	5805	8141	18299	5938	1809	19049	15132	1359	20042	18574	15680	8894	19472	1800	19230	223	4151	14496	9708
16604	8162	20050	512	13084	8713	9902	3204	19461	644	3926	20192	17319	3240	17159	13765	20067	15902	6990	16614	4751	14064	961	9562	10047	373	12146	124	11431	2854	7531	12988	10454	776	5960	7508	7152	10929	18614	3135	1738	15216	10901	8058	15118	12318	11185	3312	10253	13185	6672	9005	8296	7722	12396	1834	12534	7402	4291	3036	19941	10716	849	5732	6653	13846	15581	17554	15628	10454	7664	1465	5125	17683	18633	4087	7473	16193	1831	9602	12077	3979	7633	11416	15944	10580	18388	7	12738	5804	5248	2659	18158	7296	16478	19150	3351	4836	12129	4546
16752	684	12122	20137	2826	11703	2565	10984	3809	18074	2870	6404	6514	1125	7756	2159	17469	6906	15945	9697	12070	12004	14654	2831	8550	99	17252	6284	10700	2346	6614	15980	14550	2111	841	4374	5929	9709	5067	2327	14749	1499	7924	3072	2157	2069	2475	4702	9374	452	16027	11770	4016	16920	683	17151	9880	9189	296	10610	14893	8569	316	14758	3496	642	13472	16431	8685	9624	2978	14196	18130	11144	11576	19239	3043	5830	10567	3137	7753	6952	6887	20098	10809	17782	2223	5525	6941	15119	17590	17440	4447	6353	16941	13674	953	12270	4424	1412
13622	20102	15677	5658	11049	6209	9860	2695	16102	7007	3007	1292	6677	9570	10924	17016	3430	16828	8171	9950	19357	12409	4142	4063	1796	1152	124	3564	11704	15597	14324	505	10137	1564	19025	19903	127	6946	2021	2495	13214	20050	3005	14276	15988	9157	41	19019	18556	15480	13001	4264	9050	11168	10603	4336	5938	505	12951	9562	10048	1921	15685	19887	8196	2067	13782	4505	12449	8360	17180	7734	2405	509	564	1892	18770	19386	1751	8910	2748	1141	16933	2075	11231	5164	18037	2787	6833	4655	14707	17169	17180	13673	8798	370	3779	5330	11251	9526
2662	15265	8010	6855	1752	10589	5431	5450	3290	1542	10772	2821	1027	9139	19800	1405	18158	16127	7175	6304	17380	16958	7403	3830	5580	7806	3571	6181	4850	3878	2718	5329	14041	7846	12660	20072	18447	12637	19306	5964	19574	8761	4920	5463	4465	5061	2164	19220	9846	6745	15405	7256	2458	9135	2266	2650	5726	6647	2266	15901	15354	8596	17315	12736	9779	4021	13389	5388	3322	7017	8720	19429	2808	8151	5737	7323	8516	13958	13110	13617	2050	4442	3156	3820	17143	14632	16812	14672	5511	8016	7221	14518	7612	6744	14978	18867	13614	12977	1540	1545
7018	2899	18881	4099	11539	9192	625	2011	19110	15520	13047	4219	10034	5114	15990	13460	10798	12190	3072	6449	13284	1733	4329	16238	15710	11358	7247	13354	8473	19598	1842	19927	9017	2369	5250	279	20108	5336	1147	10652	7584	10635	12575	8421	7637	12051	18825	15237	3866	10785	12119	17533	18333	16442	17847	8087	11987	11190	4168	448	11784	19988	3249	3264	4171	2674	8965	10777	10696	2857	1790	344	6932	10615	9172	3946	18344	3924	4202	7935	2855	13901	1994	4379	3866	6745	14910	6197	1111	13679	9006	9328	11336	2347	1888	13138	16593	15746	4402	7184
7702	2040	9390	13984	926	13515	16037	11741	10429	1864	4989	17911	10113	867	19762	12937	13275	3366	11061	6736	14311	1283	8573	2079	1641	4750	13453	13513	14619	12968	14287	4718	19306	18739	5200	1561	18162	7237	8453	8984	8999	9558	11095	13235	9865	12119	4442	8704	13023	12739	5481	1526	6545	2693	17821	4016	6736	2537	8209	14299	8530	14588	9087	8892	16783	18972	2540	11906	7332	7265	8218	9436	11218	134	18730	8069	16201	16835	9027	8173	19177	4017	19901	6671	18858	5912	4680	18361	3793	661	16939	19211	5011	2291	4111	8043	7625	6036	13595	8433
11349	424	7332	2343	11329	17	15899	8194	17606	7142	10584	6672	17641	8188	13598	6423	3706	894	11520	19003	19387	6925	14289	2354	1492	19380	15423	9453	11435	5349	12119	4191	17204	15165	5424	18702	8123	9333	9763	7251	14191	19132	19600	4882	3869	2208	9200	2730	6933	7581	16463	14099	17702	19603	14611	7730	18322	10545	16914	9299	14794	2081	17317	6970	15448	20039	16626	17064	19900	99	20152	7203	9731	10011	7916	61	16516	15507	14552	18861	12280	13621	901	3908	18427	16356	4961	17746	17430	4554	15266	8292	7708	11113	9701	2617	16071	17336	6348	14588
16048	10632	3657	2998	17656	9050	730	9635	17305	12758	4493	18002	3362	8071	3229	2465	3144	15862	4500	16891	17673	4217	17564	19503	5699	2206	14027	19927	14168	13981	7319	7678	1147	15038	18796	18661	1466	8206	16607	17569	9135	16080	8012	1454	15165	10329	552	16965	7985	8471	3068	8953	10016	9629	3883	4396	4850	12074	2693	16295	19706	13605	7427	1194	2783	19749	16999	8987	8055	2924	1503	11850	16429	4742	16026	19280	14762	16858	10429	12836	10549	19276	13664	13366	16467	1438	15162	576	16484	5838	18980	6228	15111	6307	11785	14601	3482	11412	2885	16198
3272	10584	12514	11466	12536	10366	16583	1799	6869	9896	5323	8794	17930	3993	4603	6113	13287	9951	9407	18980	8312	16321	12324	14846	18783	17862	3341	15262	12697	1271	8560	9858	17683	4479	16583	19712	4570	11965	1329	3388	13204	19730	5487	17719	4027	10643	15148	15178	19147	12729	8141	12057	15854	2106	15261	506	11394	11003	14993	4083	982	15709	12933	13027	322	1005	9005	1649	4301	7180	13771	20114	15133	9266	7854	11921	19706	18059	14574	9627	16531	4968	16426	8720	4027	15102	18536	20044	19883	5387	3204	14812	16457	20143	3374	16152	15400	1055	905	6128
7157	17687	3172	11656	18036	11395	19752	3808	7705	4590	15647	5100	1888	4725	154	6716	16216	8010	6454	4493	13495	12962	10995	5383	1195	9474	18006	12420	2020	7415	13191	19941	16122	19114	3198	12523	19535	5813	11481	16703	5024	18285	14516	7927	15065	12210	8911	10652	4322	18360	12163	2655	12021	8198	8217	9201	7675	4776	2851	13063	2398	18679	18741	5550	7836	15913	3495	7568	18524	11230	9000	2301	16367	3226	5963	18581	19109	12859	16183	13144	13114	15136	16731	7665	13468	3623	8166	2111	20190	4343	16647	19368	4793	8015	14151	10618	11663	16243	1169	7019
425	13088	19431	2024	17078	19934	199	313	1948	317	19179	10952	17178	7365	6544	19508	9099	18528	1589	12052	13225	3487	1407	6481	15005	15192	19638	7091	4916	1491	9686	8890	1957	6998	4739	15566	2212	9526	13476	5858	4625	4344	6471	14966	15566	12473	7438	8069	1319	15340	6708	1110	14573	7522	3674	728	5261	19232	5516	4766	9442	17250	18449	12841	9310	16195	1687	3506	19257	18338	1266	18129	14896	8008	15496	17883	9176	4800	493	7145	12254	17877	8862	9416	8504	9018	18810	14960	314	1430	12929	14319	17301	12059	13022	15471	5470	11306	3851	19484
12247	5296	997	12467	12629	17266	9002	4026	590	15854	20013	8180	13723	17254	10586	11753	13540	5795	9431	1913	12225	4143	3977	9616	12341	6326	4360	7	9139	14512	18222	448	17092	16440	11938	17675	14249	4163	15677	3685	13008	2537	12010	18469	17201	10147	858	5792	12062	9108	75	19067	13623	4300	1288	5049	4792	2128	6638	4539	10233	728	236	19912	15530	1099	12015	4028	4108	14726	12757	9511	4032	5085	14429	4063	18573	14366	8809	591	11117	14594	5189	10872	222	8132	9006	20091	8750	6394	4173	8324	1543	7099	16306	13968	17148	2159	5771	15043
14840	12240	3805	10968	4564	5457	12021	19843	13058	19174	9592	17239	3977	16402	17376	86	18185	9502	15710	4230	9450	18390	5410	7138	9763	13088	1617	8065	15273	8851	19497	8690	18192	3904	9509	18781	8038	12960	2802	13508	19832	8899	6576	19536	6203	3078	10556	6572	16710	14213	19995	4457	2376	1159	11229	14673	11794	2626	12664	186	10459	11542	10221	19581	327	7967	15897	18366	3160	10332	2349	18638	17695	11084	2270	19301	5141	7515	1893	18037	10584	12590	641	10915	838	3203	12262	12151	15116	13397	19861	4806	3384	1436	4855	16788	9354	13008	5164	10645
4136	6896	4607	15743	6166	4737	11919	13123	3145	15794	2677	5298	5852	19613	7988	224	14856	15475	1081	7633	3424	15312	7307	12892	14593	6164	14608	16806	14463	17156	4769	12288	14013	12847	7402	19759	19726	2596	6948	19126	5398	10353	9707	13853	7765	1031	4158	2838	14470	16092	19496	9059	1901	7724	4199	6677	4240	658	2783	18889	15109	941	17675	16088	2911	16610	18387	12468	11468	15608	10019	4948	9415	5363	2892	2984	15988	3134	13405	3496	13078	13224	2703	16835	7622	10052	16151	1645	9157	19757	19453	19443	2834	6807	6116	9710	85	19976	13311	3181
6094	11288	11369	11749	12922	14591	12786	16789	20077	5551	11163	5323	6379	8635	7214	18100	13797	4075	9581	1134	15216	15563	13732	15258	7978	12660	1007	3480	9556	5938	19318	70	311	18558	6659	20116	12392	15787	19606	17246	12869	19481	6750	10395	12925	791	6733	2362	8879	11961	3441	12396	4879	10600	16810	9107	2194	19139	16755	3726	5953	3580	12581	12938	13747	3464	16760	13685	19697	7179	2451	10783	2613	17847	4999	4704	19979	9207	403	13055	406	3859	12534	19887	18854	1316	14578	12262	19401	12647	1031	17555	18500	14718	11275	18657	3095	13042	2715	11628
10260	19084	13918	17386	15947	2092	1607	3633	10444	816	3562	14504	9628	6452	19452	125	19943	19660	3713	14980	3334	8627	18439	14866	4332	6374	13476	14542	1012	9886	4812	9648	14918	5526	8748	13638	17228	16408	8474	14256	19901	6612	4918	15456	10964	10003	12860	17371	14494	16912	13424	10444	14820	14870	4369	14352	5696	11877	4549	20067	10187	3337	2565	13146	8967	13032	12790	10385	5379	6271	3582	3460	5623	10538	7355	11792	11906	13903	9965	12944	14647	8189	15945	12328	10512	9677	19598	17297	18617	7499	10008	2042	4593	5711	13853	13744	2196	4822	6982	4873
3146	3912	13348	11202	16322	7144	8096	7318	15710	5222	11892	10452	5771	19729	18960	14165	13004	17138	4056	17430	9940	1121	18114	18728	9605	4501	12051	3709	6819	319	47	8565	15659	15903	9683	10007	13605	43	3254	3255	9539	7347	9631	13041	16346	15481	16449	14640	15790	14938	2325	16052	4902	10528	14056	16169	20156	9523	4306	16858	16467	11105	16079	15832	14428	8641	6539	17257	6047	12311	13968	8554	10247	12974	14680	4386	20125	6474	14506	1183	14003	2630	11249	9544	4649	12857	11787	17128	13782	11370	13438	7752	19478	13744	18765	5768	19324	19769	19564	18838
11924	1206	13400	12117	6323	17656	13025	2234	12253	7690	6927	6311	1607	862	16206	19541	5069	13267	10611	2064	5942	9608	14989	7249	7290	6977	3935	15520	17783	19255	18511	600	38	4702	11400	3273	1368	17415	14151	2046	4520	15581	3787	12447	19922	6878	324	13333	8104	20050	4898	9189	7150	697	20023	4339	10540	18377	2116	9831	7465	7628	9168	6102	17783	18324	12057	861	9472	14713	1669	9233	17895	4486	15798	11988	3352	2483	1213	4314	4152	10746	8494	8707	13398	9962	19717	15131	10759	9415	14869	15685	7630	7000	10562	9273	13166	538	13587	116
3425	8716	8340	15085	15070	20054	14688	8871	6425	17053	4980	17859	10230	19220	686	14288	7336	3899	9515	7249	15317	18163	11860	2082	13770	534	3047	15169	11795	12699	1065	10671	6058	14196	10590	16903	18505	5694	19265	6689	19466	6050	3393	3541	18824	5057	5317	15389	8141	1407	19744	16167	390	1799	10954	14061	4746	13276	166	13969	6722	3743	8081	1803	4312	19717	9652	16797	11145	6128	10699	7723	12275	18961	8859	11465	9513	1387	4209	5019	4778	5587	313	9405	18980	5733	15504	2773	3562	16108	10170	19174	2049	18074	16343	5557	12929	18716	17404	3131
3965	18948	202	12060	16187	18102	18422	6572	7264	13578	10922	15682	1132	18228	144	10296	1430	4396	5481	4459	17016	7949	18607	8208	5569	4496	12467	5946	10463	7164	11530	17821	19292	5385	4938	19529	17760	9504	236	10843	7649	18160	10000	6844	17754	14054	406	9802	4091	3784	12944	17935	10100	8419	14302	1419	3824	13550	6539	7798	1309	7452	19456	19532	8707	6184	4233	13115	19437	13236	10183	17440	13267	10765	1466	18536	11213	8810	17227	11725	274	12606	3304	3188	1414	5856	19995	3649	5371	10463	9184	2735	16598	19123	6686	4073	15923	2244	13852	8862
16716	19586	8271	19211	4243	17336	2592	17727	8930	7290	17785	18097	7854	14041	15976	3507	12712	15482	8722	5476	4499	741	5798	8357	18038	6054	1459	4530	13912	10923	9901	1878	8570	363	15416	1318	10991	10734	19872	17079	10099	10567	15119	6536	19074	19023	2745	7555	8968	4193	14515	6415	7930	14681	14680	1424	12326	5147	1319	12359	5577	18720	8073	19744	9881	7505	6802	13161	7638	506	871	10086	12313	16221	13294	6991	2594	13103	1347	1083	3430	13601	923	4719	9621	11093	6936	12076	19169	18946	13976	5699	16366	8311	16903	17450	8503	18831	3791	374
11112	17614	13513	13772	4384	6764	11048	6263	7747	4742	9465	4692	14862	16896	10159	5216	10112	12271	19380	12074	4739	3652	9895	5089	11551	1687	3193	20172	14701	6751	17404	15421	14751	9743	14795	5066	16322	19907	17370	3803	6228	677	5991	11944	17430	16128	6274	18979	6241	17910	1773	17451	15743	19329	15168	5530	1948	1267	8481	16623	16878	13482	13484	7546	17927	2042	3533	12514	16459	11481	11899	15279	7963	3448	19193	5946	5454	13822	18640	3042	1421	4119	3025	13103	19148	13265	8345	620	18090	19761	19736	8390	12366	10119	6466	11923	175	2107	3906	1564
5913	12590	2745	10781	10967	3765	59	9081	12534	7436	14870	261	17389	6836	10582	10001	12054	7213	19338	935	3324	8523	18729	6772	8683	6046	1803	9445	18336	6197	8402	7885	4109	18586	4949	9618	19603	1549	4146	1365	13392	15988	9294	15847	7120	12031	3847	12049	9432	8531	1441	10187	13734	1798	16028	1251	3351	12535	11637	191	2687	6301	10205	5433	10409	7976	2028	19070	3689	6641	433	15487	6902	8137	1958	3994	16047	11445	388	19369	1542	5592	8305	19705	1416	11522	2247	8956	10859	136	16853	8785	1390	10237	17599	14934	17344	16472	14041	5897
12608	8545	16254	7354	11173	16633	9429	15724	14979	12106	6821	4983	7079	10097	7446	16020	2582	8138	4903	8835	8154	15166	6614	19602	1915	10503	18477	12688	19458	6448	12644	9443	3777	6649	19853	3349	15882	13438	4635	10047	6337	257	12913	1692	1183	4694	12237	9236	15839	5868	6518	873	3722	16946	18134	12332	6121	1375	3713	9394	14381	17853	13532	12504	3271	14935	3260	16649	8834	17272	16007	14265	17586	14572	9973	3441	10540	8440	5045	3913	14779	13598	5310	6285	17564	4121	6957	2006	3977	424	5462	8953	4948	11052	14108	4988	16265	12215	6586	18054
7228	2320	12694	9820	5685	12801	2195	9677	2970	5627	6366	6835	19172	12838	13924	1988	7621	9925	17940	13716	19859	1811	11095	14726	708	12946	12295	19622	11394	9328	12914	4916	15695	11533	7902	1201	5677	5384	11052	13644	6457	187	17907	3324	13711	3298	5930	514	8269	1340	14411	2058	11870	717	13438	10275	11301	64	15311	9719	13050	1415	14513	18147	13998	3134	200	10725	14518	15014	6047	1432	13561	14206	16871	2190	1290	802	4014	14632	8208	355	10765	19151	14578	2934	16145	7308	777	11775	18800	5828	7341	19969	6703	711	9131	5584	194	2020
9360	12900	710	15608	16912	8483	14496	10748	19699	5544	9107	4711	6363	8983	4486	15768	14082	8995	16919	9157	17433	18447	15929	9340	19368	11389	3420	5327	2723	7893	16282	13702	5354	13557	9900	19858	8002	4396	19250	7809	6854	15815	18121	577	2778	4386	4296	8127	9544	19602	12641	19012	8295	3087	5783	531	14525	11274	10639	9273	17467	17935	20172	18475	16732	11764	9314	5528	8284	17954	14536	11387	8285	849	18162	5961	6531	5041	18318	2124	13805	3724	2241	18154	6289	6725	2138	15581	8036	10329	17076	19539	19926	14695	15166	12871	12610	9766	321	18683
11173	10740	2776	13809	17989	3683	13385	1018	6181	20100	17255	15175	4348	2089	12058	17094	8217	17389	13713	3749	13380	6454	1568	12026	18962	16325	7343	4369	14558	19844	17334	16614	12209	5782	3855	481	13365	5600	15876	19797	13971	15752	2026	4517	3776	1261	14336	3373	361	15052	666	3524	1431	10441	4444	2767	4233	18129	3910	5451	13745	3841	9296	15078	7373	13267	10584	3799	7320	19873	15329	1691	15169	7318	17660	18802	4885	11397	11414	13891	10169	12311	9752	5363	7696	6007	4925	13413	8598	11281	5719	1877	4733	5123	8691	19059	11324	9562	14424	5127
13097	1243	8350	5091	3767	9735	18478	14101	11925	13792	4785	12716	3760	5650	13405	6783	16356	4427	2194	4924	5244	10177	15184	6600	14315	2807	18052	11504	16112	2271	5512	5209	17165	15758	7585	19386	19992	3456	3833	5977	19804	1900	12069	9820	6914	16362	16715	18359	1517	9499	12069	16776	3986	15797	19478	5941	14738	7150	17322	13850	1389	16279	9850	14101	16574	5380	11277	12321	10231	18995	19876	11929	5840	17030	114	197	12861	13524	9077	10596	12473	11177	13380	18933	5414	9925	20042	1122	4296	7735	3001	13713	4300	16426	2925	10827	7861	7778	16109	14655
13209	4845	2103	5963	4011	14363	801	16145	5555	2894	14363	11133	19533	13032	10096	11275	1882	19743	6276	3283	12514	19505	16744	5901	10324	7270	11795	2661	135	10829	7671	7758	4784	6326	15503	15031	17039	861	14682	17736	10167	16841	4746	2128	5342	9204	13460	11670	16118	10076	6669	13093	18248	7918	1267	12847	7387	4099	3827	12684	20027	266	10296	2045	974	15574	7268	19542	10805	7239	2960	13436	7668	17035	12384	18632	12377	11316	6326	7111	4228	4138	12814	13795	15093	9095	14250	17870	4102	8352	13930	5437	13291	3651	15740	13883	10229	5136	16695	9997
8474	11360	6414	9103	12829	419	16411	17281	16575	15141	5706	18316	3079	12138	10791	9912	712	19820	18432	17941	12782	9290	12641	751	18740	17814	17432	14579	15609	14991	19047	10512	3750	11003	4374	13220	19278	7778	11686	20114	18825	14964	19240	17350	11318	12913	2641	1025	3754	1065	17949	4921	13957	6731	18953	15162	13673	12633	6819	17031	10325	19808	1368	13192	8617	19784	14550	14568	1352	318	9653	15780	1405	5373	9562	8447	5770	17261	8500	9418	6065	430	20114	15502	13228	11218	9896	18995	14666	7141	3318	18739	15112	16380	18158	10979	14532	14186	1854	14368
18188	14049	2730	15082	11770	11625	2496	14906	3771	5086	10483	8513	14019	16380	19232	9367	4539	5172	10785	12690	11677	8987	14381	5319	17227	8339	2719	4974	4719	1857	17360	18283	3247	2253	15830	5478	18272	8879	6031	19044	11957	13361	348	10460	15039	12163	9751	19843	9738	19721	8517	13193	7386	2515	873	13841	890	11581	18039	7329	17475	2332	13103	3044	5305	16172	10713	3777	6850	1577	15023	17486	16363	1241	1295	5265	7179	12497	10791	13008	9708	16382	11231	15660	16837	6704	16851	10157	6933	7492	1558	1821	16882	19187	16747	14615	18002	11270	11609	198
10740	14312	7259	3629	7304	18992	17266	17927	20017	15919	14791	7607	9793	2134	17338	4561	9903	945	16055	17640	4034	9125	13828	10293	10473	15116	3096	14019	2254	2441	12780	14079	12101	6000	1264	8101	13291	18321	2382	361	3425	13546	16226	6550	1187	18232	13495	3180	3548	2387	17355	12005	6415	2369	9494	11327	4348	3047	12429	13070	3339	10611	15840	4135	3217	13561	4586	11072	15000	5543	5292	4792	3922	6517	494	19876	10177	16644	6990	11763	11127	14319	5017	3558	16755	15349	9364	56	8296	11921	460	9605	14007	19367	198	5805	8008	19785	2086	20005
3427	19567	4276	10859	9630	16097	8662	7266	1523	5089	9135	7861	19861	1953	13236	12451	9837	9450	8709	10450	4782	6144	12444	13673	2677	3593	10381	2193	16461	17786	7597	14451	10810	15093	19338	8146	8365	174	15327	11987	13005	15515	6833	16449	4535	7608	18913	18104	15779	2843	15301	855	10873	19209	5581	9330	4552	4448	4014	12072	10604	13132	15014	6586	18986	10463	7308	4886	1402	7663	8262	3176	17019	12729	14749	10713	19278	318	1694	3935	3035	13375	6568	10809	7945	14640	2702	20142	10673	7020	16402	9306	1437	8403	12545	15980	5345	10557	2864	8725
262	13073	11351	12804	11405	2955	11665	16305	8917	9504	18871	5773	12621	7992	5764	11703	1828	18235	12056	14189	14045	5182	10141	2361	6263	2040	12822	19888	11933	18097	8959	8281	2795	18953	935	2221	2385	11989	9835	12793	10564	7703	9465	7952	7629	6285	15650	18667	2853	13935	4572	6563	11433	9754	8890	6235	17052	8189	1952	4767	2014	17546	18739	14369	10779	6594	7608	6471	1573	17927	11135	16575	7544	370	15786	10919	18633	375	13969	8773	2877	10443	1645	7338	2661	5802	9197	2417	4166	4783	6991	3905	12324	3352	4684	13589	655	2871	4855	17458
16342	15487	19170	5680	2366	16729	2970	7478	9494	6331	10013	2749	4680	1110	5027	9240	458	1250	16457	6209	9074	10089	12736	8639	10964	17078	452	5418	5418	13929	18249	3651	6102	1300	2602	6755	4641	12333	9536	2035	12512	14764	18645	11850	11522	3529	17622	19452	19507	13482	15273	3684	2245	20086	10882	16461	1297	9442	10980	8187	1888	10206	4339	11694	7710	14721	8427	18848	15563	13543	13999	123	8449	14861	9694	2116	10581	12735	1481	2614	4903	8552	7328	7764	6206	9442	4979	11387	4005	12871	2034	9354	504	9218	8012	6783	7910	9117	2733	9541
14235	7764	7385	12230	5172	1650	3055	11369	1864	10891	4637	17251	547	11434	4541	18664	12532	8661	3813	19682	4997	305	10075	7018	1381	13978	4182	14723	3084	13710	4988	13841	3887	18591	14579	7203	19901	15629	15117	8436	18818	7422	19563	18698	11342	4526	5398	3473	10872	19102	370	9915	10500	3994	9257	524	11113	11753	5039	3767	6983	14905	13738	9423	9608	15569	1598	3969	15216	19932	2662	17199	475	8345	16835	6938	5856	12727	483	953	17680	15480	9211	3825	2260	15647	3005	16587	5201	14650	10028	5942	2914	2069	19627	2963	3354	19405	3182	2279
15282	16274	13055	7251	6426	9360	6056	3188	17707	2130	7018	4445	1778	18127	7791	2491	5916	15169	3521	4380	11262	15496	2864	5514	11158	5070	159	19104	1577	17719	12523	4447	7982	123	10503	15326	4594	14515	17689	18798	525	2794	7038	15659	2394	1004	14763	7102	19804	11956	1650	13692	7534	7743	8010	14244	8974	2338	1967	6497	5976	14945	14225	6228	16628	17812	3696	2655	12650	7480	11496	11449	8989	19938	16531	3025	19800	13379	12575	19575	14424	6969	177	6822	6847	10097	6216	13375	9971	3508	5561	2129	928	17749	3029	16917	2182	16460	13648	12174
8099	14345	12458	2102	409	15363	15014	14938	16653	14785	13043	12915	12281	12224	7481	18505	11314	17396	19431	4466	1113	9679	2594	6352	15540	18662	8480	9925	1236	13101	15264	16363	4350	10517	18773	19556	18366	5167	3859	16773	11944	7783	17783	7654	625	2672	16478	6771	6955	12916	13597	3703	14862	16645	2569	18753	14593	3152	10737	16235	20133	10340	19589	9765	10099	17391	4792	18780	411	17377	8665	9234	10004	9464	7408	5567	2422	15521	19167	6378	17194	3793	1013	16236	14090	19473	6274	13294	19173	683	11980	15316	15796	17902	12981	3122	11779	935	12609	539
18886	8930	8108	7437	11048	8736	17918	8604	12621	12968	19274	14673	14084	5829	15288	1163	6155	9401	16043	11725	7393	9718	10320	10411	986	3264	14452	6063	4918	16027	15748	19979	12883	11884	19757	17335	3070	15518	19333	1538	3400	7682	1974	16447	18713	400	11769	14500	10218	10732	7527	19844	11780	3089	17737	6659	10007	20181	7527	9301	5602	16474	19865	10113	15053	19834	9448	16143	12250	6578	20013	17954	332	1229	463	18019	8356	17854	5044	19332	20014	10224	1865	14963	12667	17901	4074	16032	12192	3833	3198	13527	2856	19301	10540	19443	17474	15348	11274	10687
7607	7083	13276	8661	4031	10633	11	7081	8472	11256	3411	2408	6952	9039	12707	17959	13284	3108	17886	290	467	17525	12219	20092	286	19482	6603	15926	16126	14143	14452	9465	17139	14469	1449	6721	6704	4257	20024	4856	2196	18359	19699	5472	16431	1018	9054	3204	2130	11181	14542	12728	695	19624	9340	8796	15228	2857	15909	13370	2673	122	2729	5363	19867	8394	3444	19865	8217	10279	18070	7625	12876	4291	19148	12313	11982	982	10669	16085	15089	15164	19844	19264	4623	7037	15848	4816	7372	19878	1903	19529	17909	20148	1543	13604	11448	20084	3521	2064
15097	6484	15682	2495	12960	16376	11735	11619	5025	16218	4641	13504	19373	14870	11270	11449	1837	2027	233	18372	3153	5494	15484	2090	4847	3915	9081	3318	19465	17614	6112	15728	8773	12787	8864	1585	12276	17079	14673	19705	4156	12694	5419	18778	10591	19988	1282	451	2475	4893	18667	8342	7042	11072	15722	8944	16235	14461	5507	19313	14778	7343	2763	15296	18890	14730	17889	1449	16220	10960	7733	9218	5946	16308	9328	3042	20091	20062	19931	68	16889	13558	4315	675	13601	2897	13389	8115	11337	14744	25	12052	10431	8671	12585	14762	9999	13595	15423	16095
17714	1500	15769	19364	5563	17958	9431	5993	10043	9280	1381	3047	17219	14369	17448	10651	15065	3764	12434	5536	1838	19122	5673	11626	4495	8451	15705	19407	17620	916	16425	725	14363	11226	8446	1458	5169	15656	15975	3534	6157	4020	18398	13166	14958	2586	15373	11500	19853	2594	10443	11975	15131	18039	11048	12188	19693	7121	6895	10820	7607	1025	13828	2594	5772	20176	16028	18850	9628	19890	1666	16667	9894	19521	2364	7550	3400	6262	17042	13770	8130	1265	9539	11125	2332	4300	16777	2399	2714	3572	17587	18652	9644	20024	1838	14139	8021	17270	17400	9130
7304	19902	20102	9136	20194	19575	5034	2192	19807	4386	17876	16343	14870	1973	5963	11201	14848	2982	8332	253	2150	2182	4266	7454	13539	13072	1466	8362	11040	18616	10374	17326	12353	14611	6639	5277	5709	2986	3526	11418	2861	7784	6669	6414	2208	19663	4726	1467	11191	18114	3822	2014	9183	17433	14044	18454	14905	13505	8502	20023	13073	3458	5492	1581	6839	5496	5076	7570	13003	3799	15112	3307	10585	1049	9432	8356	17552	8463	5699	9965	19318	6142	14619	670	18752	8433	8130	15932	2538	18320	6939	8657	7067	10075	10970	20062	6793	9245	6551	1540
18756	12583	4498	16270	15503	10504	19048	17829	1524	9926	13596	18111	4939	6284	18682	20017	9516	8778	5586	19005	13558	5068	19699	7679	9986	1510	18885	733	187	526	15891	17403	6209	11095	5906	449	5414	7336	14327	14728	7373	4406	655	2558	16699	7379	12468	5046	11522	8625	6319	7583	2986	7299	8474	12712	14426	18735	3868	2216	7988	12344	18390	16877	20024	18248	19498	17172	19306	14964	604	10269	14411	1942	15626	19582	19047	2737	11925	19851	8692	9458	826	3765	15114	6197	9852	232	19484	4093	13279	15118	19162	2281	16183	16308	9521	13398	8856	613
14910	5041	6161	6243	1010	13191	16774	19110	12814	17245	13418	4244	19706	6916	5714	10381	15074	13427	8707	20051	7910	8006	13486	1893	5827	5563	13236	17393	17680	11385	475	3859	1082	3133	18405	11739	18458	8018	15317	6777	10361	19973	11787	15503	14695	8004	12025	13888	4921	4428	17172	19870	13981	746	12477	19892	9830	13396	16972	13237	1542	7678	7979	4633	10279	470	3554	18376	8131	11938	8508	16099	17881	2287	6930	5616	12708	12555	10043	5543	15620	19593	6263	14866	12126	15951	6251	10086	15338	184	1666	11230	9240	10144	19862	7050	13005	3286	3373	13424
17408	19699	20147	19463	9681	14963	5182	18323	2923	19938	8142	15392	5583	19852	17999	3813	16407	5334	14185	16324	14413	5087	16073	1760	17634	10018	14612	15473	8004	1616	3170	675	3357	18803	4110	3248	692	17031	12486	9026	19588	894	6930	7722	7007	12339	6276	12718	13738	11659	19032	6645	4137	10628	8379	13649	11124	405	81	11997	13891	3044	636	388	14548	721	11585	8208	1600	19556	4589	17456	15892	10917	8027	17344	4091	4829	11603	7928	14339	1155	3913	3335	13769	9797	7207	19705	14420	5299	529	16917	10218	8481	11496	8304	3228	16999	1093	2259
8254	18964	11457	19838	19696	10152	4478	18283	5503	15161	19911	15311	5538	9046	16635	3177	7213	3176	4166	5529	6239	20166	6520	17851	13773	5361	7916	18741	19745	14421	9667	16006	7670	12369	4892	10645	11101	13888	16631	2240	16117	12864	19465	10101	19717	20167	11292	8427	16356	10733	10921	14717	4690	3933	7000	17923	18980	4360	18931	18062	723	8000	13066	3932	18466	8825	17372	14054	17051	15519	3755	8041	8009	4680	1663	9807	16851	10544	18220	10982	11608	9258	2443	187	3290	11373	3314	19610	16771	6061	16291	16617	8244	19455	18068	8776	2027	16101	15179	113
8609	9760	14504	2194	3001	9815	18084	12929	8425	17397	7165	8249	4392	18890	17313	17350	10564	10868	15371	11710	2547	18013	12295	6321	17497	10915	15855	10517	162	9009	708	9892	9807	1428	8560	13153	13413	14369	17941	12666	6339	17228	3637	4750	19606	8520	12561	6550	8255	8836	16953	11482	5924	15992	933	11101	19538	9486	16883	12858	5554	17190	9667	18612	19887	6405	2542	16489	4848	20107	9328	3744	14555	5201	16487	5944	4907	2045	13377	9572	11633	7372	19520	12777	19299	15201	13824	13745	19265	6661	12746	7992	13575	15692	19520	19156	8709	2925	20175	15586
2283	15566	18805	16118	16847	6999	18816	1430	19575	2040	17420	5964	3349	403	19743	12457	13103	64	19078	6653	6185	18424	13652	1481	19309	5018	14685	2181	15076	678	18016	6677	8678	9659	14559	17391	3393	10618	2586	8547	1316	2735	6347	8936	5288	17740	10156	13771	3649	11971	10066	20152	19055	17806	15610	14662	18961	6036	18344	5699	8737	19901	8010	8059	13896	12897	7453	11686	6382	13544	8989	4904	17831	4614	13900	1665	1421	16773	11351	7379	17317	18696	14973	901	6112	18002	11220	13957	18734	735	4878	1213	19484	7242	11495	13343	5949	4778	15021	15540
7167	4533	14928	6999	4056	16694	18397	148	9095	19795	4295	13663	14631	3809	1770	9028	13673	7318	2588	7260	12777	8484	16077	15759	3694	19804	6790	5754	7929	14013	9041	6653	11963	6600	8432	3728	18586	14187	14295	18040	446	478	10474	13840	9904	10623	14229	7402	6758	18391	8795	17463	3242	277	7349	13688	11202	5755	20166	16840	12393	11177	15403	13628	9449	8335	14921	14460	252	3299	9409	13430	11809	1888	13906	14579	17457	15786	14593	789	17658	16460	10854	15728	13800	4299	13013	15961	7381	17101	8355	13566	3004	11656	14665	12583	9388	2661	9601	12352
8693	14293	1981	18615	18439	6789	4335	13385	1213	16983	218	5283	19462	11101	5271	14191	16523	3309	10477	18028	20175	1337	17225	12858	12190	1309	1678	16241	854	15477	3629	17104	636	19687	7314	19359	6764	12941	218	13546	7473	7768	7719	13450	13879	18131	17896	12496	14370	7956	8217	10565	15984	2368	12957	19583	7628	6463	19759	8994	2000	3285	12537	1386	7806	1809	1720	3824	5107	2946	19141	6036	15901	335	16221	5652	8068	4272	18242	13064	13585	10048	1364	9931	8125	9589	8305	18474	11473	2458	5111	99	11788	14151	5943	14506	18211	8146	6199	16552
9925	17354	590	13638	15360	5045	19588	18953	7524	7269	10639	16671	5136	9965	6615	10784	9218	8717	7844	18690	16614	412	15876	1798	250	1383	13805	1324	1044	3787	18889	7724	128	12741	17365	8225	15660	16376	17555	15890	4267	3365	13170	14957	3644	12410	6487	7354	3183	20138	16247	7447	6844	12038	13880	9112	4968	5260	5740	1318	12755	11700	3348	1135	5425	3176	8619	5443	5037	6911	5212	10233	9924	2398	14653	14738	3587	12283	17173	2068	16954	8041	15513	16115	7273	19386	6473	3793	12755	5336	221	16771	18506	6835	14784	8778	6201	5193	6231	11625
11067	15693	6829	3499	4648	6989	6276	3075	14001	3704	4519	13966	4290	15216	8956	8286	9103	17284	19898	4737	8655	6452	5956	14998	16178	12339	9664	6248	5457	8454	3800	1571	9827	18940	3667	6941	12633	6651	6645	8904	20156	14462	19065	6356	7782	19750	6755	1146	1417	284	8725	9387	4844	1526	17431	2538	12006	4603	2458	4482	17333	9696	17950	4592	14459	17464	15234	19177	18061	13368	609	1549	1036	19456	1059	18548	5732	7355	17284	9621	9041	17302	1384	8917	18882	11204	17941	12337	6256	17184	9432	19712	15743	6334	6421	14260	12245	7312	8426	16586
12311	1506	10631	335	5033	9407	15179	7744	19151	261	19611	2538	15046	9730	11978	12468	16309	12608	14369	3085	9768	16148	9607	18283	14780	3316	2152	6365	19706	3555	13968	10339	4774	7372	4933	1406	17446	6278	495	14067	13049	13527	19012	18025	14791	1621	8544	10161	7815	11840	11236	9831	18098	1578	8856	2225	1669	11535	16669	16518	2788	16842	12850	10087	19405	15990	14410	221	12240	10982	4183	17901	8883	19287	5768	14653	7975	9934	5827	14271	13370	12579	8808	11676	774	19454	1433	17661	2068	10970	6289	5075	8010	17024	11892	2046	621	16099	13814	3471
16938	9198	10670	1276	643	9903	3778	2404	5740	2001	15559	14869	15311	14210	4183	18317	17484	5461	19615	14558	14079	15384	7282	5538	8828	15634	13235	19730	1503	12342	11465	14723	11806	16640	8269	13790	16101	18810	16554	20099	6981	18781	1920	1258	18958	5940	15858	18774	14964	11696	325	447	14095	2654	17438	8921	19514	6612	6404	895	8836	11135	7038	16442	5313	13708	4113	11069	789	15479	2431	19161	5789	12684	6751	15171	17309	14611	14000	13038	7956	20032	7667	17252	8798	15564	17264	19478	15173	10086	4923	10649	18545	2693	11637	18669	9570	14276	12894	10562
9940	8484	17543	6695	2590	9090	7574	9631	9820	9389	16567	1685	5347	12507	11911	5868	10859	2266	13690	14666	394	4362	13543	15319	9386	11662	16273	12016	741	10834	6563	6219	10206	13613	11396	20205	5061	1467	3047	4390	13050	7655	7741	19120	10263	16664	16874	11863	7378	14654	17442	18729	4733	14280	5570	19538	8964	5754	9833	10759	10873	13207	15774	15897	11051	20003	16736	5433	1287	18633	308	311	15008	18592	8484	19437	7308	15599	2762	16688	13148	9485	2077	993	18946	9608	4253	16175	8145	870	14417	6356	13722	4265	2909	16758	12253	5071	5283	10806
16985	18012	18739	9900	9985	3656	17393	7453	15826	3189	4914	7492	18740	11087	13658	2556	12433	449	3872	16201	7632	9383	7629	4335	7874	19489	15093	4702	17479	17137	1089	11385	9234	9364	8285	5500	324	1716	2855	15540	9080	14839	12058	7906	13399	11068	1481	6040	19814	8198	3482	13722	16411	10417	9886	5956	2967	6856	8007	16781	7196	11586	2300	11173	10282	5897	18396	1432	343	13939	423	10730	10384	18333	16174	1390	18244	41	3793	13525	17199	18037	13990	16243	12277	20188	4946	7553	11179	497	15503	14410	8351	16790	11067	14848	17016	13702	3484	17674
2210	5204	17951	10898	13563	11521	10298	8129	14360	11587	19378	15784	15773	5486	2842	19517	3687	6057	15108	19143	6537	4096	15108	5205	7250	4096	1926	13563	2618	13092	8252	5205	18455	12698	2819	15701	17244	7340	19378	15731	13177	18460	3871	1926	13818	4617	9255	19842	17244	19780	10616	11726	6616	19780	5486	2842	2819	17557	10672	15701	14226	1926	3202	11137	10672	13563	2210	14360	12565	975	942	15784	3720	4134	11521	2618	10898	6057	14226	17888	16964	16624	19435	2618	12821	10389	17557	17293	7072	12078	18343	4048	8583	4617	13892	19195	2819	19991	16624	15773
1336	17951	15701	19517	9378	18981	11137	4048	3202	4617	1744	1320	11726	3720	19195	12078	19143	6537	1744	18799	16130	2210	7728	5847	2210	19991	5785	4134	11137	11011	9756	5204	14360	2819	15784	975	12821	5477	3340	1168	3202	2210	12921	11728	6710	12168	17293	16986	5486	11137	10389	4048	3871	9377	14226	2210	18088	12698	17007	10672	8129	18343	18107	1320	10080	7072	18092	5785	15246	11587	7728	18088	18625	11587	3687	12821	12168	942	19143	13573	7250	5847	19780	3687	6616	9378	18625	6701	15246	12521	7072	15701	12471	15018	12921	5486	942	1168	17007	5718
9159	4134	16964	18799	8252	6537	12521	7728	7407	9378	18625	7340	18107	18455	12565	15491	18997	19195	14360	7250	6701	1168	16964	7407	8100	1744	3871	18308	3202	15018	18981	3871	18343	14360	12821	16624	19517	13563	1744	10389	11137	13573	14226	14226	10898	5204	4096	13862	10898	19435	8792	2842	18069	12565	19435	13563	12698	18799	2842	7870	18308	7072	13092	1168	18343	14226	10442	12921	8583	18092	2842	17120	10672	12648	4096	19195	7529	12840	13177	10462	17557	4048	10298	1336	19435	17142	18308	16964	13818	18625	17244	975	15108	18107	1129	15795	5477	18088	15731	18308
18069	12698	19991	9756	18088	8252	17843	15246	19780	7870	13177	3687	7250	19195	14360	8583	16624	17557	12821	16624	14226	13177	8129	11011	15795	4741	12565	16624	10856	17843	18938	9377	14226	18997	17142	7407	18088	19991	17951	5785	16130	942	17557	16624	10298	11137	5784	3340	18107	4048	4617	18625	19780	19842	11901	7728	4741	942	12471	13573	6710	18799	19378	11901	16964	8252	11587	13573	18088	19842	3340	6537	13563	5204	16964	3720	19991	18088	17843	2210	15246	15108	6057	10616	18455	9159	19143	10080	2210	15491	18625	6537	13092	13862	7250	18544	19517	2555	6057	9378
7250	12821	19780	12078	18799	17280	10389	7407	15701	11137	1336	1336	15246	8252	8583	3720	11521	11521	8706	1129	7529	11587	11521	19780	7407	18308	6701	3340	10389	19143	13573	18455	18290	19517	18799	18343	12698	13818	13177	18625	16986	9378	11587	1336	18455	7728	18455	7250	3687	3720	2819	18069	18455	10616	3340	11011	12471	11587	12698	12648	2210	12471	9756	5718	10298	17888	18107	8792	5477	14226	12565	13862	5718	1926	18308	10080	10462	5477	4048	18544	3720	16130	9255	12471	18938	18107	12078	4048	5785	4096	15731	942	3720	13818	17843	3202	2618	11011	19195	12521
19842	13862	15108	19780	13892	17293	18092	18981	2842	14360	15701	19378	9159	12648	19780	1168	2819	17120	10616	942	18799	7870	18308	9255	13573	1926	12168	11011	13892	13862	15795	12168	6537	11011	8129	942	10442	16986	6537	3720	15795	19991	942	16130	15701	3687	17280	13092	6710	7407	19991	9255	13573	942	13892	1744	16964	18069	16130	2555	2996	18455	6537	3720	4134	13892	4096	12521	17007	1926	12471	12471	17951	13892	18625	11726	8792	5204	8100	15246	8129	10672	10856	8792	15795	5205	4096	6537	1320	7245	1336	18092	8792	10672	3340	1744	17007	15773	10389	11137
3687	17843	7728	17280	17843	2996	19378	10616	2210	17280	1168	19842	10298	2819	8252	12921	18308	3340	10856	14226	2819	19435	9756	10616	16986	8129	18981	8129	17142	1926	7870	1744	18069	10462	1320	12821	13177	5205	5718	5477	15773	15784	11137	3687	10080	12821	2210	6057	15246	18290	15731	13573	7072	1129	3202	19435	10462	19517	15491	12565	13177	16624	975	9159	19435	15731	5477	9255	17293	9377	17244	17244	11726	11011	17280	10856	7728	13563	10898	19842	13092	10616	5205	18544	17120	1320	11011	19378	7529	5847	14226	18625	5204	19435	7407	3720	18308	17120	12698	14360
4096	6701	17293	10856	18938	19378	4134	18455	2555	19780	17888	975	13092	9159	15784	18460	17142	7728	17142	12821	5477	7529	18981	17843	10442	7072	19842	10856	19143	7728	7245	3202	15701	15246	17120	3720	11728	19195	8129	18290	5718	6616	10672	5718	5477	4134	6057	7529	4700	3687	19378	11137	6701	12921	8129	12521	9255	975	7529	12921	2555	15491	1320	10672	9378	15108	2842	13862	18938	9756	17293	1744	2210	18290	13563	15731	5205	17142	15018	8129	17293	11728	9756	18343	17280	15773	5785	10298	12168	6710	19517	4134	5477	2819	13573	7529	10462	3202	19435	5784
8100	10898	19143	11137	5847	5204	11011	4617	12921	6710	11137	2842	5785	15731	8792	10442	5847	19143	18799	16130	5204	5784	13177	4741	18290	5205	12648	17888	8706	7250	10672	18088	3720	18981	6537	12698	5204	7728	7250	18088	15784	5204	19143	2555	7407	11521	15795	13892	9756	7245	5784	17293	10298	3720	10298	8792	6537	17280	2819	15491	1129	1744	8792	3202	5847	7870	8129	1926	1168	16986	7407	7407	10616	7072	12565	12471	7245	16130	17951	8792	12648	3720	1336	5205	2842	18343	2210	8583	9159	17120	3202	10898	17007	14226	7728	16986	18088	13092	17843	12821
11901	4617	18069	7870	15795	1744	7340	17244	17951	6701	3687	8252	17843	15701	11728	11137	7250	15784	6710	4048	12648	6057	8100	15108	17280	15701	5784	19780	6537	13818	12565	18107	12648	2210	15246	17951	10898	12698	18455	2210	10672	12168	15491	17951	15108	3202	19517	7870	2842	18625	18343	2555	5204	8792	12471	18107	6710	11728	9378	13862	11137	15731	7245	4741	19517	17293	4134	18308	5784	3202	10898	9756	5785	18088	10616	4700	6710	3720	13862	5718	12840	19143	12471	6057	15701	16986	6057	1336	4700	9378	10898	1168	2210	18290	17120	13862	11011	10080	942	19195
12471	3202	18981	1168	18544	9378	12168	942	18107	6057	8252	13177	11901	4096	17280	19195	18455	16964	1129	12521	15784	18069	5204	15731	16130	14226	10298	14226	11726	17293	942	17888	11011	1744	3687	7250	13892	8706	10616	8252	1168	10298	8129	7245	15018	13573	13563	13177	12840	4134	14360	17888	10389	4617	2996	17888	7250	15773	17951	18088	15731	6537	18290	13862	15246	11521	11521	5847	5847	17244	1926	7728	17843	4096	12471	2996	11521	3687	13092	2618	19991	19991	17280	12078	10298	6710	15246	12471	17843	12698	18308	2618	4617	11521	2996	17843	5785	8129	19517	10672
11726	7245	17007	17843	17951	11011	12078	2555	15784	18107	19517	18343	975	17120	3871	17888	9756	5204	7340	13177	18981	18455	5205	17293	10616	942	942	17557	4700	7529	18455	11521	11901	1336	4048	4700	3687	11726	14360	17244	8706	12840	15795	11901	9159	17142	18308	942	1168	5784	11587	15773	3720	7340	18069	8129	942	6710	8129	15108	12648	13818	3871	6701	6057	2555	8100	12840	13563	18544	13177	18938	2555	6537	3720	18092	17293	3340	5785	1336	19517	7340	9378	17951	7245	12840	7245	7407	19378	9377	13573	6701	16130	17557	8100	12648	5486	7728	12840	6537
18938	5477	11521	5784	4617	15784	15701	15795	8792	2555	15491	11726	4134	18544	2555	15246	18544	5477	18544	8129	4617	12471	19517	18107	11011	17120	17120	5204	12471	16986	5784	9378	5205	7870	17888	2618	2996	12921	12471	18981	4134	18308	1744	13563	8129	5785	18544	15784	18069	2842	10462	13177	12078	6057	10672	17843	8792	17244	16624	17293	18544	15246	942	2210	12168	4700	9377	7870	12821	13177	10672	2618	7407	10672	9255	3202	13092	12521	9159	18799	7728	18308	7245	10442	16624	4096	4741	10462	17293	10856	5785	19517	12168	19780	18544	2996	19435	18997	12921	4048
19517	17888	7250	8252	12648	13862	19195	18308	11137	4096	19143	19143	18997	4617	4700	3202	10462	5718	12168	19195	7245	12821	19378	9159	8792	18088	8792	6616	10298	10856	17142	17280	18092	8706	18092	12521	4741	17557	17557	7250	15491	10442	15773	17120	6537	5784	15731	12471	11901	19991	942	6537	19143	1336	9159	16986	17293	3687	13892	15018	11011	17007	12168	10080	12565	7407	15108	16130	3340	9378	10616	2819	18343	10616	14226	18997	9756	13177	4700	7407	2618	12078	17293	13573	2819	17843	13818	4617	13862	3687	7340	2996	13818	18997	16964	15246	4048	3687	9255	7072
5785	7728	18308	18544	17142	5847	4741	17142	15018	19842	4741	18799	18460	13818	6710	11901	8100	4741	5205	17280	11521	12698	18069	8252	13092	11011	18799	19378	19842	18343	18069	18290	18997	15018	19435	8706	8792	15018	12921	11726	18799	5785	13177	11011	19780	11587	16964	5205	7340	17120	5486	4096	18981	9378	9377	7529	4096	12168	11521	13177	11521	17888	5784	15108	8706	16130	13818	975	2555	5486	19991	975	3687	11901	13862	5486	10442	9378	18625	17244	16624	7529	3720	4048	14226	17951	6537	17120	15784	7870	14360	13862	11587	18625	17280	5785	17843	13892	17280	4617
975	7407	6537	6710	12565	16130	2555	12840	8583	15108	16624	8706	8792	18997	7250	9255	15018	11728	5784	17557	4048	3202	5718	12698	12078	13892	18092	17843	12698	1129	18343	1320	11728	17007	19378	1926	7407	7870	14226	13573	17293	10898	9377	15491	18092	12698	18290	16130	11137	12698	11728	5204	9378	15795	12921	4048	17280	10298	18290	16986	12821	13862	17843	8100	10898	7728	18625	12168	2996	8252	1168	10898	19435	10080	12078	17120	1168	2842	4096	13177	7870	18460	12565	10462	11587	18625	5486	17557	10389	7250	8583	10856	9378	19195	9378	13892	12648	5486	11137	17120
4134	18308	9756	7250	17007	1320	1129	975	10616	13892	7870	16130	10672	2210	2819	13818	7529	12698	15246	11521	18092	9377	8252	2996	1926	18455	5205	17951	12565	19195	15108	11011	8583	16986	5486	11901	18107	4741	12698	12521	9377	8706	19991	8129	13563	3871	10442	18308	2555	2555	15795	1744	10672	5477	5718	1320	4617	7245	975	17007	1168	3720	12698	1336	18290	15784	8252	18343	4096	8706	2819	12521	9377	2555	5785	12698	11587	15246	12565	12168	12521	6616	19143	2819	3871	11011	975	13563	6701	17142	10298	11011	10080	12921	6537	8100	10616	2842	8792	15108
5204	2996	16130	12840	9756	19195	17888	18290	9377	10462	17007	12521	11587	6537	15108	2819	17951	10462	11726	10389	16986	8129	17557	13892	4700	7340	1129	9255	12168	12821	3202	12078	4617	10672	10389	3202	18455	18092	2996	11011	15701	3202	12168	12168	3720	18938	3871	18981	10298	17007	13092	19517	18290	15491	18938	10080	13177	18290	18088	12521	2618	3202	13892	8706	19195	6710	12168	11137	13573	2210	12921	11137	7245	5847	10442	18799	8583	15784	3871	19517	10856	12821	16624	10298	4048	2819	12921	2819	2618	2842	17888	17120	17120	10616	6710	9159	8792	9159	18460	12648
9378	18290	5847	1926	13092	7245	17293	10898	9378	19517	15018	4134	15784	10080	13818	11726	18343	12648	5486	17843	5718	18625	7340	15701	12648	12921	19991	15773	15795	7340	17120	2996	4048	4741	17557	12565	18308	12565	7340	1320	975	1926	12471	12521	10856	15491	4617	15701	10616	1320	4048	18092	7340	7529	13177	12698	13573	15795	9377	3687	18938	18308	7529	14360	18308	18343	18460	18544	16964	19780	17951	7250	13892	4700	19780	10298	16130	18343	3340	19195	1744	6537	8706	5785	10856	18997	18290	5486	19195	16986	8706	4700	16624	10389	3871	18088	1320	11726	17120	19435
12521	16130	15773	12565	12471	19517	11726	11728	3340	13818	15773	10856	5477	12698	19517	10856	8792	8252	19991	12168	5486	7072	17951	6710	15246	11726	17280	18088	2555	12698	19780	9756	13573	17120	1336	11728	10856	14226	15731	12698	18625	1320	7870	10298	15731	16986	17007	7340	6701	6710	3687	12840	6057	18455	4048	12471	12521	4134	8100	975	10616	15701	15018	12168	15784	7250	13563	10856	8792	2842	17888	1129	17244	15731	15784	17244	18088	13892	2996	10389	18544	16964	5486	15784	15491	10298	15701	12168	5204	17293	2210	17142	10462	12698	14360	7245	6710	15108	10898	16130
12078	11726	19435	15784	1129	7250	19842	17280	10080	8100	12471	4617	7728	5718	18343	18799	13818	13818	2618	15246	17280	11137	10672	13563	11726	10389	975	12471	15731	17951	1129	18625	19378	2618	11587	5477	3340	2210	6616	12821	19435	10672	15701	4096	15491	1336	10462	10856	2618	11011	18088	12821	18107	15731	15731	7870	5204	2842	3340	19143	9756	2210	17951	5486	18088	10080	7245	9756	12521	18455	18455	2996	17007	12471	4048	16986	17843	7407	15246	10616	11587	13892	8252	13092	17142	7529	12698	9756	5847	5718	12565	4741	4096	6701	7245	18290	14226	8583	15018	10616
17951	10080	12821	6616	10856	19842	13573	11521	18981	18088	15795	17280	2618	17557	10442	19842	16986	10672	18460	12921	17951	9159	15731	6057	8583	3202	19143	16986	18308	12078	4617	18460	9378	18088	6701	14226	19842	5784	1336	6701	3340	12648	10298	9756	2819	19143	13573	4741	18092	18997	13177	18460	7529	16130	15773	5486	7340	1744	942	10898	18997	7728	16986	12821	17843	3720	1336	11728	9756	8100	18625	2842	12471	16624	1168	3871	2842	5785	1168	7870	18799	4617	12821	7728	942	12521	19780	15731	18625	15731	12078	4617	11137	16986	16624	16624	6701	16624	18092	15491
5477	15108	13892	8583	17120	17951	12821	19780	18308	17888	13892	10462	13177	9255	16130	4048	4700	16624	4617	7407	12698	19378	10898	10442	18308	10462	7870	17007	10442	10672	5205	7245	5204	14226	4617	19842	9377	18069	5205	4617	1320	19780	2819	13573	9255	10080	1744	9377	19842	15773	18069	12921	9756	11521	8583	16624	13862	19780	19842	1926	13092	13563	1744	2555	17007	13092	18938	7407	10672	10616	18544	11011	13177	19842	18455	10616	5477	17843	15773	16624	10462	14226	17557	16624	16986	19780	10856	14360	13563	19143	1744	7245	12565	5205	10672	19378	4096	5205	5477	18938
17244	13092	19378	10442	8583	17007	11728	2842	1336	17293	18069	6710	11728	19991	10856	12471	8583	5847	13818	9378	975	19780	5784	3340	942	3871	10672	19195	7870	4134	12921	1926	10672	18107	5784	17293	16624	12821	19842	1744	12840	11011	17007	18290	1168	7072	17888	4700	12921	11728	18455	17951	14360	2842	18981	2555	18069	11011	1744	17280	4617	16130	3720	5205	12471	4096	15018	15018	14360	1320	19195	12840	1336	4048	17293	12168	19143	10298	18308	18092	18981	13563	19378	12565	16130	5477	17120	11011	11901	11726	15773	10442	7250	1926	1336	11521	6537	1336	1926	12471
10080	2618	1129	5204	6616	15246	19780	15784	17843	9255	17843	10672	18938	15795	17120	8252	4741	9378	4096	16986	15731	5204	12168	3687	5847	18069	17888	1320	18981	5718	3720	10856	17280	8792	8252	17007	7245	2842	2210	4048	12698	4134	13818	18308	17557	17007	19842	18460	15108	8792	13862	18343	10462	12078	10462	13862	12565	8706	18938	19991	10462	12168	13177	19780	17293	12471	7407	12471	942	15018	18981	18455	1320	5477	11726	3340	17120	4700	11726	4741	1336	3202	15784	5784	17244	975	16624	12078	15731	3340	16624	5784	11726	8706	13818	17244	3202	18455	18107	7529
9756	10298	18290	1129	7870	15018	2819	18088	17120	4741	19991	13563	10462	1926	17007	9378	6616	13177	9756	6057	10898	3871	17142	8792	13177	15491	8583	8583	4134	17280	14360	10080	17843	13573	11726	7072	11137	2555	18544	10442	19195	19435	17843	19435	17120	18088	12521	2210	11726	7072	8706	18290	5785	17142	7407	12565	5785	5784	14360	7250	19143	16964	5204	7245	10442	18290	3202	6710	1320	16624	4741	9255	11011	2210	18069	9378	10389	12648	18455	7728	10080	17142	18997	10672	18092	12565	8129	7529	17007	18088	17280	19195	15795	7728	12471	18799	1129	19195	1744	13862
13892	18997	17557	12648	6701	2555	19435	3202	9756	5204	15246	18938	15108	14360	19378	5204	19435	18092	19195	19378	5847	18107	13573	3720	1320	15108	3340	13177	1129	11137	13892	18343	15795	9378	11728	12921	11901	15108	7407	18799	12565	13862	13862	19195	11137	17843	10389	5785	1926	9377	18544	2618	1129	15246	16624	4617	15108	5785	4617	5477	1320	17120	8100	13563	12921	4617	5205	13563	5785	11521	5785	17557	18088	13818	5847	18107	5718	15701	17120	4134	19378	19780	10389	6701	13892	13818	3202	19991	6057	2618	11726	17888	16964	9159	18981	13563	10672	11137	18069	15018
12921	11728	18997	17007	4700	4134	1744	12565	4134	6537	17293	4048	18343	7072	18460	17007	11587	7407	15491	975	7407	10856	15018	2555	13862	2210	15784	13092	6057	9377	13177	19378	11726	5784	18069	10389	9756	6701	16986	5847	8792	19195	19842	17557	5784	5847	4134	12648	18460	2819	12471	12521	17142	18997	16964	19842	10442	17007	11726	5486	8252	2996	8129	2996	11137	8792	9756	18092	11901	17007	18107	15701	6701	12821	15701	18938	4096	7529	10298	11726	4096	5205	6616	4096	8252	1168	17293	14226	4048	12648	6537	7072	2618	12565	8129	18455	4134	7870	10856	6701
9377	8792	10616	16624	18625	3202	17007	5847	10856	19143	2819	15491	8583	5847	10080	17142	4617	12521	10080	16964	10298	12648	15773	4700	15773	11587	5204	4096	3687	5785	11901	4617	9159	12521	19991	9756	19143	10080	10080	2819	6701	17007	10462	10616	12521	2555	11726	8100	8583	4741	8583	10672	18625	4048	15018	3871	3202	18997	7072	19378	12565	5477	12565	19435	5486	18460	9159	10616	18107	10462	17142	15246	8706	4617	10080	13573	9378	17280	4741	19991	15795	8252	18290	14360	11011	2842	8100	18544	10080	13862	15701	2819	15491	17120	8792	3687	6057	18308	5785	7250
7870	1926	13092	13092	3340	3340	18290	17007	9255	15784	5477	14360	13862	17888	12821	11728	17280	19435	10898	13563	5205	15795	18997	17951	13818	19143	4741	6701	1168	3687	2842	12471	19517	7245	10462	19517	7340	18343	15108	15701	17843	12698	18460	1744	11726	9159	16986	18544	13573	17557	10672	19195	8100	18092	13862	9377	1336	10462	2996	12471	8706	12821	19780	11726	12078	18625	12078	5784	15773	16130	13892	10462	11901	17951	6710	18455	12648	12698	8583	12840	5205	10442	18981	18460	2555	15108	11521	8706	9255	12840	18107	9756	4741	11726	8706	10298	12565	14360	16986	2210
10672	7340	18092	4096	12521	12921	6616	17120	12565	17843	11901	7728	8706	6701	3340	9377	6057	17244	18938	8792	18343	16986	6537	10462	975	12471	6537	18107	7250	17557	5486	7340	8129	18069	2842	10442	18625	1744	18088	19780	19842	5718	9159	5204	19842	9378	12821	18799	13177	11901	14226	17280	18460	18088	17007	9159	15701	8792	7407	19435	18981	18625	18799	18343	15018	3687	2996	7529	18799	8583	3720	13573	11587	7245	1926	18290	2555	8252	12521	11137	8252	5204	10462	3871	18107	2996	5784	10672	3687	2555	13862	3720	5718	15731	1744	942	10856	18799	17142	13818
11521	6537	6616	15246	2996	15731	8252	2996	13818	4700	17244	5784	17293	11137	6537	18981	12921	13862	1320	18088	12521	11726	19991	2210	9255	16964	18308	17142	4048	942	17293	5718	19991	12168	18544	15795	4700	2819	4617	8792	13573	18938	12648	19780	3340	19378	7250	8252	16964	6616	6616	17120	18092	18799	13818	14226	11726	17293	15773	17142	2819	7529	3687	10462	5718	18069	11901	18107	17843	12565	16986	4741	18544	942	15773	7250	5847	18938	12921	4617	18088	15491	3340	4617	12521	18799	13862	15701	11728	18107	9159	15018	9255	10080	3720	8706	19780	5784	5718	8792
18107	15701	18455	15773	4096	2618	18997	15701	18092	17244	12565	17888	17120	8129	8706	11011	18092	12471	4741	1926	19842	975	18343	1320	5718	13563	17142	18290	1926	975	4700	17293	9756	13092	16624	19143	19195	19378	1129	17293	10856	1168	4741	12471	10462	4700	3720	17293	15491	1926	17244	8583	17007	11011	16986	10442	10389	4096	19517	10389	7870	13177	11521	11587	18455	14360	4048	15773	15491	18625	17120	19195	12921	2618	18997	8129	15108	19378	18343	18981	14360	15018	15108	3202	19842	15784	15784	2210	2842	18455	10856	6710	7072	2210	11728	10898	11901	15784	6701	18069
7340	3687	13563	19143	6537	12521	16964	7870	13177	18308	10898	13092	8100	2555	15731	18625	15701	6701	8583	12078	19780	10442	11137	10898	7529	5204	15731	17244	10898	4700	18107	13563	5847	11521	19195	4096	8706	18088	13563	19991	14360	2996	2996	13092	17888	1744	13862	14226	12821	12921	19842	18088	8129	17120	18997	5718	13092	10898	17888	17951	19378	2842	13563	14226	6616	9255	10616	942	19143	19517	11901	4048	15018	17843	16130	11901	11137	19842	11728	10080	8583	2555	7407	19517	12840	9255	10898	12921	11587	19780	11011	15491	2819	1744	12078	15773	11726	11901	18938	18460
12821	11587	19517	2618	7728	11726	1336	7072	18343	1168	10442	18092	13573	15108	17951	11521	3871	19780	8252	17888	9159	18544	11011	18544	18088	10672	14360	1744	7072	15701	6057	5785	17244	10898	18460	13177	18544	18799	3871	15795	15108	18343	15731	16964	4741	18460	15108	6537	18290	1336	12840	3687	9255	3687	15701	10462	1926	19195	18092	13092	16624	6710	13573	7407	15701	11587	5784	16964	17244	9255	15731	6057	11521	1744	7529	18069	7250	7728	4134	17280	7072	7250	13818	975	13563	7072	1926	2842	7245	10898	2996	7870	17244	18088	9377	18625	1744	7072	10080	13092
2819	18069	10898	9377	15018	14360	5785	16624	16986	942	12648	5204	11137	12168	15246	17293	13892	10898	11521	10856	18460	15491	17843	13573	12821	4134	4048	16130	13092	3202	7728	19780	17951	942	15018	7870	7072	19143	18799	6710	2210	18290	2618	2618	17293	3340	2996	3871	19991	14360	4096	5785	2555	11728	19378	11901	11137	4700	8706	8252	17557	18069	17007	8129	5784	12521	13177	18290	12471	11728	4096	12698	4700	1168	10298	17280	15018	4134	18290	15784	5785	5784	10442	4700	18997	12921	1336	16986	3340	15701	12471	18938	10389	7870	9756	14226	12521	12521	7407	19991
12698	5784	13573	15795	1926	14226	7250	8100	11901	17557	18938	17120	7870	11521	10298	5477	3202	3871	18069	9756	6057	18343	8792	17142	4048	19195	1336	12565	13818	11901	16964	16986	8792	1168	4700	9159	12840	18625	11901	5486	2842	8100	6701	1320	7072	18997	975	18343	7250	16964	9159	11587	12168	16986	8100	18544	10856	3340	6616	7529	5205	15108	10389	10856	2210	9378	13573	18997	18981	5205	15701	8706	7529	15246	19378	17142	18544	15731	11587	1926	18290	18092	4617	3340	11728	18088	5718	7245	3202	12921	10080	19842	18290	5486	17557	1129	16130	12648	15701	19517
3720	2555	7072	18343	7340	18799	15731	1320	18455	17142	2842	3340	19143	10672	11521	8706	18088	15246	15773	15701	15795	11521	18092	2819	11901	17293	15701	18799	3871	16130	8792	942	7340	3720	6616	11587	15018	18107	7728	7072	9378	12821	1168	9255	5486	10616	9756	10616	10856	9756	1168	12648	5486	10442	11011	5847	12840	5847	4096	7340	19435	8129	19842	19842	13892	19143	18308	5718	3720	6537	16624	11587	13573	13177	9378	18088	10856	16986	5204	18625	4048	11137	18088	7870	2210	10672	18455	5784	5486	9255	13892	8129	12840	10462	6057	15784	2555	18092	2996	13892
13862	14360	17888	5486	10442	1336	6057	6057	11521	2842	18981	18290	19378	17142	12840	15773	8706	19378	17557	11728	4096	19842	15701	9377	11521	14360	17557	8706	7340	8100	19517	11726	10298	11587	1744	18981	19780	8252	12648	7728	10462	6537	6057	8252	18460	4741	13092	5784	17557	8706	18107	10462	8706	16624	5205	11521	8100	1320	16964	18092	11728	10080	17280	18455	1744	17280	16964	19517	5486	3687	6537	6616	6057	2842	19143	9377	18308	8792	17888	12821	13573	1336	10672	11521	17951	5718	1168	19780	19991	4134	6057	19780	17142	10442	4048	6057	10898	18290	8583	8583
1926	7870	5204	11521	19143	9756	18938	13092	7728	19378	13862	4096	3871	4700	12698	18290	17557	10616	12648	15773	1926	12840	10080	975	5486	2842	6616	18460	8583	5847	1320	7870	16624	15701	7340	18544	13573	18460	12821	10298	2996	18069	7728	2842	9378	12078	15491	8583	19517	14226	7340	15108	13092	11726	6710	7250	17557	16130	13563	18308	6537	12698	17142	17843	19991	12168	3340	17888	7250	4134	18290	10080	4741	18981	15795	5785	6537	4048	19435	18343	17142	17951	5784	15491	19780	17557	12521	15246	10298	18308	4700	11587	10898	2555	11587	11011	12471	4741	3720	5847
11011	18107	18107	15731	4741	13177	9255	12471	8706	17007	15108	18088	19991	10298	13563	13563	5718	18997	17951	4096	6616	5718	11728	8583	2996	18544	10080	3871	9377	8129	19842	10672	3687	8100	5785	8129	17951	1168	18997	8129	5204	13563	17142	7728	12840	4048	2618	10898	975	9159	19435	6710	1744	8100	7245	17120	19517	12521	19435	18981	6057	8792	4741	7870	7072	18544	15731	13177	19991	3871	8252	11726	18938	1320	2819	12565	13818	18455	11521	14360	19143	15246	17244	19195	3687	12821	19517	8129	13892	14360	1926	18981	8252	15108	2819	15108	17244	5847	13563	12840
19195	15246	8706	10298	5204	10616	10616	11587	6537	13573	11011	10389	9378	19842	11137	1926	17007	5784	9377	9255	11728	18981	7529	10672	18938	5718	15773	9378	15701	4048	2210	4096	10616	19780	18088	15246	7250	13573	10672	17280	17557	14226	4096	8100	12078	7529	13818	17843	13862	7728	1129	3720	11901	7407	10389	7245	15773	12840	12840	19195	7250	17843	5847	7250	3871	6616	10856	2555	6710	15784	13563	17888	8792	10389	6057	6616	14226	2210	9377	18069	13818	9255	9377	11587	8129	4134	5477	13092	18107	10442	17007	12921	7870	17888	1926	9377	19378	11521	6710	8100
