16214	18258	6631	4187	6898	15170	17324	2968	18797	627	7554	10419	7950	14836	14657	435	9585	19897	9980	12539	1464	9869	1871	7933	8457	12995	17985	5918	10620	12256	14106	3823	13686	7229	3438	6010	10620	12794	16599	4525	17147	7009	936	6805	11510	6866	503	20106	4795	5807	3356	2188	7915	13726	11391	720	10481	7684	16445	10579	3810	11131	16451	14201	17619	11429	12385	6717	18554	19546	9044	12856	13686	4062	19672	5918	17113	2277	14361	17916	3236	8174	19157	8664	7001	4094	12832	568	12541	18264	7579	14017	5281	3438	17834	16931	4605	14474	18895	4318
11966	13801	6409	10966	1177	7132	8960	1176	6626	14009	10608	847	8507	10267	7161	3550	14736	5817	4967	2918	12437	6174	4286	10346	16019	4577	14453	7153	288	4145	1483	18599	12398	2981	9563	3698	6797	7036	9783	10379	97	18895	14436	6416	3676	2219	14760	1176	12437	2607	792	3780	2022	10485	15970	12731	8283	4788	288	4232	17235	18120	9133	1483	9170	3815	15956	16520	13736	18906	5548	10083	18048	9248	7171	825	4724	13223	11086	14188	9482	4128	16000	2554	6655	14200	6177	19269	7153	6189	18463	17892	7933	8424	1222	14385	2307	2344	19661	16506
4181	10861	9545	16931	11271	2065	3676	12315	593	15295	6418	13270	15080	955	3394	10546	14317	10612	1181	567	11612	9783	9205	17023	12348	11719	14405	8347	13499	19328	8152	2889	9339	7291	8413	18939	4525	8735	4232	7558	7131	10795	14474	19659	985	5036	9220	6660	9650	2840	11169	220	18688	17799	9140	4372	19464	6265	1123	7222	12349	19727	6951	15130	4076	16935	5059	11947	7695	20159	5832	19315	5558	3455	6193	11998	985	6636	8743	11029	833	3406	337	7161	16834	18566	562	14486	2653	13372	8283	10857	12995	8684	11719	16677	12880	12279	8969	16897
13975	7688	4940	12771	10267	2995	5965	272	11746	16928	2308	12884	16423	7008	9770	6010	2902	7291	6051	15658	14432	16918	18393	2889	720	2137	2849	19849	9910	2849	14192	11510	6492	530	17810	5965	5817	18307	19423	18279	18651	6610	18120	13233	13497	4090	10252	7324	13932	13263	2359	10153	4795	11086	5236	4740	1176	6926	11056	11253	9650	12765	5377	18905	1797	6429	9563	17849	14089	672	5146	17874	10455	4895	8787	5449	9977	12437	8595	3514	2889	8626	4543	15624	1795	16900	119	20145	18279	5735	7640	7785	9293	19269	10485	16003	10659	10660	17200	19824
11868	2030	3810	13643	1361	951	7461	20059	2469	10546	8498	13031	13270	8133	955	19432	6462	8705	16076	6416	11196	6901	17602	10216	4417	6068	13133	5739	18906	10940	10404	9720	4409	1634	15414	12640	17934	7847	8294	18233	5196	607	19828	1439	2308	12361	310	18140	3583	10404	6026	14294	13270	11305	10974	10136	18471	4409	11196	11738	6888	15888	11947	13249	7092	11382	9349	13591	10252	10593	17835	17062	18694	1699	13240	3658	6069	4310	2606	5980	9930	18169	1175	3590	10392	1175	13175	11152	9104	10102	13233	747	567	6051	4216	19605	11951	1647	14278	19379
16372	15427	12376	513	2460	12799	14602	12996	12385	14405	14200	5548	5220	4128	12315	268	3371	2497	9970	19036	16328	275	1335	4387	19826	10392	5980	17059	5471	13381	14403	6564	1244	11250	701	4062	14409	7131	6174	13934	16506	772	11591	13810	19361	15251	7699	16019	11080	10005	14759	1222	13048	5370	3245	8978	11868	18296	14338	16654	7258	15256	3753	20106	7915	97	15012	8052	18257	8235	1483	14014	3688	2825	12693	4978	6893	14081	14806	18596	4451	12569	5671	17551	17698	14342	11330	747	1420	3245	6881	15827	13117	5010	10106	14405	12345	14577	17810	11667
4577	4286	13499	3233	11386	4909	2668	13607	10973	1715	13246	1551	16795	9770	4215	17990	4978	9813	10267	3520	6888	4895	16485	3266	17892	13736	19269	15681	3982	11506	17984	12042	27	1068	5778	5362	8640	435	16495	6766	8424	627	2603	5218	611	5925	8529	772	13591	5014	9625	6966	18555	7229	15486	2204	18296	20201	7105	16506	12282	17985	18626	8174	18279	8139	14437	9104	8567	5996	2377	6282	5315	6198	3016	13975	11027	6857	4372	7461	19269	12524	516	3301	15342	11719	16921	1741	1312	5129	8996	18623	12761	16485	17908	14009	4779	4366	17235	6694
17574	8664	14450	1943	4908	18247	4560	10660	10660	18240	19874	15934	18463	16822	15027	4795	19379	11196	542	6059	9132	11683	18895	2137	15575	10102	6002	9044	6965	2603	11429	9566	16180	13810	2705	593	11152	6636	14317	1895	13223	16351	6633	2981	10197	5631	3676	8927	8927	435	12208	19384	665	12886	19579	12911	15486	7131	782	18797	16905	17113	6152	18663	6634	13842	10608	2615	12564	6151	6509	15042	5156	12996	16969	6259	19727	16445	17867	7411	7804	10546	2712	11591	11096	18602	11386	18495	17059	18269	3807	874	6032	9684	3000	17147	13246	9167	11380	12437
1872	20012	2981	7129	13133	15869	6534	12510	17967	19008	1047	6628	7969	13783	11951	18203	2665	4691	2784	18394	10456	20004	1895	18543	10021	11021	17059	5558	3923	9546	3000	331	567	4320	13095	15627	6626	14836	14163	18083	5875	17773	5218	9104	6218	15884	5236	14657	4905	11847	11382	5578	1461	14480	14984	11868	11946	7847	1203	19460	9773	3925	1047	14089	13095	17797	18164	11437	4164	1106	8391	18164	13253	15591	10659	11409	3810	3840	10724	11817	20106	12731	5996	20159	6694	16511	7131	13600	1426	5403	709	2607	4978	14924	17582	3321	2303	1989	18983	16654
13139	15080	17916	10207	4366	18045	19191	15617	8867	16569	8775	11847	268	16438	2798	5522	15538	3396	18522	9284	15341	19046	14089	7047	4387	16918	1078	12524	15538	1715	18258	16905	7714	16714	13600	18393	12880	13263	15627	1483	921	8718	12046	14842	2942	847	15042	12678	19584	5980	19587	9025	7458	18099	16935	11964	6434	3823	12973	10446	2513	8937	2412	4164	16445	18596	3419	12398	7208	13919	747	13067	12778	2798	14409	3360	19315	10505	13801	11271	14089	13666	13378	10812	5321	15414	4216	16875	1945	3166	19277	6416	18145	10629	15339	8455	12147	12073	12678	18196
18471	11146	6218	10624	11621	8525	4320	6779	9237	18602	13381	12033	2018	19008	8507	19423	14201	13965	19727	846	16928	14113	14192	3551	19027	12147	17799	6922	18296	16928	12920	804	19432	10478	10863	5129	3338	16370	13975	6226	2653	15044	5666	782	15575	2784	9669	15658	18651	14732	7047	15538	1473	10056	9284	18196	7969	16831	16000	12485	17090	12761	9162	11131	12771	17324	14385	2825	16745	1604	1351	5565	1440	13798	8723	10974	2471	2018	6569	1580	13752	8996	12820	12724	12794	8865	19390	16558	4976	10485	12097	3364	18170	7773	9983	3259	12577	15443	17666	2302
2939	19361	10213	14835	1998	9794	12485	14602	8238	10620	5029	7463	8347	15617	10492	3000	4553	16629	2265	6152	13932	6021	11848	4788	3753	11382	9720	12675	11380	14325	12569	2416	5294	10267	2756	17934	2753	7461	434	6564	570	4931	16257	10920	12293	13992	611	18912	8301	14453	7126	10481	13754	15723	15458	4728	15888	4181	1989	11330	13223	665	14814	3266	10499	5671	2889	985	12765	19981	5106	4169	13221	2902	17903	9053	14314	14106	2930	2889	435	5455	11652	10617	11947	18380	1635	6242	4467	18380	9187	19191	8245	3810	15044	20008	11817	3317	1635	14576
13954	2585	13707	3686	1797	5504	4605	9076	11018	19847	9876	18602	11253	19406	19727	4840	4076	4372	6416	11120	9957	9585	14403	1872	3840	2471	1068	13975	16334	11131	16444	18623	12856	19512	15464	12228	11086	9799	14660	11169	9347	7562	18233	720	16003	12693	9053	2792	9220	8969	1038	10476	615	6345	11838	2968	10255	2930	4366	17985	12510	287	566	3302	1106	15868	19633	19831	11886	885	14480	19336	9264	638	18830	11120	1024	9370	3780	4740	19546	3266	5691	3896	9471	11066	4930	6610	6259	14403	11066	16606	19082	18307	14602	18769	17511	16372	4962	10455
13945	15324	16914	3194	2194	10860	13109	16276	12999	741	18160	9228	4966	17855	8451	18753	3373	17376	6050	14822	480	7808	2044	5683	11403	1530	5371	15448	197	6992	9273	18000	3816	3382	11718	3183	16309	1847	7402	429	13857	16699	11601	13540	17943	3248	10569	8789	19471	19443	18662	7815	18539	18678	13679	18678	19724	10970	13044	2436	2194	18860	8588	20087	3851	5860	18457	17392	2591	8232	17265	20041	18237	16847	2398	4727	10741	1831	4678	5109	9046	13918	17459	17853	2466	3443	16963	7999	13268	10016	8968	10828	5688	18481	4465	15872	14060	7144	10814	2165
9335	7830	13254	4531	6103	12894	5405	1202	13957	2650	19586	4648	14330	13452	5953	12252	5811	16459	8827	13265	19019	11314	6403	4835	19733	4235	15916	3435	8224	19697	7509	13452	5095	17333	6600	18359	2851	13394	6373	10284	18439	1931	12347	20174	19375	11594	2259	6609	16643	9180	11254	9270	642	163	9002	1852	5699	5111	6517	7718	8098	5683	9423	14639	5876	2894	2035	1957	7678	4889	3612	7719	18834	716	3540	889	1462	18425	10734	2472	7902	5496	11290	3881	11769	9070	18093	14796	11368	13749	13605	2602	6490	4532	8016	8914	10253	15832	18600	8833
15890	13348	17097	12876	14327	11839	1821	14861	14771	18542	6937	4738	15034	19718	9243	3424	2101	11519	2745	14599	6772	16775	8825	10837	6811	4796	1573	18517	6787	6820	13500	18886	8932	13605	6641	3191	6657	9699	14066	19070	4564	11286	17757	8332	15074	8655	14906	7183	18885	1562	16470	10892	13502	6927	18134	14410	18111	19699	14048	14525	6319	16474	9827	15279	11162	3668	2490	18372	14551	8280	2050	12444	20147	1265	2649	19414	5200	16848	15472	7702	15371	10938	3261	5829	2923	18035	7798	14224	10423	9314	1665	9253	10001	17491	13410	5243	14434	16120	8115	8559
3137	8806	9644	7893	2415	11781	14906	13498	8332	13902	15735	14695	13486	10512	18945	13652	13061	4835	1628	5021	5234	4275	5955	17688	10634	16801	9513	8850	6075	1147	14792	11061	15001	12353	10604	6637	2916	3258	16001	5	1786	18618	13775	6760	12650	136	7700	9376	6436	245	9846	7134	13260	7438	16843	18324	6065	11477	16193	5463	11251	10022	4485	6033	16427	6389	17836	11954	6741	4348	14343	4621	2672	5543	8574	11837	5839	12237	6632	1617	4752	5336	3462	11262	19747	9817	5910	1270	19065	17662	8059	6968	16428	15919	2915	9093	9041	12300	6303	16862
1601	11329	15053	8987	761	9176	3407	19832	19937	15448	15192	16856	2640	1813	8187	954	8443	12215	12646	5898	5518	12102	17338	8881	11981	202	4544	5067	13732	14492	3960	13634	2213	3994	188	1789	10417	14379	12053	15913	13532	10194	15660	4590	12913	10332	16764	1719	10591	8146	9398	1009	6373	5583	7359	913	16958	9125	15618	3694	16086	16145	9782	15832	5500	7561	17079	16864	17811	34	19308	5245	12959	6420	17910	16382	204	7844	17529	10293	14572	19120	10625	19330	540	11700	8206	12666	2703	7898	8312	223	10325	11453	5328	17748	2556	12160	11710	2669
12888	10302	15752	10744	19646	7642	19787	2492	4151	7736	2751	17455	19718	16366	16187	1237	9915	16572	6811	3667	17261	2405	13851	14507	1892	3079	170	8596	54	11133	16848	13729	4550	860	15937	13564	9080	2311	19529	16055	14307	14495	3456	682	15563	7382	2611	13557	15249	879	4437	7142	16281	12853	18572	11215	5591	18416	17737	3116	15409	13766	11795	16159	13132	8655	14363	3530	11536	10227	3498	9416	7952	3693	9107	5421	14940	5969	17707	13616	6103	2744	9567	6243	1686	3264	2213	3445	3817	18756	10732	16376	8008	4466	7668	15201	8968	13385	3311	11405
4562	8154	14457	7349	15530	9933	1307	3532	16170	10033	19125	20167	3398	8569	14084	5381	13902	3822	17350	18097	9427	1979	8217	6859	4771	11920	7784	17435	17323	10567	13779	8132	18021	5157	11603	15005	11735	11071	17350	15958	5052	16311	4620	13524	15317	10285	18898	16467	5617	18861	11993	2723	17883	20118	10151	8329	158	6723	13081	17389	7719	15050	2532	1535	17024	11054	16916	16737	8871	14428	6764	14449	5217	16359	18818	11693	7239	17108	9570	18899	19823	8725	14307	1757	13866	17940	15281	1757	4422	1771	5368	11277	4848	2696	3169	15717	3847	12132	16248	1445
9246	2394	9387	15944	3177	11220	5513	11987	15632	7702	14925	14698	13254	12378	18033	16817	17786	5927	14355	10916	1524	8690	10221	4956	3648	4470	5202	14459	16356	2242	2817	3377	15647	5877	10279	15416	1045	7167	15794	17119	2298	4380	12552	2687	15313	8617	5924	15329	9544	15936	12512	5669	18084	11155	4982	11190	13147	19308	12664	5047	13656	6046	7401	6654	8645	5033	18803	20038	3572	14711	7118	5394	19969	11684	19750	1524	6793	14583	15216	16358	1712	11807	17785	1418	10464	17189	15687	9402	323	14250	11846	19145	19193	18736	170	13597	7677	11624	2541	574
18059	10113	7930	8417	19744	7459	6376	14701	12189	5200	11708	14347	6745	17051	15915	2166	1017	9769	13065	12620	16163	12031	6205	2871	15786	1300	12512	12991	2425	8950	3767	9197	18703	18586	11274	3405	7285	11544	6435	13058	3988	5811	1633	13961	9304	8154	14384	4532	9539	6050	9595	5797	1173	9580	2447	6423	15101	5292	13504	16720	10451	12811	20143	15318	20192	2355	12786	14864	9222	17410	9079	14770	16324	5657	13093	3035	9793	19414	16054	13490	15233	7137	841	2951	5795	8408	7742	6550	3094	11053	6392	5859	14574	13275	5413	12411	2066	13653	9147	16306
12451	9023	16397	11058	134	16206	244	13471	18802	14709	1332	15358	18796	9119	8821	16974	10370	17696	16367	10983	11139	9204	12492	279	3591	2387	11058	941	17854	10810	5570	14319	17912	18062	5085	18381	15025	15050	529	3770	13399	9539	5924	1227	15581	7573	13483	668	3362	13284	1405	11074	16713	19237	24	18344	5840	4715	9626	8899	19356	5620	9351	15096	10636	9270	14906	10967	13816	7832	43	19529	19848	10517	8329	14330	18501	2349	5916	4550	11618	18068	12827	20076	12706	16037	16642	3420	15259	12187	19666	13856	6911	20189	10475	10139	1601	10327	1830	19740
11638	13090	15181	10548	14955	9137	19091	11249	5943	14194	9015	6036	1999	3744	17736	17093	15204	2834	3442	19093	8990	4568	16708	6794	11619	4948	14674	5749	7045	2105	4014	4259	12005	1643	2078	18960	14609	16123	16702	12941	18526	19719	15038	13202	20142	5697	8018	3201	9049	9904	18309	11926	3989	4183	16265	2153	6294	2077	17606	13118	11718	13809	2700	17489	16382	7247	2994	3612	16866	6229	18770	13803	10858	15637	16238	9448	14227	9000	7000	13912	17428	2575	14697	14193	19152	12430	19279	9006	4870	7925	14101	1636	1089	18426	16124	8572	13936	9418	2193	161
449	12004	17012	6974	9072	1830	8315	18930	16284	245	14080	16176	5959	7387	8102	19721	18297	4257	6470	15648	9095	504	11834	8173	19748	15659	10537	5045	13089	3207	19737	9541	7808	10978	771	2447	11539	2005	3822	10748	5697	16941	19160	10772	9717	8271	16299	11807	17100	14434	9934	7920	13002	7837	2473	19321	5535	392	17176	7863	10517	15261	18223	4925	11635	4469	7003	7734	14149	3286	14817	2516	11532	20172	2923	16474	11069	7668	1657	4188	16088	2143	5450	14731	10882	15750	10110	5039	4817	17058	10317	16614	12620	17588	286	8940	7651	619	2632	19048
7999	16458	2243	16245	13040	9307	18102	2406	19394	11892	6289	18714	12403	4078	18112	11997	5021	9701	1961	11348	12823	2617	18966	19225	7886	9602	7556	15118	13287	6257	10300	7217	233	8279	4987	3149	5600	2702	4968	9648	6235	12048	905	3683	7573	8847	14452	3274	12567	7066	14166	18384	1153	293	11168	67	17341	11772	13543	13729	7336	3876	4781	8839	13008	4530	8189	8232	306	19163	13231	8606	9397	17947	7297	15560	10475	7740	13593	19168	12859	16802	1419	7240	19187	14185	2531	8224	16484	10533	18098	14734	8588	3760	11922	18747	10327	20105	11234	7854
17832	19903	6444	4763	6790	14927	17416	8508	3604	659	10976	13244	12176	16902	5141	15272	469	3779	16605	14386	11320	5153	9901	10871	6209	6363	539	7716	7046	2527	8982	19900	13336	12092	14428	20140	13513	15835	13888	19941	17353	12967	1916	16150	4746	9639	7358	14046	257	14174	1691	19997	19710	305	19503	16133	5475	19405	17862	8621	3532	8821	10088	13592	19274	11614	15991	19286	12617	10868	19497	5577	1293	424	4946	12815	14525	116	19325	9329	350	14423	3072	12914	15264	10475	17342	1309	2353	12776	6497	8592	4918	17890	12665	8861	14808	6313	3617	17665
3163	5211	8617	1824	16836	9901	9686	16188	8415	4121	789	15472	3576	4184	202	1798	5451	3701	11845	19177	11140	8773	19177	13976	10452	19784	5825	11067	6310	1796	6836	2906	12172	15960	5120	5663	5434	15072	9325	9336	14417	16531	15602	8436	4018	10434	16375	7474	18224	11691	13853	12809	670	14809	3124	7656	1793	14211	239	7312	2056	14496	14174	13617	4850	9291	7776	1993	13344	16336	17737	5463	3134	20176	1375	12742	8880	1967	9925	17326	10783	12038	8101	10976	13450	10046	14608	11967	9760	13587	9666	8909	3156	8914	18472	18185	1081	7784	1816	306
6283	4415	12593	2611	8911	13484	16551	5145	15400	4593	16810	15132	8348	11385	12811	17079	4535	17751	14718	1113	4841	9683	4201	1147	8004	2475	12166	17091	4299	19142	5304	3211	1017	3701	3357	10634	12212	9782	6362	967	19095	7166	16729	10922	10860	14989	6572	11245	8911	9998	12501	11474	7145	10759	6252	10715	5237	488	3659	18266	18421	15926	13141	14637	8726	18109	13782	14783	309	14796	12901	1384	9612	1350	15151	5357	5111	9403	12470	5768	17438	10323	2899	18313	6087	11145	2371	12527	2369	9083	18478	7304	12892	2621	5774	16755	10645	9123	9137	3942
15779	4706	12747	15103	16801	5280	3290	20002	10205	10269	12638	18005	16706	18911	16933	1276	13985	1093	5877	11770	17072	4006	1688	11092	2458	80	1212	9443	13170	15841	14614	17178	7427	7091	8778	16720	494	3439	4493	8304	12281	13376	19243	1347	14839	696	17038	19326	1787	4511	12629	854	9569	729	14139	10697	9933	16245	3621	6351	13631	13596	12227	19540	17493	17193	3399	11784	11005	661	5487	18232	5030	9562	6600	6382	4450	17085	15832	2394	10759	16163	13019	12180	13508	7100	7623	15338	3290	17046	18190	12584	14284	2715	19667	9230	3889	8810	7729	16462
10258	4439	19067	5374	18558	13	15622	18453	9461	3735	7102	5991	2133	19114	12120	8132	8941	2526	17408	2856	15171	2506	6058	12574	5136	1804	8208	17122	13524	17530	13015	8349	2571	2001	12108	11520	2823	14708	19769	19118	15693	13978	348	1910	2853	10342	13680	3287	5158	13089	15179	7365	19583	12364	13125	16647	2434	6998	13262	11254	15120	2532	7783	3131	4066	137	9683	11140	16112	17393	899	3564	1877	17172	20191	19453	16326	322	14757	12276	1436	6568	9222	4351	20099	211	12346	5880	8166	19635	12421	4465	17165	1275	14827	6719	11443	9717	18923	8732
10539	9163	11780	10777	419	4329	16472	8761	1802	20026	19332	15332	3020	7694	7643	12705	6622	4510	1685	11228	8473	19742	14227	7264	1045	8183	5555	16972	2923	17876	19261	8798	12601	10719	3723	17923	3541	15717	17356	19634	13692	11069	9245	8159	14186	7973	3643	4898	5123	2459	8241	9661	6743	6519	7492	470	13880	12252	15991	8545	1896	8685	16953	11203	5623	4719	16699	5354	12784	19836	16817	15559	2682	11879	8458	3565	41	7381	1251	14224	12662	4817	2733	14513	759	13040	10367	10592	5348	3729	13732	1924	11633	8240	5528	6115	5470	16277	2595	11414
12845	2067	19278	3182	2281	9396	9203	8550	4581	7608	15770	20175	14875	4341	5350	3857	14109	10432	16962	14508	3126	1858	424	4882	19220	16124	13985	2536	11401	11433	11835	3593	17671	15373	9354	12727	10761	1074	8122	5212	4551	16552	10871	15551	16554	5656	770	3653	6120	59	1083	1979	12814	8004	16819	5299	19338	17882	5499	2965	17821	7144	12377	7257	12705	15537	19466	15269	1486	134	1052	16470	13606	8386	13321	15752	5870	5089	17844	16952	10500	9169	7003	6411	2311	16800	9656	1704	14637	2432	13880	8107	11732	1065	12224	13291	4935	2611	10503	5567
8858	3705	12008	9475	4883	11770	5316	12227	2649	7473	16170	2442	6884	3164	2899	13764	7310	15568	6263	14069	19925	19153	13567	6378	3295	2053	7492	5245	6603	4634	19634	18770	7679	14640	13721	3130	18429	11416	6784	3052	271	86	15264	6742	7347	4973	18684	17962	10414	11165	9077	16198	7264	18483	12158	5977	2466	6975	18642	11775	17112	4299	4343	18730	15237	7986	4848	12644	15199	2974	20100	11537	1633	13167	3536	10786	17665	9379	15821	15563	1390	15702	20101	17484	5790	19481	15621	16975	12076	12992	16324	7003	10829	19167	13	1915	17082	15990	9687	5955
16616	10769	11875	3661	15238	10757	456	5467	15672	18211	9772	16823	16174	1921	12989	265	10890	2841	5536	14862	5472	7180	7958	7062	3763	19666	6847	7977	14012	9899	4149	19283	10107	17541	7176	15995	10323	5047	2765	5451	19611	5232	15714	9950	18367	6278	1707	11769	5145	2527	17012	13468	2596	12817	4074	13623	7393	12829	4139	452	20104	10016	1726	5499	13399	15079	621	3756	1407	12608	13306	8895	6756	11442	11236	3319	5261	16106	5563	8514	4558	1019	15489	13841	2490	11779	3907	1974	11574	1921	6458	146	1153	9077	16218	3483	528	919	17742	6910
12229	5541	12787	5790	6425	19375	12626	19324	10533	20094	18803	3600	11829	10563	13321	10744	11124	17	19622	9423	5869	10525	8950	19362	12026	6856	12393	12420	17530	3484	11799	5097	2143	18002	7901	17587	9817	2026	17393	8071	3271	3767	12910	10611	7048	11558	1710	3571	675	12230	157	207	11153	17901	15685	15093	8489	17572	5202	2817	6522	13987	2598	9136	18266	11192	1300	17000	5257	1384	5347	12727	5608	15228	9556	1656	11418	10557	8255	9851	18673	15059	14834	16074	12862	8578	4692	15313	13317	241	654	11170	13216	1511	3905	363	5798	819	7637	4259
9310	17457	1092	14633	14770	15644	17463	13320	14179	12687	14130	4022	18383	8045	10528	3188	10687	15901	11979	4659	11017	16937	4083	8747	12760	1115	15564	15767	11558	18096	6673	7668	4240	10173	13212	14364	13207	11705	485	4634	15146	1004	6765	8993	19535	15680	5512	1365	12560	20087	10477	1789	18216	5368	13617	17345	15296	6914	10042	18298	216	16306	11794	13745	18748	6140	19928	7902	7664	801	6116	16251	3866	7623	860	3149	13548	2205	6219	787	9179	7949	15905	5677	6321	4016	5071	20119	17437	16708	10590	13371	20092	5043	2232	5089	9824	4351	2609	4655
7066	6469	1387	8964	2079	1163	7356	16219	532	16391	582	3906	15756	15504	9379	19994	10697	12326	17189	3943	10753	16748	2917	8506	11999	13354	17442	18052	14875	15588	411	11459	9474	342	18104	12692	18903	12491	3763	3398	1852	16553	11301	3864	15610	17866	9821	11158	19312	6235	17183	8182	1657	16901	6287	12592	7907	18474	16603	17128	8145	18718	8318	18039	10066	3882	9510	17754	1625	19005	390	13628	19494	11912	9551	14655	10453	7070	15519	20154	8573	15913	7990	13143	3792	6548	162	86	19368	6164	19629	17075	8713	15866	17502	16018	6842	16553	4271	8575
3114	18103	6081	4704	7071	2516	13247	2067	258	15154	19901	9353	5063	5895	8310	13209	3404	5724	10601	3713	8483	5859	13388	5310	2962	6072	5913	6980	6007	5827	5089	1421	2500	14825	10603	52	2167	347	7013	4270	10928	13081	463	8732	11535	18026	7433	5133	1843	10544	9754	11462	18911	3755	10284	18691	528	10556	18633	18322	3232	6536	3837	5636	20094	13698	8609	13747	18714	11750	20148	19132	17626	9474	16614	6756	7694	5586	1087	14768	3219	5603	1994	12637	17720	908	1827	14986	1103	9266	16020	19800	1972	18383	1799	8234	6733	875	789	10551
9894	2859	6473	7659	9276	4649	8538	16517	15394	7637	14932	14726	18486	10756	9108	4272	19714	1845	16277	18359	9821	2478	8211	13148	16188	15320	8469	9717	14728	18074	10929	2839	13470	16610	5870	5470	14784	9069	8198	7480	1743	15258	12642	16359	2206	8519	5374	12196	8035	10638	4772	3799	1687	11625	6890	6008	467	2994	5046	4678	5838	8402	6651	12643	10241	5754	1045	5346	1752	12959	162	6499	19865	7908	1793	17345	16974	13770	759	12603	11709	6081	15682	683	6039	6669	8607	13213	2405	12259	2896	3247	14680	1804	16488	3339	4907	7082	17621	16382
5019	8486	3645	3156	18466	19843	18298	8962	5521	788	4274	4751	13834	12562	2691	15705	19116	925	4255	8541	6196	13595	14418	19663	11061	7220	2392	1862	15379	16448	1023	4690	10818	7217	8130	14056	2677	5697	13547	19593	3717	8304	10227	8654	18190	10618	13858	17203	11181	17873	19238	10967	4123	2841	12571	5772	7702	15101	1098	4871	14747	12934	4835	8823	13256	986	3530	19575	17241	6740	17169	5611	6128	1114	4446	3416	16213	16478	11318	11048	1428	18703	5877	2612	4022	10802	16270	15096	19538	19969	8989	16186	12561	13135	15923	1853	17788	8331	7755	15358
17909	15434	3674	14556	13980	12105	5267	2066	7832	18131	10	9629	15235	15161	9986	2969	19132	15153	15640	6913	529	3761	3906	10841	17417	5317	16224	2501	2553	11417	5174	9544	11834	4785	11181	13936	13874	61	13984	4191	10407	7581	17748	12126	3904	2655	6000	19353	8043	12311	9000	15714	14904	13342	879	11155	19729	5421	6794	15641	2088	162	4362	14958	5804	11079	12590	13100	8729	19802	19044	13093	14780	19900	7175	3616	12217	12808	708	7642	9431	2750	8913	6578	12580	13897	7550	17315	6063	9966	4074	14280	9849	18935	15353	19279	12067	4534	3961	18861
1738	4445	19926	17851	15870	16916	7110	3709	14823	6829	17975	15214	10233	15263	13814	3816	15772	6583	12470	19853	19429	13532	9014	6436	1246	10589	3365	15725	7826	10203	2593	11139	523	18317	3189	6957	1678	10319	9630	12123	10317	7550	15356	5611	9227	1528	8797	1644	1169	19898	15498	11248	631	14032	20146	15063	10822	993	198	18780	11230	2206	4546	12743	3059	15262	12486	11808	2750	15530	5153	13670	5797	14574	17541	11753	5868	11686	982	13	9273	12024	9659	17906	10946	3961	7292	7184	11918	3875	16712	8000	13176	1967	1538	6603	18315	13922	15358	414
9989	11979	18558	3203	15009	1988	1403	10191	14428	9052	10444	2546	6975	9366	18763	19148	1500	3679	14742	6708	9704	16816	4360	8315	11198	14714	14635	3096	16310	17446	8604	16752	4875	15008	9495	8711	9434	16303	19995	8936	1596	6968	1293	5699	8465	6930	215	12287	18748	5831	17901	17104	9221	10786	12579	13145	17501	13877	4335	10357	10402	5761	3362	3417	19770	16501	18131	13969	6469	8652	16113	12245	7284	2894	13361	4939	10757	8209	5153	15415	17769	16325	6989	18629	11606	7861	350	12310	9180	15530	13258	3443	5708	2964	11093	2124	7912	17091	10201	5665
425	5654	8534	6142	6657	2810	12160	7723	7902	718	19170	13173	1281	17102	3588	17128	10718	14149	5499	11085	9604	1469	6765	1977	6171	95	17144	17927	4970	10434	9581	3600	13375	3907	9345	6816	11135	9080	18202	4550	8396	16099	162	11969	7099	15740	6423	2229	6760	13584	6820	5441	14309	14974	7791	2541	11794	1378	6787	7310	11885	678	11273	12275	16385	14456	19574	18188	7925	1356	13614	6415	913	17530	9837	14663	19652	8771	13155	4166	12933	10885	8639	1686	887	15296	8752	14023	1395	10028	5414	10696	11710	3087	15038	17199	14709	10145	19429	18728
17381	11072	721	5277	957	3508	12999	14998	4393	1830	1427	17358	14272	7796	15950	3146	7848	11910	8410	17223	6161	797	1601	6426	17021	334	16204	12492	7772	6522	19720	4267	12558	10642	2289	18574	9301	17246	18803	6355	11834	983	16930	232	16122	11071	4822	16814	13127	18988	2829	4774	290	12062	6843	11181	17873	3859	16186	175	16777	12888	244	10814	16723	14398	4039	19872	16902	7295	9543	2680	5701	16982	2046	18231	17683	596	7170	12817	5726	9626	11084	7508	18835	7585	8692	8824	1806	4457	7630	4381	3791	4585	14764	8809	10108	4542	6816	18511
1134	3087	13770	19712	12922	3105	7729	9407	15735	18879	14032	3153	9240	9178	19862	7534	10941	7297	3846	12811	16159	8918	17028	13902	11918	1853	17661	18319	14483	4279	7200	9743	14757	13868	3532	1041	18765	12363	17567	13527	7806	2810	11684	2536	15477	10978	4445	15060	4647	2905	8737	7857	2278	3271	1198	20142	5338	4743	2721	10174	5359	7378	4303	8655	10175	3661	16917	733	3076	541	1688	9369	6221	18741	16688	4486	12346	1404	8761	11830	12747	6632	3652	10329	580	3431	5893	8489	3159	19980	3442	12492	8879	8779	9274	348	18033	7377	12106	8156
16690	13135	13144	6371	4386	10897	10600	14181	19932	6085	2945	18361	6839	311	7976	13178	9269	1766	17161	7675	2193	5629	4977	3670	9577	5475	13927	9389	8140	6406	17832	3610	17624	16151	2520	15855	11199	15163	7195	978	3307	765	12487	13748	12381	264	9040	4772	17110	20147	9923	5055	19173	16676	6913	8121	2020	17830	4823	943	11299	3304	7517	16913	16083	11223	10942	19765	6306	2158	17929	3093	5337	2965	14978	12892	18921	11181	5673	2746	16708	14196	14461	18770	12180	8765	14825	10813	13553	11686	9589	8357	12575	7079	2300	339	18160	16256	18581	4531
9207	12650	16910	8012	8987	10327	18837	7377	16363	412	5299	9735	9040	16323	18328	16052	19926	1236	6900	4823	1707	12004	17674	19980	6802	18682	1894	16716	3314	8682	12512	7964	3783	2155	3412	8204	12514	11122	19822	14820	2283	4402	13262	18840	18860	894	9456	10772	2514	16088	2404	19870	10157	15840	12101	1809	12251	12378	4803	16802	941	17165	1105	3830	12579	7920	12219	8217	7998	9101	13873	6930	857	6180	9822	19073	1182	1763	4894	6050	80	9719	9595	12	12283	18402	12645	2906	7006	172	9894	9568	14149	1543	6580	17052	13260	15239	10824	8223
16249	19304	10208	12530	14032	3677	8206	12424	8776	4344	3837	15484	14914	15221	7180	15802	15928	18059	20009	13326	18622	9038	16659	9920	18586	15493	1016	1588	8021	2858	12363	10170	12869	19609	1227	3168	2868	11657	279	6586	2598	1350	8092	1481	12611	14804	19457	17520	755	2300	14726	11735	9411	5617	9046	5599	11464	14738	2255	11281	8270	5068	19906	8336	17168	17532	15021	4671	14058	19814	13386	9061	19228	7796	19304	7790	13062	2232	14417	12999	2657	7891	18238	19877	8431	7605	16874	14162	16309	5551	8292	5193	17493	11663	18524	3541	4521	1474	12718	2612
12173	15650	16393	14457	8778	4291	6063	5917	18974	3169	4014	7897	3639	15909	11891	3568	7744	8339	10562	6887	18633	16605	15823	12048	19085	2680	3045	6899	3792	3165	17421	4804	17530	18101	3594	15756	3571	3218	12325	12743	1488	4911	19145	3099	16488	12469	16584	11418	3800	232	976	20188	1189	6421	3761	1153	17530	4397	9852	9921	8130	18858	16774	12389	7992	17683	1993	16611	4796	983	5271	13880	8302	17800	17227	18293	4910	10037	7556	16112	7443	19705	18273	6846	4636	2624	10937	14820	14321	11880	8697	2854	2662	16121	18951	9040	11969	19276	2630	18779
7662	1258	17396	16443	14783	10981	11993	16118	14820	8727	2012	590	10497	10525	25	18637	4568	12363	16776	1508	13974	2946	7336	18656	10109	7968	10293	5212	13569	2042	12304	2834	3191	14592	13664	2564	465	14656	20182	12467	2448	1630	1037	16840	4063	405	1246	11870	81	524	19863	16713	19495	5232	4230	12780	10037	1307	894	13731	13344	5202	18186	2839	1562	4796	8637	4606	6980	3132	19665	6839	19624	1990	19761	14793	4564	7954	4898	18244	15655	5328	19449	19664	16860	17646	17350	15138	6661	3696	10959	6034	11983	17902	8403	13322	644	16610	3424	2260
9843	19326	12901	13581	11763	8773	7886	11826	1541	18824	3532	9362	15410	19624	9635	20041	490	188	6618	15642	7372	6075	7881	11511	12758	5538	1276	3475	11696	4957	14362	5438	12808	4552	14742	11075	14318	8396	6047	6228	13685	2799	9210	15384	18021	12776	15158	11201	1118	11155	12537	15876	14540	8456	7735	15976	19522	10092	18499	8788	2150	4072	6838	5107	16045	8683	3821	3640	2157	20170	4614	15072	12667	14848	210	19614	6209	12244	11974	18299	8089	16231	12872	1663	17346	7781	5245	8821	6246	4301	3719	7048	1646	751	5193	11244	17408	14492	15549	4277
17502	14420	8509	18638	8538	5305	446	1517	6128	18499	1379	17375	2275	667	1842	15358	17494	16860	19375	3404	3026	19535	4907	5594	12888	14639	15243	10473	19908	20010	9413	14770	17882	8592	8828	5047	16486	16108	654	17794	13605	16721	15991	17434	11884	3521	4350	6991	18072	6369	13050	12059	8752	13853	12264	3859	1509	17333	8869	10089	15185	15495	7346	12067	17445	19635	15154	18647	1301	6517	16732	5013	2861	10737	19726	8214	19447	20119	19232	14049	7621	8275	279	15136	12297	7475	3389	16941	14642	1918	8128	18384	18778	9345	14738	11896	9964	1195	12328	19760
18293	857	2447	18438	3403	9253	14550	14648	449	7917	20076	16407	6531	9458	1455	10241	7356	6673	5398	811	9065	14933	18986	4568	8863	9164	11405	5418	1988	697	6351	11010	3497	14793	3278	5323	10753	16148	6339	18143	17431	3409	5075	9316	5473	9612	5956	15118	19316	10667	17732	12057	10873	872	5654	2121	14648	19342	82	15977	14700	1016	1126	2506	4003	10828	4990	14010	1229	7045	14922	8710	6815	10096	15326	3111	19369	9431	15514	9202	13701	18276	14583	13768	9716	15677	5719	12129	10491	20069	4316	13326	15001	18748	7086	693	18309	18796	1643	1828
19598	361	3365	12167	13738	13361	9176	4397	10655	16190	13097	10976	10623	10020	12747	19374	12862	16676	14555	12623	1416	2369	802	3993	18039	2244	6878	5483	4990	19508	9204	17648	11431	17290	14293	13534	16667	14174	8002	12451	16201	11395	15354	2986	6715	7633	17634	12897	534	8081	6149	18282	17396	13127	11079	18842	6176	7422	18014	12558	6089	17451	5116	18188	18800	5065	16380	2909	1282	10507	7377	10150	9912	8930	18190	19675	7741	935	12121	17163	2406	6276	3964	10339	11110	1579	14698	569	13321	4392	6104	19085	5492	9748	4558	10517	5755	801	13070	918
4570	11694	9473	3131	17212	13051	14664	12841	166	13850	18372	10444	17525	1118	3824	6132	4135	215	4303	7743	17859	16873	16910	2890	7809	11781	10108	8819	355	8058	13110	3431	8214	17760	2721	8394	17488	14501	4796	1455	18457	9608	446	1966	2108	12544	13153	1347	14287	17135	18868	28	2061	17881	8226	5041	19115	5379	6592	5328	15198	12735	7075	2278	10783	5650	16595	17417	14549	14371	6519	7956	12381	10079	5392	17533	14410	10174	8115	12953	10215	16989	2181	1630	1780	2777	1661	12512	19501	9223	1206	13279	4527	3833	15891	17636	16605	16055	6839	15568
14358	14187	7484	7873	13105	13000	1640	14745	18713	8208	12504	19664	12043	19120	8742	17326	13671	16723	9418	10104	11419	10314	2850	13569	3444	3403	7304	3502	13622	9168	16676	20202	13684	2431	11915	12611	1787	6713	6238	10822	1992	15368	10959	15101	17246	18707	17840	4854	5242	7998	7976	17126	11035	13805	19771	2851	14799	15600	17194	17893	17028	12333	8897	12053	17237	12793	18545	15769	11508	15332	6380	13874	12661	11205	15992	19003	4823	16483	11689	11899	19805	18964	35	13448	4590	17759	10411	18072	8746	19019	12755	20032	9881	19622	8444	2751	7480	1372	15564	12486
14816	5686	18962	8262	16552	19736	7121	7292	2710	15871	7877	12533	17915	17166	13713	12060	13203	10515	6279	18600	7056	7274	10070	10468	4499	15021	14501	12215	8396	6451	13559	15950	12922	5134	7447	18890	1365	17455	9581	3096	7452	12412	10548	11449	7025	15434	9926	8362	1524	18209	5740	10736	9751	296	449	10785	957	9087	2245	18329	3787	17008	4969	5607	5967	6988	12868	8140	11328	7376	11084	16229	13597	7075	9223	18661	7638	14849	10088	2692	9081	3816	922	16642	524	12230	14827	6082	16731	14527	15438	7713	18201	5960	426	2056	13674	45	3264	4771
13805	12252	5725	8091	3782	10253	6236	17707	15098	7384	4421	14663	16125	15079	14424	14626	4939	17724	12427	6278	9843	8671	5870	5560	1810	18434	18	6983	13000	19454	2833	4591	18013	7065	17504	11811	18344	16458	6572	3207	838	3966	582	14229	14321	14822	17150	9387	15400	3880	7601	19594	3028	7952	15583	11980	10088	13518	6653	16237	16574	2662	7247	9697	14513	2945	2073	3294	10046	9895	6596	9415	18505	6495	19017	11559	9903	12178	3898	17038	14799	4924	4649	6338	8738	749	13147	17166	18512	20109	5340	12001	12835	2440	19606	10112	3782	12326	2737	19622
7162	1541	18127	18734	232	13241	18785	8310	7507	19327	5068	10459	13858	4266	12905	1826	14210	1778	13425	8999	14352	1452	4776	6432	6103	5017	4133	446	19280	13490	15237	20009	15509	3341	2068	9307	15400	18201	1542	14279	1487	4613	17435	5940	14893	16791	7632	14242	4883	807	967	20100	17391	15412	10329	2612	14258	9467	2751	17535	17254	4643	5838	17971	745	18620	10830	16708	9252	6376	541	2735	9106	7730	2440	3960	13064	19903	15586	12254	19202	17304	10314	2009	18391	1104	15506	3104	587	11725	6184	15432	7929	12568	17494	17356	11585	2473	14165	7347
12964	5442	17635	12381	1867	14485	111	8189	2066	13216	13207	18586	5591	16109	17055	1007	18305	15504	18438	1916	6163	10152	15361	6374	15983	15336	4594	5356	18249	12117	14773	13806	18780	20172	5371	17484	6855	3685	17751	10697	11800	13254	11754	19109	1023	17981	580	7199	10241	17395	16299	15270	19381	19511	1994	3973	16484	2881	13500	17255	3195	838	7347	5612	12710	2233	14010	2233	4393	18750	10785	14964	3232	3312	12475	1585	13598	9338	10429	3042	7723	19676	4306	9992	11976	4706	9728	5189	20182	1492	5284	1941	10188	7329	17680	17265	17687	9078	215	3196
11656	11125	7377	8995	6301	13376	19836	159	7713	13701	3294	5961	20109	2130	16175	11215	11326	2612	6342	2255	7505	10387	8892	3804	15480	15205	18249	16013	1375	8544	14084	7722	8738	13782	16013	1708	13392	17896	7075	18914	15120	2439	2881	15889	2000	12990	3086	4083	1996	8469	13689	15065	12559	19539	19564	8255	3682	9629	2682	12754	6983	1652	17304	11448	4633	13728	1979	8354	4921	8419	8389	17383	4558	19256	15790	17028	5591	6577	12048	19170	13893	13539	9373	16128	5933	1059	5157	9777	9449	8264	13756	6772	440	11168	2874	9641	3728	19169	10315	19318
1813	12479	10031	1719	5041	16193	8181	12366	13562	18091	5398	8533	19882	16771	18745	3140	9335	14492	17683	1404	539	408	4402	17370	9623	19320	7369	14728	1669	10312	8325	1056	12836	13900	1331	1036	1972	5392	12802	6887	580	16342	9900	5212	690	1224	7682	19253	4738	8085	449	38	11976	16902	19119	11452	5239	15786	13922	6775	11200	7297	2367	3456	4892	9429	14307	4344	19955	1718	17664	11471	14963	15358	11398	6303	11098	14743	3062	808	17783	2425	12742	11346	6932	8179	3576	6117	7877	1161	11413	1153	8256	18909	4143	1224	15739	12925	7731	8661
15285	18158	7414	14749	982	408	9458	2737	2415	9383	5769	7487	10890	17528	15597	4674	965	11170	13907	14609	17828	6037	5569	1114	15146	16590	693	8484	19917	9374	20070	16866	13398	2408	9694	4492	8449	1391	16472	6843	12185	4468	18338	19710	14251	15878	10879	5789	4873	2806	4781	3366	8702	19957	6910	6568	6465	6992	13570	5274	8748	13935	11768	17733	1159	16461	5250	841	1711	18953	200	1753	7893	18388	19065	5476	10769	1121	5233	18005	3670	7651	10385	6568	12945	10842	12015	5079	16975	9219	8055	4530	4399	13917	7270	10803	3992	16429	2026	8517
13073	14980	18678	11186	8116	11248	7908	13244	18751	11535	4300	17677	9443	11223	19049	14825	13624	10145	14849	7840	8461	20142	15471	9083	11811	10079	5491	17770	12685	11412	16203	15145	3163	14258	18951	8035	4831	5049	11201	16224	11561	2312	7423	14952	13778	7858	17340	17742	17263	124	6355	595	1853	13191	7564	18833	17138	6046	16271	10381	19892	8001	16165	3493	18617	7521	3750	8721	17012	1950	6190	19019	10038	11430	7183	11624	18336	1363	13930	6723	16835	8055	684	12777	11005	6624	9172	9433	10859	10932	7612	10196	11823	15358	7308	3680	11090	2808	13946	17651
16282	12591	4696	3825	1023	16574	7406	8326	20015	9049	19862	1776	1617	7296	8512	4591	10818	13708	17747	2108	9040	17260	965	19471	5022	5638	12025	56	10453	10714	15331	2132	4552	6941	17547	19091	5475	17374	1799	7133	16326	2936	6101	4117	11919	6935	2871	18144	449	19041	10004	8489	2978	11418	5027	13802	9796	13244	19730	15000	636	8477	2186	15133	4886	18849	7846	19926	8292	13865	12915	14428	13220	19255	2050	3460	19508	14890	249	7083	19989	10990	17654	15753	14071	14870	15280	6292	1237	18402	8080	18765	18871	1843	11220	4034	10994	12927	4091	19715
1482	5679	13007	18794	6196	19218	5854	1842	15424	1742	8230	4322	16828	14508	19411	748	18824	19533	18173	488	18673	19079	8237	14685	13152	9738	12170	15374	9135	12589	4806	3926	15098	8043	18397	9871	9933	19410	9593	6809	10517	8834	4900	5421	4720	18783	11558	938	15585	529	7575	18913	15193	8871	10845	2067	15889	2376	12381	13485	10325	1688	8917	17875	13673	9077	12620	19541	16995	13051	1371	12684	6981	9301	12333	3947	8018	18652	15384	6793	3580	17855	7466	1556	10008	3188	18032	4920	12178	1048	2458	10165	13680	11532	859	19878	9397	13212	11246	7646
2242	819	18362	9036	2972	12706	9639	17564	11754	2410	6005	17282	4066	18862	8085	10089	20011	7359	7180	12518	17721	1044	13374	6545	12341	9072	1804	13657	2157	3819	19652	1058	2553	11462	14326	18316	14708	4942	8419	7141	4470	13864	2085	17191	1311	6782	9572	6099	16670	3992	16240	10556	6389	9516	7949	19623	8771	8857	13596	19820	17253	1092	3445	16217	15191	10256	9470	3775	18074	12793	9379	11785	6150	14608	12166	16249	3145	13592	12586	9061	17800	2970	390	17905	18678	17922	17398	13764	18664	18722	20149	7589	3067	10606	9403	10218	600	11245	2838	13447
12568	16947	16090	18946	3660	817	9061	3215	12668	11342	12189	20171	15931	10852	16925	11961	11650	18770	1441	4767	2580	5055	15563	12697	19184	7274	5901	6270	1301	9997	643	233	6190	834	6236	18824	146	18472	5555	3164	8280	4589	11491	6370	16777	3606	16883	17989	17872	14883	11616	14187	12476	9824	3777	20156	10927	8096	12827	4201	8547	13171	14572	2677	4445	13945	12879	11877	7470	14793	19190	13879	1048	1813	19772	18675	15206	1368	18426	16283	1347	11336	10119	10001	1874	14764	19389	19730	11907	2810	5133	18933	7298	19712	791	7020	20022	3382	6615	1141
11924	17052	8349	1502	15496	11218	16948	1082	12373	1411	3605	912	6967	12320	4902	19807	8312	10387	7679	15750	16308	12535	18293	2343	18454	13143	11627	8086	19091	19317	19973	1180	18988	18371	12188	17456	14876	16891	8161	3485	6246	10746	6326	5767	8998	4386	7658	4255	14150	8268	17064	1111	9562	13438	9607	8818	18968	9612	13593	1880	13154	12214	13602	15194	3947	13389	249	1482	16494	19074	13217	17255	10540	17184	12225	16393	4579	13214	16463	19177	7406	9485	14556	5476	3908	18021	6313	923	16178	1650	3170	994	20072	13358	3531	2086	5546	18255	18202	11963
8230	2498	15816	17223	10407	997	9962	15572	16027	8713	4291	8746	2656	10700	15537	12868	10947	17236	63	14848	7478	17058	19622	4935	8275	7934	6835	1169	11917	10343	18622	9261	15504	12036	20056	3411	8326	9940	3681	17288	2871	9108	7460	8982	13307	5725	695	13101	6103	3437	1454	1819	18556	17322	5285	18433	14530	17714	14416	15980	10142	19286	3316	1857	19065	18446	1467	11513	9860	14563	12162	17253	14745	15990	10029	3145	10016	18025	6019	708	13004	4811	15568	17087	12139	18284	8272	3207	3073	16037	366	10247	13430	13041	15296	12207	4599	4810	1445	8407
12990	9554	8195	388	6360	17181	11068	8251	1412	9228	11956	9410	4359	11645	9416	1430	11555	17986	870	3379	14525	10631	14400	18662	1055	9441	10964	14573	12004	15509	1743	3486	18664	19069	16954	6428	12275	20204	14119	17066	16752	7111	5503	11153	19158	2680	11012	16589	2269	15665	16188	15431	10077	18672	8984	1169	3534	4027	18357	194	10830	11487	9252	1585	442	15559	16048	424	18817	7276	19570	8642	16555	11075	5250	14130	2777	4277	2072	1001	17144	10869	9992	77	20051	7767	919	686	10189	623	4275	13495	15635	1542	1458	6937	5901	19803	9436	15504
5208	17300	8788	10276	5459	18780	17635	900	13982	18059	19474	12254	2636	14858	12897	8570	7798	1480	4017	9473	8425	19148	13244	17900	11457	1383	10611	3582	4446	10288	274	10933	14976	12754	3086	4743	18042	4841	3472	400	17696	3029	17374	5657	1037	9941	15540	13344	3200	7124	8070	11780	9925	5949	8598	7417	258	16910	11659	13889	9304	14354	3645	16050	13171	15496	4113	633	4579	8894	6810	15202	15549	13472	7056	17975	38	2293	6248	14591	9052	15762	353	4661	13774	16796	9761	12557	2024	7902	3105	15754	12786	7484	6351	17488	8102	16575	5492	12849
1383	1026	14745	7142	5068	11473	9767	5933	4802	16251	2392	19979	3255	14426	8779	11688	15509	13002	8128	353	14494	19721	15589	5906	2477	3089	13803	2884	14191	15164	5834	14904	7493	9472	10459	6264	2739	16314	11682	5417	18214	3608	14260	9686	11695	17252	3620	9704	7466	8108	3803	2046	11919	11796	19522	2289	12468	15297	17821	5594	19977	18728	11812	9912	20013	8612	6150	17043	3612	9992	7249	18484	3663	17204	17241	10026	13185	920	347	5470	12686	9394	3967	18573	17911	7743	10096	1661	7195	17383	15349	20108	11589	2362	1169	636	645	596	12692	19142
406	4173	5858	4791	12475	4167	10814	8503	15890	4149	7926	8259	4	7310	9443	1582	10109	7441	13753	11302	10103	13915	4098	2983	15094	18881	16956	9327	12674	11403	14470	11827	19928	1143	17374	3901	12297	15001	17912	19585	11014	19102	13757	3706	17760	9310	4692	997	10024	10732	10584	19749	16609	17876	7310	12864	8116	17481	17715	9464	16201	7266	359	14108	7908	17968	19469	17737	14521	16725	16229	8554	9619	388	3124	1403	14637	11366	19696	16670	4911	19049	1390	969	18387	19623	15829	2646	8569	61	17879	13747	7067	4723	11968	1510	15277	471	3876	13424
798	3494	7107	15314	2574	5375	16673	20022	5379	19761	2674	20194	8281	7734	763	7717	12166	16183	1902	16961	514	5436	286	9366	7071	11338	6212	3653	17672	555	694	12024	9006	16386	18793	8778	14320	19534	3089	6061	14301	497	13912	12313	11338	5537	19928	19030	4915	5963	1645	13057	15864	4422	326	18226	8995	4933	15560	3445	17572	19663	6235	170	19890	13524	7311	11483	17160	19769	3496	7123	17623	5011	13766	3267	15348	16417	5637	4810	14416	6375	12055	5882	9644	19497	19770	13436	2297	797	6703	10596	5481	14871	9757	8011	872	6264	16904	4305
11911	14573	5450	11016	12952	14206	3587	9327	1398	13973	16126	9218	5402	9683	19878	14609	6184	171	14772	16432	8089	8442	9541	6854	8535	15964	9974	18512	13265	18098	5517	20146	18620	18535	6755	8665	9572	8672	477	16102	15882	4281	11376	1900	6835	12784	5487	14695	19357	341	14960	8909	17264	8103	5470	3653	1948	2042	12660	19628	6682	10201	11302	6552	5079	9232	16814	1538	5157	13401	16695	17959	19525	11808	6121	1857	4957	478	11267	9918	17642	800	18720	10740	5746	1533	849	4924	6040	18242	4835	8461	4301	10769	14892	11710	17391	17450	9247	15944
2745	5557	3703	6914	9641	11443	14622	17558	3305	7238	11110	1111	11880	9696	12620	7045	17216	1408	11505	13088	8188	650	2297	12735	6570	11884	17827	10950	6747	9737	1408	12277	18899	16583	13216	19271	721	1255	20200	10071	14914	8701	19194	1126	16613	13339	13333	7958	17565	11035	19142	14666	8566	5245	580	15214	7708	1037	5804	17621	6285	13881	13599	19629	7546	6747	19188	1416	15690	8131	17313	7660	285	963	1242	4224	996	11049	6140	12253	9849	734	14265	15066	9480	12409	8489	14049	6982	19652	18398	6673	9435	2997	17380	15280	1164	17737	15416	16238
17227	2604	17082	10332	9893	15771	17456	9139	4198	18443	732	8461	2075	12612	13279	9000	10468	14227	11528	8128	11189	8857	13906	413	15082	15862	19836	15154	11445	1114	19870	14074	13374	8075	9348	17604	13377	18785	9526	14560	9631	15063	19483	10854	5894	9860	1211	9254	19888	8315	1469	5569	1048	6709	14235	1703	898	11531	7403	2660	15995	16776	7065	9797	18406	3683	15144	7182	7528	15412	12888	9123	11394	13622	1171	2021	8771	11226	8359	5424	17779	6938	7241	9581	483	2311	12235	7921	6495	10562	1528	14456	11395	10753	5325	15826	13585	4678	18962	674
3820	2221	7079	9125	309	6541	2058	13365	13281	4742	17115	6946	174	6186	7826	6550	13306	1854	19527	5941	8897	16084	1065	5109	224	7918	10248	465	17041	11796	8779	12366	17618	13596	7745	429	6935	10256	140	1912	4086	2744	696	14005	9031	13658	8548	8710	1491	17812	3469	13540	18021	3072	19457	154	14556	1515	4558	3373	9710	16842	7319	20204	5695	6499	20003	1662	12455	14525	10384	16047	3121	14817	4402	4021	2441	9262	1550	15235	4574	7951	11366	4365	6307	8522	6120	16510	19381	1665	2855	17800	18173	19171	18483	15023	10735	2730	3304	8831
2516	8596	6545	9087	7375	15374	3924	3278	5478	7027	10733	4108	5277	16078	8981	11784	15440	18928	20002	13649	8180	7382	2861	13268	11645	12682	10142	6187	12775	3818	11404	8440	14583	1821	16156	13771	14925	4012	3278	7177	17996	8243	15656	3540	3189	5234	17122	1238	19177	3237	10189	19638	2642	17964	16796	1250	16474	17606	12373	11509	1375	3530	14287	1949	8566	9001	1750	4219	9582	19190	8206	14050	10714	3805	4566	3519	12760	2570	19997	3164	7782	13193	8612	9659	2260	8980	2171	3428	2323	16249	8408	7700	13945	13605	8332	15235	3160	5296	17930	8436
9597	8354	9688	8588	5639	18151	17788	8409	19057	11048	9830	10730	12492	10386	20084	13399	17844	2540	5632	13502	12747	3391	7912	14005	5686	8574	15597	17979	5742	6622	18309	18016	17599	8480	16049	5926	3717	5359	16496	7566	11456	11280	10747	692	6064	7539	17228	20152	14427	3606	12665	18637	2266	17870	8171	19846	1278	6952	18861	8511	17501	14743	49	15384	12992	11474	13220	1492	14048	17043	13700	1630	2553	10065	3593	7716	13638	9557	7295	7170	1142	7207	9379	4792	9017	2120	19666	3165	12581	923	5398	7367	11721	4924	2356	6682	10983	2121	3025	18875
125	15540	17335	16290	1509	11907	5932	6399	15898	11414	2178	11150	3767	11322	15142	714	11150	1389	11965	5286	17273	11695	1052	11267	19081	9911	15436	9580	12364	1537	4032	14258	8436	18862	18354	9119	16948	5635	17276	11144	8918	13877	17489	3894	7401	8425	468	10903	10439	1048	20140	2178	11884	15266	14825	17771	14723	15673	9394	8403	4591	20013	5607	4098	12160	8508	19520	564	8598	18931	4005	7820	8968	13731	12326	1646	2465	18659	9509	18516	18054	5387	10340	3421	14321	16486	6992	13448	5147	338	9797	20084	11982	244	19300	20134	2061	12758	7057	2608
17384	6990	8738	6117	18516	12280	15212	3651	5935	16664	12015	4812	524	14307	14611	14973	5681	14780	507	9557	14861	1121	14206	7377	17201	11290	6163	15359	19211	1524	19192	358	8332	10539	2641	1598	8407	1281	5227	15050	191	10079	17973	12381	353	15314	2160	11884	5997	12149	18701	20017	2506	487	9270	13575	16792	7973	7333	19200	6346	6850	16754	2644	7499	3894	424	746	1768	4290	4715	5078	3072	9014	17414	10693	9016	15352	2347	6557	10447	7247	18646	16604	773	18313	3508	984	16756	10257	10504	16185	3717	19137	17876	13554	6540	653	2107	1742
8417	14033	18291	18919	12593	14045	16290	19980	4686	10373	18106	3273	4437	5463	5937	8651	694	13971	28	2339	1722	14692	18379	6663	689	19019	12241	2434	2570	17496	9271	13653	7988	1751	7964	10229	18861	19718	7517	741	8476	5708	16903	6982	5813	18031	3002	17662	14795	14216	9197	11700	4059	3746	14536	4253	10924	9621	981	10675	10203	3677	13815	12400	3529	425	13104	15929	9889	2752	3902	15643	17608	18951	12164	931	5159	8186	11285	18429	14426	4953	9087	11373	3824	7237	17182	5765	12961	20198	4790	12954	12584	12206	2876	1553	14667	4242	5445	13167
1993	12792	17968	57	3653	15138	9923	16124	11204	17935	7237	9464	7508	12359	4650	10735	16579	15936	8315	10470	19120	15590	7274	3104	16620	5961	8068	17323	9277	18111	13669	15663	1615	6363	19489	4727	20032	5526	8390	15449	2562	11133	746	14370	223	5288	17798	3309	14434	10614	564	427	10927	7662	4945	3623	12695	13026	2739	957	17659	4439	5390	3211	1938	5725	16816	17673	7844	13635	18629	14272	9635	10240	11788	12419	43	17696	11800	11160	5657	11815	14413	8154	11108	10067	10196	7080	16159	7803	13000	17407	2166	17021	10700	980	16217	9763	18448	6199
13400	16025	17800	5808	9305	5688	20119	2591	14157	18316	7375	14885	11368	17419	17174	5952	12594	19461	19407	5636	5047	3287	11967	5289	9710	5957	17008	14883	8012	1533	2871	4396	14186	12632	14196	19156	7402	17528	6844	16602	14060	14133	13176	13396	19449	13828	2507	10170	4667	17372	19140	4801	2817	20048	11136	2066	5283	8560	6127	898	3099	16102	12932	4168	11181	4054	8556	15863	14114	15025	447	5738	16729	10282	3183	13207	14150	8026	14594	17981	7926	17161	5118	14150	5319	11544	17728	5162	15234	3953	13377	7755	654	2729	1982	19290	16082	11555	495	1150
10611	15449	12535	2828	5723	15031	11055	13723	8652	6334	12050	8821	17579	1193	1238	3025	11910	17646	14960	12481	9432	12281	149	9539	11863	4987	4644	1950	2247	5065	1828	4195	1921	5419	10845	9026	17724	3191	18657	16891	12662	17203	9863	15695	5902	4276	15356	15590	17941	1143	797	17975	9858	5907	15293	2894	9997	19329	20057	3588	1421	5390	470	6348	11614	12768	4259	17816	9327	4030	17474	9991	11349	14773	10451	1105	14095	14555	3660	4718	4162	7142	1491	12092	6935	18901	9627	13047	14522	3924	5097	15052	6875	5157	15318	14365	8075	10869	3066	15120
10177	3942	4334	861	15323	6748	515	7213	14748	15134	10045	5554	13756	17808	2609	5131	5310	18698	6942	7528	10728	12103	20022	17754	69	19412	12936	6466	7297	7454	18323	728	6689	1346	17548	9594	3068	17943	15331	11287	16737	6291	18391	19292	7566	4039	17459	126	8547	374	1809	532	12686	18652	18777	16531	15841	17453	5265	1961	980	12599	12210	4521	7943	10042	13123	5357	4855	8955	1941	18517	3562	17519	19567	19287	19085	8230	8130	14998	5123	10233	4683	898	5049	7319	4322	933	16036	5995	10881	3879	7501	9300	5938	11270	17018	11558	5067	8304
18483	17408	19871	17137	6050	18499	10602	11856	286	282	13519	4933	16080	3099	9757	2103	8631	1056	8761	3146	14643	7694	9958	8166	4017	6321	11434	14174	2298	19330	10735	19642	13166	8246	8053	2289	12064	2498	18837	19310	12021	10836	19600	318	11559	16291	5991	14391	4303	15757	18114	19943	10596	6338	13447	12986	14267	10823	2270	19814	19750	3533	6053	2540	2723	18845	6708	5334	19357	10161	12645	6518	11725	4230	19308	6709	6942	15145	15552	6811	3111	7134	9006	15780	16176	20158	1362	973	19069	1892	1469	10308	6389	7741	20185	9601	13354	1762	8704	17463
12512	15608	10698	13724	8503	18971	14153	15634	17458	16217	7718	2130	17430	16031	9166	9502	5933	4752	20149	13376	19539	5843	4896	18631	3501	18974	10840	1221	2089	18669	6202	9336	17827	16449	11202	3690	16531	15231	7925	448	17663	19076	10451	4093	6399	16682	2283	11676	1136	8291	17954	7535	3813	14744	13236	16102	12021	11448	11193	7083	16032	2459	9449	11395	17472	613	19080	17674	3450	15165	15494	1089	595	3343	19634	5257	11464	12438	13193	12557	4069	9767	15245	1950	862	18147	14675	6821	7289	2923	12006	5685	1547	13778	9158	8923	5256	11969	3983	9294
10860	13007	10175	11807	4369	9081	1150	14549	4156	12	16664	4965	4783	16518	13587	13982	16713	11619	15870	1449	14227	8476	15243	4966	1497	14954	18777	17020	18271	1573	7672	7787	5546	13843	8921	18681	10933	1975	525	1362	14921	17356	789	14334	8651	13929	6007	2289	7289	19067	15152	3350	2765	5724	12392	14191	19696	4549	1941	4004	12751	3084	18090	17484	14394	15574	14256	5742	18248	12954	10431	14250	18798	12064	13214	16220	12736	10395	8348	17870	15848	11566	11921	17914	17932	7152	17954	12757	2332	4322	18031	19278	12710	12957	6217	4421	1327	20070	16460	6580
1726	3704	18584	5688	8071	10539	6459	10665	13147	17409	17686	19457	15621	11168	14935	7107	1251	7621	18548	10367	890	4812	17567	16721	12180	5186	12476	16688	16422	14771	4466	8438	13602	9761	12657	8115	15038	10237	3041	1358	12579	18261	6759	7155	7854	3134	17442	3421	9635	14267	19375	130	15392	7144	3002	8517	4847	19238	3891	5325	6819	14272	4446	18960	11531	15094	11589	17829	8484	3805	12210	15635	13803	12362	5797	2962	2858	4046	10028	3105	11875	19706	6577	3798	18396	5546	1809	8284	19595	17658	14380	4022	6420	5586	10873	19586	17168	2193	9966	12740
15732	3125	2565	16617	14260	693	19193	14870	9484	285	13540	16523	11882	14895	5543	1581	3898	11763	16048	5417	15641	3751	18021	6789	14647	3706	3274	10142	17905	11744	15408	19286	8056	5414	5508	650	13553	11538	10223	18945	8607	3685	11975	6281	5536	10891	2876	10086	9467	10151	11721	11549	1202	5526	3866	5037	4121	5426	8281	8577	12425	19825	11971	3547	5675	9463	19805	15347	7064	6786	16174	19421	9113	446	10842	12603	19957	3304	8707	6323	18587	14991	7833	17094	12574	11882	17035	1327	14283	10500	18836	3103	13502	18638	17035	10631	13716	17204	15050	1661
19744	9288	3149	19375	16747	16826	1534	3572	5349	2656	3913	5782	9465	2692	11248	19785	12941	16869	15377	18781	17340	15847	19149	8225	19920	5705	11546	17929	16229	3237	19588	5711	1646	2225	3943	7576	4699	16505	13505	6703	5843	8373	3195	18976	2654	14921	11136	8407	2020	1654	16001	11530	464	5369	5201	19907	16912	17448	10978	18239	10640	12955	2314	3933	20172	3008	3818	7150	19853	8251	4480	17432	17885	11299	5454	16866	14783	18305	14559	15616	17804	9791	19863	15102	311	11956	5733	9201	100	17920	16518	2404	5798	16156	14187	463	6849	8233	3747	18179
8226	14630	5286	11351	497	12486	19314	14050	19807	16713	11289	11397	17310	18515	11370	7119	17012	9406	888	2175	2291	9763	9433	3052	12992	9274	12342	17397	5528	1704	7357	5572	18134	6179	17686	11519	5612	9738	5566	10113	10011	135	13394	18631	14077	810	2676	17672	10344	14825	8454	9069	13558	18802	4142	8899	18115	17257	6538	306	1967	10096	16375	4884	14762	7568	2040	7642	18768	2132	2070	1450	763	15774	16135	19017	4980	7581	13702	873	5554	7318	14058	4552	8685	9871	12439	10231	28	408	20114	19211	20181	12910	63	19854	14871	2765	191	20094
8449	16311	5955	16582	8679	7362	14807	2997	17806	18684	13868	11923	19815	5076	16517	12879	725	12800	12074	10960	18922	7123	2325	13050	11463	3841	13521	3025	13484	10174	5135	4461	590	20050	9979	11316	12571	10960	20138	20070	912	12244	2387	7423	18681	11923	17446	4095	8130	944	14758	6150	1766	15611	9064	6464	7963	17536	904	14077	11198	2134	16499	12623	7826	1155	14056	15253	10459	3830	17104	16299	15484	12685	2101	3779	1017	0	10534	10507	450	3255	17208	16050	4264	6909	7304	19705	1710	7037	5990	931	7214	18309	9130	6530	4792	646	5184	774
15778	13342	12362	7607	11070	4327	16483	9308	3819	18171	11601	17679	15758	13114	7447	7110	14495	10942	12090	18074	6155	3411	14316	7189	5547	1291	10174	16999	12514	19713	6952	9761	10586	17510	13701	12960	987	19514	13858	7506	11156	11646	10294	16083	14027	7848	15559	5065	4806	7144	1633	15503	13145	3763	15791	10941	19877	2626	3827	20203	18875	20009	1207	7980	13927	6283	12512	1563	13721	17789	6849	7322	10981	17309	13846	2735	14665	8357	1270	1089	17614	14779	10315	11323	6224	18738	13505	8838	8050	3407	10031	8925	1318	3349	14637	3779	8912	13750	6988	7138
19544	5639	19676	10278	14368	6539	6869	19039	7992	19394	14668	6686	4812	19312	8127	8904	12126	5136	2436	9594	9057	9906	15236	6019	19755	19635	5993	16682	7956	17567	136	5706	12230	19613	3833	11105	2750	12015	19749	13366	10822	494	3684	696	13623	9075	13209	11053	6715	16710	13806	5383	5960	7347	7566	8069	7387	10828	17785	11468	10438	4056	12403	15005	6019	1251	10601	5065	6065	18698	18507	11602	8612	13927	15038	8889	8726	13678	4271	18255	13592	14792	11312	19806	9832	14128	11329	1986	11167	5876	11477	8272	366	10269	12811	17882	14225	19059	19314	17398
4695	448	15841	5313	8226	12276	19964	1381	16999	16616	9833	5581	2215	3992	13688	18848	4303	18573	16260	13944	15038	9716	1159	8356	18703	13592	12923	923	11974	2564	13131	4269	10834	12807	15336	18059	2171	17143	19540	15975	9246	7713	15936	1729	1542	15659	12295	17723	9394	10381	18880	14394	7575	17912	5467	7114	4500	16376	18653	3381	17702	3195	17736	4031	3425	7019	9070	13857	52	16941	11780	8381	10501	10618	2229	73	14757	18556	9461	3703	7050	20027	19905	6480	14858	20060	1981	9716	16789	7142	6404	1652	19457	7493	5910	12934	10013	6356	17727	13001
9539	18383	3456	6083	11485	6067	14266	5147	4974	4739	13968	16073	17312	5730	4763	2252	6003	4980	7571	123	2234	4787	1432	14744	15802	9493	19085	4108	11597	10585	18334	18309	15716	9889	12378	13701	5665	18972	4855	15864	3777	17509	12749	17162	3349	4542	6064	4885	19995	11969	16912	1032	677	1553	5250	2120	11691	12246	5445	5566	18338	10700	12336	2031	19941	2038	2654	2108	17257	7320	18448	12478	15260	12751	8302	8295	1785	5349	2586	1994	16317	6473	9504	5037	15055	14049	8917	5632	12984	14909	10784	160	15600	18175	13519	6745	7803	16050	1353	11396
18957	8398	20055	2646	19086	103	11628	1316	11457	1800	1973	3785	10677	2565	5436	19732	19283	5086	20070	261	8569	14168	11361	11038	10983	19309	3495	18930	17509	18892	7875	3475	3791	16944	12980	6981	11435	861	4527	13039	13073	10333	10001	4495	17695	8930	4589	16682	14133	18708	9130	14833	5235	14354	11650	15588	4948	9894	3121	14802	3629	20208	7056	18813	2850	20011	11611	5043	9966	1717	11340	15891	3010	18817	877	8828	7179	8358	4539	5772	1808	17377	19466	11485	18947	7102	3350	2659	20054	16125	4634	545	13226	14143	16483	17221	16308	3316	20111	18751
3507	11664	5462	11739	19106	13819	13060	5290	18438	7743	6064	5811	564	2721	12148	2430	15322	1842	5052	20181	15640	14457	14191	14662	14799	6243	11199	16172	5399	17239	3694	15714	14035	6106	3468	17037	11112	3818	17723	19414	11123	3769	2229	12362	11665	4758	11739	3769	703	9072	16113	13192	3621	2124	7748	14264	6572	16374	4808	14284	15564	15740	6326	2356	16917	2341	15053	2959	17821	13243	3223	13771	15055	18475	7396	17039	19239	3705	17425	18179	19627	16070	13247	4878	6083	1307	15511	12429	18006	776	1026	13745	6262	16604	12981	7312	8405	15408	13057	12095
19142	1414	16376	13424	529	12058	17317	6496	15319	14749	14496	13322	9494	1541	10293	5443	3957	6250	15249	404	14371	4949	10344	18770	15765	15711	7010	19629	18096	3153	11740	13817	958	10899	3309	16109	4306	14906	9067	5208	16125	9894	10272	7180	13604	4715	8398	17	12487	7081	1431	8678	11303	18735	11659	19228	16263	17660	1915	32	14265	14369	1327	13008	10365	4335	17362	14427	4028	19471	1411	13406	2586	3389	17119	13237	9431	2009	17769	5872	8359	10859	10636	1727	3428	6480	19150	6346	5162	20190	11038	16790	8112	9325	14186	2859	5033	16695	12686	16054
7197	12988	16922	9410	1508	7655	12733	7881	9328	2582	20000	13281	9033	14174	3864	9600	10599	2682	14563	4275	1847	14781	13046	12550	18075	18701	4486	19959	18189	7394	2527	7020	6034	18684	10284	13168	3866	17122	7736	18750	5600	855	109	18304	10373	5608	9135	14927	6772	1684	19095	11584	10324	19377	2647	16097	11159	3915	10564	10099	11070	9914	18374	5349	13602	451	15778	2496	17878	130	12339	15201	12070	15368	4156	7536	4607	594	10343	8299	4803	16912	2734	1125	1831	7431	8987	6934	7677	14381	2459	8527	7526	5124	3385	19566	373	4122	13682	17329
8249	2534	9402	8719	19415	20137	14186	6176	4861	18400	1961	11794	13155	18429	15030	3868	11165	9907	9656	15228	18777	13368	15798	19461	12518	10764	18304	8649	8262	17191	19863	10120	3298	10279	15866	14856	155	3779	14906	17618	3659	16324	14196	15902	5897	5894	8359	11035	10981	4075	9919	12986	3483	3199	13102	245	11393	15750	11815	13581	204	10730	17398	11968	3255	5584	1466	14795	6490	9336	8635	10555	14726	17022	3905	14762	16307	4510	15764	14443	9103	18909	10543	19122	1353	12047	5982	1299	9644	3388	10026	7517	7138	1316	17150	10809	6644	14378	8062	10154
474	7951	19059	12469	2128	15103	6000	6855	5492	13885	12026	19109	17621	1281	16095	9070	9626	2436	2796	17490	12163	4341	9880	683	14612	14909	8729	3460	3472	1052	1983	9048	16360	2752	16898	3565	17276	17607	6904	8442	10460	6762	3391	4725	16031	8158	17687	10191	2046	3431	8880	81	2920	19950	5340	784	9921	5065	5933	11522	18629	10811	20047	207	6142	19071	9210	15064	1603	11851	937	19232	408	7698	18545	5300	10875	6334	18109	8023	19522	3509	2859	8828	7534	15511	2316	5686	1547	14326	16246	13829	6786	13939	198	13671	14150	18447	17808	6875
14173	15563	13723	6765	6902	16587	17354	10992	3660	5583	20101	18703	16145	18710	836	1190	9048	19387	19333	17241	18173	61	5286	14488	2206	8365	16800	592	6548	19586	858	8222	8128	12879	3428	888	6461	17642	534	15507	2031	20101	14569	18718	6745	3612	18397	15692	9009	17587	9243	11537	18982	14506	1353	19125	12654	8454	11786	18434	5120	5827	14580	8201	15181	6750	17759	18780	11220	10742	10212	14938	1711	5889	3007	423	9069	6878	13548	7547	1824	17707	13106	16466	19375	17064	717	17360	14425	10689	1729	4586	16791	7057	10018	19466	10223	2128	10970	18848
19025	1532	14194	5730	12154	8939	5937	13850	11601	8373	8288	11973	5916	19795	19080	14749	2612	5725	10087	302	15239	11233	11550	7334	15977	13202	2448	1288	15688	2442	16231	8086	6027	12492	410	15338	12225	5557	555	12412	20154	1540	16322	11792	12593	6764	15728	5387	10450	4783	9287	17736	1816	10580	16084	5612	4966	8140	2679	18605	3298	7507	3694	16326	1660	9064	14911	12421	16401	12198	5717	763	17758	5516	9502	17267	2187	2788	6432	9437	8944	16363	9269	10418	14738	14614	7387	14426	18333	19120	14729	8760	8151	2841	17277	7553	18901	6028	17009	19110
15191	19919	3243	7359	15410	918	13527	10144	13116	19717	18793	13081	17935	15622	7665	7292	4480	17181	10639	4319	15496	10203	6815	17182	11431	17018	12901	13800	16133	7123	7259	14659	6519	8727	3271	14506	13476	8691	12514	16037	8812	1717	8609	17411	4183	1593	3258	19931	17144	1990	17921	11201	3929	18829	11806	4879	12352	4198	3924	8843	16631	3411	9276	16281	8625	6404	2116	3515	5732	4709	4083	17931	20119	15819	10417	2299	5656	14556	1857	15263	19092	15010	18934	17733	619	6539	1589	5075	10300	11777	15737	17854	19139	8053	9707	11603	14410	1563	1012	17334
4879	8417	16780	18302	12937	17139	1891	19866	18723	13456	6451	2123	18404	2759	13532	1559	6654	8239	17935	11125	9346	6089	13517	16791	20100	18402	13675	13981	13541	17135	3416	19028	11358	5586	6870	4705	18317	8642	11800	1749	15405	15073	11504	19025	19765	18300	2797	15031	9059	409	9852	3616	884	16368	1938	16958	4987	15078	1868	17008	8573	8860	15008	11074	3177	967	6854	4391	9030	1545	9118	14189	6586	9502	15518	19102	15946	17586	13371	13540	9291	7038	15292	19745	19454	16237	17352	11696	7448	3567	456	12320	11430	14271	20057	2689	13976	11770	20156	11520
8729	12277	4209	14804	17383	6721	4272	16302	7787	14998	5989	2700	17912	8001	2107	8036	15980	16799	7144	15148	14524	18785	15060	1752	16664	2301	18796	6487	13905	15609	1121	14368	3918	4969	19453	15436	15428	11707	18516	13690	1771	3337	12570	4001	7584	11681	11932	13705	14779	12945	9914	6208	17727	24	3075	8893	8709	19651	12602	9056	1041	12516	10444	13731	11079	13873	807	19319	7275	19049	8189	4759	14960	16952	19785	12196	15980	10631	1131	16922	4328	4589	17643	16152	14512	8484	4005	11445	8871	1246	8348	8651	15472	20129	14494	19185	7189	16562	2729	2484
8794	11999	3200	15336	855	6480	16320	3924	13688	4578	16038	17999	8680	13953	13778	6216	221	9906	12841	10806	16440	734	4166	19814	19787	4401	4052	19567	16747	5079	17865	2602	7501	4704	18728	9254	15315	19394	8446	3678	14603	7223	17322	16108	11028	4049	17250	19551	14898	1090	1830	15336	12362	17900	15473	4501	5673	19276	8540	2492	4915	7630	14196	14585	8058	7480	10177	19095	2269	15149	4501	3705	11768	20056	14670	9835	9950	3993	4396	186	6519	2845	277	2293	8272	19932	16091	2602	10684	13756	13025	531	5052	16330	17259	8987	19069	4376	5200	14593
3145	9261	9031	6661	9415	3062	4751	10799	7120	3801	2580	14456	9382	1610	13716	11753	2225	14810	4498	5340	11972	11552	808	3819	5425	3108	10961	12336	17791	16663	2803	2399	19887	20096	8209	12739	4707	5513	11725	8746	19299	8530	2858	17770	8693	12079	2546	8912	3405	13714	3667	9310	15944	114	8861	20073	6034	4264	2984	8846	4135	646	3116	6963	4311	15272	4702	18777	12024	18793	14233	7869	18803	15985	5580	70	3174	8367	19597	11338	15955	7748	15276	4868	18818	8244	17082	12155	4568	721	19207	3420	16124	14792	10108	19817	9623	11581	14182	15154
6157	6715	465	3366	13521	1559	17154	6738	2867	17342	3354	11879	16055	129	12357	18311	13212	676	11745	953	2963	6769	5172	6459	12363	5591	4428	15991	3754	19769	7572	18898	4485	4634	18879	15656	15926	1712	18681	18397	2156	19535	5916	14603	7508	19658	9399	14508	13347	5100	14057	1972	539	6873	2834	256	1773	2366	2735	5577	11748	10566	16369	10251	911	10716	13276	5655	2435	12900	7917	2477	447	10074	11248	13328	16914	9291	20102	17828	3187	18809	1972	15238	1004	3824	4424	1858	12896	11748	8289	5669	7102	19169	16133	4031	20149	6185	4186	6279
1868	8779	11220	17322	14046	8856	10829	9402	11222	7931	1549	19318	675	14717	14723	15711	9850	18908	2642	787	6469	7893	2212	5884	263	16391	12311	13807	14345	3126	222	2983	3814	10981	18302	15164	1997	9441	11092	3060	5516	11923	9538	6703	10694	619	18226	1860	4173	9021	7022	13702	10786	11674	10931	2871	19937	7329	19106	12056	20007	19570	12431	17830	19774	12305	12692	15484	11170	1901	2540	15507	15597	3052	19838	667	5387	15975	16954	14288	17838	11444	5640	15404	9631	1957	3648	659	19132	3802	10045	8709	15830	13929	8440	17371	7292	15991	13282	11948
13781	14057	12999	20138	2525	8209	15564	4524	16084	7789	4319	3910	13521	2774	14	12076	13154	2643	12473	15442	10016	8802	14564	10169	694	10677	5737	1679	3652	5798	16643	746	11775	8404	16585	12164	5891	5342	4307	13405	12091	12498	4439	14496	1231	17768	19622	14488	12467	7910	17902	2759	3553	16336	8727	433	13008	10600	17257	12952	9630	3025	3855	2458	15099	13218	11492	12352	8370	5356	2786	16748	17653	694	17	11699	6150	11906	14174	18392	13781	12790	5740	11492	9261	10839	14242	16077	20010	4036	18013	11687	6771	9441	8081	11115	12400	3448	12968	17604
13226	2713	604	5033	5730	12008	15991	13935	11342	3944	16343	17928	5898	9433	4233	3557	15021	8183	4073	3533	14454	17501	1709	17101	7402	3205	6939	17403	13171	17782	7466	5761	15271	9863	16712	14544	16352	14847	3710	15285	17277	9875	10694	10520	2446	11822	11316	16442	19583	5438	18987	15900	17745	15319	6103	16004	18462	2138	18286	11907	19281	12946	14460	14883	2178	19279	11471	19374	10756	1173	1532	3882	1007	17290	172	11048	5409	13996	944	17748	19609	2702	1046	9503	5157	9163	7736	11561	4827	9832	14426	5063	15021	293	10565	7356	863	11191	1743	15702
10163	13647	1375	1021	11608	18913	16755	1716	7873	18589	10470	17030	5955	19301	1866	14945	8488	11301	10929	16508	9139	15567	5357	9403	12316	8142	8796	777	8070	18679	9402	3409	504	10744	17297	7727	642	17391	17659	5442	8907	19851	13781	16324	8519	15803	4599	9093	15705	8900	3095	17959	7724	10820	14770	3218	16853	16672	3785	19683	8132	1362	7013	7611	17660	8714	4060	10491	15221	11413	16260	12154	7655	9158	18209	8489	7470	16528	4727	12847	16067	16950	14934	12267	9723	4224	19016	14682	6760	3866	17918	10719	11355	18798	11956	6578	11551	18462	1267	12946
15162	19911	15602	12214	6112	3526	9480	5037	18331	392	15353	7465	2129	10423	13912	18945	8056	11834	15361	5172	6975	18266	11902	17272	4238	9061	14770	19280	305	14461	3222	5046	19128	15640	14833	6746	17458	3320	14764	12999	15365	18111	6360	8936	2575	12617	15072	11133	15439	13971	19762	967	4831	7659	11129	2927	15069	9582	17079	8520	2724	19992	17168	13815	6165	9578	1256	12849	11548	1011	14206	5308	5959	1616	7273	600	17420	5629	15847	4892	19921	2628	10423	9484	4533	16985	17622	19130	6563	151	12562	7544	2023	2012	5551	2024	6989	6916	11073	5944
2040	12611	12429	8704	16816	20055	8574	2590	1152	1116	8425	3004	6081	1906	16616	19358	10902	4326	15643	1878	6394	18923	3086	15691	11070	12270	5380	17563	13070	7353	12777	8351	64	18918	8488	10357	11785	2501	11673	19148	2056	9802	16553	5158	2670	113	10676	17475	19882	16457	17201	19087	10483	6924	12981	3316	2854	3295	11192	2677	8289	10868	6563	15281	9411	20073	12450	1337	9544	128	11993	406	16961	2689	18901	15745	1264	14515	8313	7526	3526	4621	17981	6094	2164	15179	17164	19658	12444	4243	1959	7809	186	18948	8071	14368	1750	12905	6514	7114
126	11923	2899	12718	19532	11230	1728	14578	8981	18903	1160	18317	8469	80	5680	10582	19885	930	19581	16682	10272	10876	19592	8894	9262	1556	7056	6380	6873	6031	19747	18918	10923	4036	4482	8179	7713	8671	15356	17458	14315	7466	12520	14366	3746	15365	11226	6027	15052	17236	15098	9399	2153	1838	5118	5274	18315	19115	20041	14096	19217	4733	4242	5701	19205	11850	16955	11402	19181	5075	12326	16126	15513	3132	14159	2776	2570	4446	17300	7674	1402	5769	4083	4623	10845	5638	10804	16932	4063	6266	13963	7320	4797	4498	14697	6184	667	9345	11703	5431
19287	4732	4833	8710	6228	14817	19593	14357	277	11665	18265	16582	19490	16054	13304	20140	13678	11436	10625	5943	8527	10024	13550	6887	2646	9075	12352	7253	11280	19886	1840	5600	4892	10523	12036	3400	9169	9050	13982	15370	5868	4190	19736	17529	16697	408	19017	19344	1052	7952	15757	14644	15318	9453	5993	421	5870	3287	12072	18987	1893	17721	925	10622	9118	17377	8902	11549	19887	4644	1924	5336	8774	19164	7954	6067	9403	12031	5803	13465	2914	16777	14847	8004	8519	147	5545	12822	1779	2195	20167	2565	3644	12245	12467	12514	19308	2737	14718	13979
12197	1725	9874	257	18703	6369	13387	19522	17491	13626	15759	2266	13100	7768	7182	11483	14890	8535	7963	2915	16518	4011	860	10836	7396	1045	19667	14368	898	15803	7079	11707	10941	2327	14743	14611	1056	14251	14418	9586	7381	16295	19319	17878	8214	458	16583	10254	587	19911	595	17173	8402	3915	12189	14685	4753	9534	6281	16836	11387	13524	253	1346	2755	10119	14150	11669	925	12645	14048	703	14052	7267	8226	13366	14023	6725	7322	4961	8859	14971	19903	13351	13119	6780	6405	14245	15504	3494	7992	5260	6436	8484	19925	3480	4894	3752	10353	7936
15822	1004	18936	2599	12814	9444	15150	15373	4867	19063	5880	16527	12791	16110	6791	3678	817	16630	13815	17906	15962	14668	19167	11161	10733	12558	2428	13207	14612	13864	188	11346	19064	11321	14580	5114	15459	2046	12929	2915	14268	8983	10512	1974	12300	17260	2158	19810	3716	7385	12247	19640	7522	10746	18607	19740	13072	13003	16777	15602	9211	17335	7752	14895	9021	16904	8311	3253	11159	19228	3126	11185	8421	12108	17808	666	2970	18404	1891	12441	11530	10295	5420	2565	9881	15121	6855	12937	1885	10637	1789	16427	4974	12209	2107	4200	13090	7849	7840	3061
1355	5907	14224	11920	18271	8514	13555	1593	14549	10715	1449	5244	9193	2159	9480	18998	11312	11352	13135	1093	1986	7913	11704	15431	13143	1131	11532	3526	15321	10166	8598	11090	5436	18151	7314	7936	12981	3710	12262	7501	13999	6669	7492	368	10991	2762	10166	6228	937	15634	11433	1672	6765	17426	17358	11168	14427	3160	16326	11574	5876	18391	14370	17558	4485	12458	8778	3803	14688	17441	19566	15066	20010	7803	6005	16224	14173	7385	4680	1331	14177	7048	18835	10254	14005	982	14352	8195	7816	19862	11005	2488	2080	6065	5584	4124	13750	12573	19906	6457
10802	10714	5599	6319	3153	6911	6693	16429	16246	18633	14716	16866	16123	17448	20177	17748	3289	19174	8158	4742	7396	403	6234	7048	11389	14440	11676	6731	1445	734	15985	9142	18503	11061	14182	5938	14993	12019	11360	19950	16939	14372	12197	1207	13433	13622	6611	16963	15102	4421	10596	16628	20198	17456	18466	19126	14714	19207	14460	3111	3191	7595	18031	17092	18690	10649	6748	600	11681	15416	16352	13380	12126	3962	10873	3618	7949	17372	6289	6116	15962	6179	11285	14392	10547	17885	12154	1180	1794	19387	18535	15903	10247	3466	3059	2970	13622	7100	7487	17129
15426	7651	5349	5738	5648	8747	857	15574	1690	9817	9435	3258	12121	2882	16343	19652	16515	19921	810	10836	6715	16633	11799	8102	19169	2608	4875	3904	4678	922	5384	14430	12861	19873	19853	12197	6946	8939	6353	15885	6106	5677	5809	16317	16195	19777	12389	6478	15347	19737	5708	19865	2689	717	5074	16922	16082	16598	1857	16564	2532	11617	11200	18412	19992	10805	116	4697	11611	17543	3378	14386	9193	11462	6487	10623	11058	9719	1381	2997	6928	1416	8981	3195	4408	6357	5879	14551	10730	17033	7218	8239	9587	6285	17061	13307	8025	12914	16866	10544
2777	14592	16502	19228	4075	9850	18953	2820	17625	1565	13492	10830	20148	16799	16736	5761	9814	10923	2916	10933	13774	643	6597	16356	4064	13716	1726	2260	9579	1712	11945	3096	12815	4275	1044	13397	15293	17046	12570	252	1265	17802	4493	19407	5152	2561	17480	17079	6810	661	15898	18244	4898	12962	8900	6836	6495	277	6215	15655	14905	2905	14987	3006	15815	9615	10338	17554	14583	13610	4280	4921	1246	5338	3576	12862	16249	17893	17353	5319	16045	2700	13592	5627	14107	4880	13037	9557	11200	18416	1183	17959	7000	2502	16564	7956	12623	17063	3363	12309
5652	2718	4307	2686	19071	11084	11990	12319	13768	19449	15236	5937	5107	8881	11312	12543	3911	3836	15331	7963	20177	4750	8251	12662	5940	6909	13698	10028	15898	20138	5770	14287	13863	17858	16188	9390	7745	14748	18360	11968	17821	1019	3841	1673	13599	7876	16515	6457	8097	15661	6645	17855	17008	79	7035	6882	17832	10463	14787	366	8471	5081	15429	3652	9181	17649	5056	8193	2881	18662	12429	20167	14588	14825	12672	19320	13351	2433	4641	12898	5981	5349	14340	11070	5402	767	3349	5627	11290	6929	5886	16976	6375	17518	2269	5891	6882	19483	5823	11254
1182	4613	13592	8217	14601	13413	4257	8223	13017	16151	14015	14000	17360	10821	7877	7406	14945	913	10876	9227	8592	6771	807	5852	2286	3295	2260	11539	17040	18199	7094	14135	13621	19279	5678	5239	6038	2834	16150	14654	1022	4752	5005	6285	4925	16623	7763	18918	17749	5601	191	8173	7527	16963	4674	18454	7388	15055	1318	12427	9119	11288	8747	2998	18926	7095	18006	8185	1032	5325	9999	18064	5425	18173	18867	13822	16469	3025	9914	11626	10223	16377	11055	13910	200	8697	8859	12944	17135	17166	12162	11199	2687	1837	10438	19414	18947	5594	18392	6215
7423	5940	13923	12721	1155	19167	17954	20204	14905	10885	509	16894	11518	17501	4370	3482	15995	16830	5244	8343	10991	4130	12776	2586	745	13852	5520	1819	9000	3384	16291	2927	8158	18976	2969	17646	8913	13809	19589	3365	13357	18457	3669	19150	4796	14508	9896	14000	7779	8311	16121	3080	17972	12356	18294	12586	15281	17686	18751	15862	2248	9606	6246	17335	5147	2480	19190	10065	9083	2495	15767	20051	10562	17445	9101	11788	12534	14133	11452	17302	9403	13902	7582	11674	19399	1913	5475	16589	16127	2851	2783	16567	9394	297	8281	19319	5587	12618	19474	2988
15560	5260	13392	16386	4637	5147	2680	12492	7815	476	15371	4014	10532	12927	8988	10995	5295	344	4665	18584	12103	9051	17041	1766	17496	12092	15498	1171	16675	13010	184	6463	10482	9871	8349	2632	16589	10019	1456	17250	19166	1959	3732	15745	7441	7376	16562	7762	3803	17814	3906	6431	475	8722	19969	9369	3558	8480	7929	4124	1502	5679	7642	1405	19163	8425	1482	263	11229	16173	7838	1331	2787	4347	5074	3760	6263	234	120	5773	13953	13602	7305	9615	17398	16117	16172	9894	16086	6381	9998	7420	5620	1798	6933	5117	19731	12581	2787	19600
646	6744	10845	15672	2656	10415	9234	5957	2090	695	560	9031	7042	8389	9435	12120	14730	9502	2649	11051	7387	491	7323	19932	2917	17391	16274	16729	4699	17724	9906	16486	8432	17019	2044	12468	1441	1781	19673	6676	3940	6243	17475	10881	18935	15076	17529	18082	10008	16579	14555	13287	20100	10275	19324	8727	12223	1972	6594	19308	12896	4970	13749	19407	19652	14876	19688	8904	14964	13417	3182	7238	12858	13256	9073	11892	1630	18091	412	7442	13440	17112	408	19367	19537	700	15227	6307	4154	911	5584	15616	9412	19643	4886	17066	8774	12615	7059	9736
11777	7713	16170	13103	19189	1487	14545	2342	733	11153	2924	5828	2090	16872	6974	13757	17935	3073	8607	1641	18188	8863	15364	822	9070	4292	11472	6551	15519	12101	370	17216	12887	13342	18581	8358	12105	1157	4939	89	18442	11097	406	19224	7665	15071	10345	13011	16097	10046	10796	10243	18652	16173	10635	15144	17689	20134	8660	3294	10740	3841	8551	16797	10667	4166	11711	13673	1556	601	1887	5363	3114	11665	11896	12758	5178	2371	13153	3908	15909	9163	5891	12155	6929	13288	12126	12712	152	13894	16090	9366	6063	13325	6786	15243	20084	7234	14107	9846
18178	20190	14833	11915	15135	2979	7102	13943	10995	13782	2654	18710	8864	6166	16406	15406	19308	7070	4086	1931	13000	16135	1155	7434	6005	18958	2796	9135	4312	19664	1334	1204	5818	8027	10623	11292	5459	11094	5497	4622	15364	3635	4466	18778	13517	2434	7722	7162	5669	4307	16169	4201	11505	8151	1830	11849	8253	9276	14890	2070	2271	523	4758	3267	17082	8099	8724	19941	840	7696	17122	7295	12059	11597	17682	16359	19760	6890	16826	14378	1389	12829	11117	11979	16072	4125	17889	1084	1541	9544	13721	6760	2220	641	10902	5769	2691	8651	17971	2751
10020	20003	8809	3557	11673	8182	4290	4182	5438	148	16377	12492	3253	7360	10946	4623	15923	3564	15401	1195	3785	11373	9856	2682	4168	1950	15141	233	5083	9971	13078	6272	15334	2969	18127	1730	24	14008	2979	14723	12767	1353	10964	553	8528	14685	8394	11217	9534	3970	15636	5635	16553	395	1907	18425	14825	12393	9388	4671	1948	5475	2826	3178	9109	10248	18237	15593	334	10269	343	15758	348	4637	10732	16376	18690	6575	10735	15010	4005	14723	11631	8286	935	19208	7963	5152	11833	17730	12682	3045	6421	18714	1324	2742	18693	4269	18574	1114
2279	18400	2628	8914	7656	6291	17828	6426	19602	755	15781	1518	9376	10131	8125	12154	10326	7840	12876	2570	19307	10792	10539	406	9160	8304	16575	879	13508	13547	8275	17859	1901	13930	6216	18803	7503	7254	17254	19322	5627	6239	6347	12251	16802	13708	512	11190	392	11769	14699	14713	7659	4759	15514	15520	15071	4997	19950	18161	9078	15686	5963	16166	5686	2175	5234	8469	4474	8984	6258	1400	5898	5608	8102	9181	13542	3945	10761	5365	11694	8469	17391	6750	7998	2028	7671	16265	5104	13366	14875	729	18339	11040	3965	13241	15816	17664	7288	1243
9006	5385	10240	17790	10855	9200	14731	17344	1757	1753	12486	3639	12143	7107	5107	13366	11402	19682	12167	19122	1411	15758	3473	4594	10371	9359	3108	1137	18841	17895	2845	5545	14161	9048	187	13432	4374	17190	9671	3191	13008	8222	3548	8871	12645	17379	18271	13027	5830	2108	5898	1026	19203	13306	10437	7234	1503	16090	16919	10677	11795	11957	11456	11491	19171	3215	2820	18533	14363	15880	236	619	16574	12946	18921	4873	4784	16860	10651	15593	18947	4695	15405	3851	8588	9587	1124	5617	17742	2723	18036	11633	7654	20192	2006	10385	12461	10814	2778	6721
12623	16939	7382	854	9183	9457	15265	1947	1622	11127	4753	17070	8362	16529	14678	15752	13996	17928	19558	13448	9736	19589	4466	16307	11275	6696	19237	2689	15571	13613	2236	4220	1582	5097	326	13218	1349	17875	1924	13782	18135	7159	9530	4914	17578	14539	11	16048	18038	18312	12409	9886	7318	2679	5795	14336	2807	957	8207	2300	13545	1052	20068	13642	18958	15753	5239	14221	1837	1363	17804	13204	2443	10177	12807	3473	15109	1421	7384	8538	9219	1126	11704	16934	3393	5283	17553	704	6131	12968	2894	7708	14512	11626	3652	4643	8104	7109	17233	3111
15655	4091	15871	210	5646	12477	19750	13073	8878	17824	2911	8847	17614	4533	12176	13768	14781	1953	4254	10747	8370	15692	5197	10541	1538	1360	16163	366	8686	10437	16711	3006	18100	2301	6251	8140	11412	17855	18323	1770	918	19431	19261	6313	13865	8367	7033	4516	9815	13203	15166	19454	6297	17954	698	17308	6795	4224	8968	4957	16408	2195	3487	6355	7014	9197	10482	10852	13128	6022	502	5437	2466	4299	6916	149	10707	20031	14730	8102	2677	13110	16551	18718	13682	2994	6906	17082	3663	18673	11	16368	14988	10883	4006	7503	10882	15135	6036	7099
860	13178	7358	5633	8206	4476	3145	9301	10441	19154	4792	7285	18021	6076	20146	1645	4078	16172	7846	15293	20014	7505	6878	7658	13170	15270	10663	15392	1438	13025	14488	2379	3660	18745	15962	9078	8410	18382	11618	11500	14107	1292	10769	6304	13358	16390	19864	17992	6794	10993	10839	4492	10386	16291	13584	7177	7322	8858	3143	12106	10276	15852	4746	24	15489	7788	7675	14458	6957	7434	10204	2353	5195	15521	1716	13513	7281	16682	6586	4156	5859	7885	12421	2229	20056	11413	10634	4782	6618	19519	8240	13800	2483	16933	14925	6654	14522	1121	1596	343
14559	8355	10035	16025	8572	12163	4347	5184	2692	15550	16974	14454	12718	15272	10847	12392	14297	3812	13978	1377	13943	15332	10241	11975	8540	16045	9427	834	4526	8907	4671	15676	17150	8540	7239	13779	6093	8548	14515	2896	11192	17760	1157	1212	7902	15750	1005	15839	6684	3275	18979	1864	14522	5078	8716	18507	2001	18095	11413	8324	19127	5257	889	17789	869	17227	15909	10338	13137	20164	14840	14913	8948	14320	2102	14015	3462	12617	6161	3294	9523	487	155	5742	19806	16038	8115	5740	14738	413	13248	2931	11038	4064	17100	470	7249	13061	2461	13879
1294	6209	13902	14966	10458	7707	6127	13984	13705	19804	15834	16845	10669	4265	2128	12638	16274	11625	4590	7151	7901	8882	5152	8279	8381	17266	16471	4534	9475	158	3832	11067	19118	15699	7150	7807	10833	5717	6331	6038	16282	19652	20154	5533	15138	2067	19243	14817	12162	18940	10791	11418	13417	8187	7655	3986	11000	13125	14847	6490	10729	14981	16954	19923	15214	19187	6321	19770	11110	858	6815	7752	16659	19796	950	14804	16447	13547	13873	19203	11213	20167	8098	6621	10927	1742	9231	9735	16105	14605	13464	19178	715	6150	208	8447	5586	14443	14656	16416
10523	620	17798	13099	6089	19445	10699	7976	2299	17484	1941	8469	347	20007	5524	17440	18365	4319	19870	7122	2009	199	15477	4739	15353	1445	7918	17720	2527	4182	17303	20060	1115	11121	9581	9448	18615	17856	12727	18129	9856	14075	16182	17651	2046	3272	14674	7857	8053	11625	12768	2279	295	19120	19286	8942	15249	9164	974	4334	12468	7432	13115	17250	15537	19521	18448	8956	17564	2528	8134	2644	12465	19731	13	2260	4272	3219	14949	7740	1510	9632	7565	2664	10853	12969	2387	6164	1301	2361	443	1588	18406	4307	7956	3546	10801	2965	9290	5402
15416	2838	4585	9158	5761	19778	17702	18159	405	14033	12034	11980	2094	19900	15102	2500	1033	15767	3661	18427	9056	12340	62	9464	16098	2803	19319	9835	100	919	12276	10981	2757	1318	16071	15052	9643	2500	19696	19063	4011	12136	633	8785	4521	6011	7908	8607	8151	2715	6905	3140	2331	8318	8001	4193	13193	9557	5152	7809	14227	3465	1559	80	12088	1499	18589	18470	2757	10308	5283	7982	11448	7123	1877	13905	14913	8732	1137	6022	11919	4419	13389	16075	9397	18294	16948	18854	15193	19908	19076	5983	1718	7631	11646	2275	10842	6348	8109	1134
15198	8559	2701	6234	17104	13894	9543	2565	3755	11371	7481	15992	7179	4709	1886	2024	2774	14685	1294	5175	1748	9503	10934	9526	11583	12431	18212	17546	13063	14985	10890	6559	14336	2734	18919	11301	9331	3145	12654	7095	12163	16938	13333	19848	10013	17629	11320	2112	5159	12091	6332	18814	17785	19852	13025	677	17986	19360	6815	18323	7249	12803	7365	4684	8153	15045	15552	16579	12780	19184	19695	17679	8857	8004	923	5324	15084	14176	458	5044	4873	443	4466	3248	695	2250	8893	3243	14525	3043	19689	16715	1831	15409	2369	3057	7460	15629	7496	3108
9179	11348	12862	15045	10799	19883	4511	6584	5575	14364	13019	5984	2780	9991	18202	16110	14048	14953	3575	6962	3052	9160	17082	16422	3258	11144	12336	4407	12457	13104	879	11555	11535	7296	12910	3258	4442	11874	6351	8343	14292	2677	13846	16574	7037	11156	13553	4731	9894	17065	20200	11688	620	11576	7496	15663	5285	17220	3557	2913	7753	8534	1672	4524	16256	12946	19832	12868	18346	19010	15721	8041	17463	12501	901	3472	14573	124	14386	3846	9201	18539	10769	12743	9472	13816	8806	12452	7784	15370	6228	2867	14701	10279	5057	8355	17489	2003	17719	8766
10086	4103	20188	12571	13289	4919	994	7124	2642	4727	9026	20000	1882	10625	9912	16528	12450	14707	482	18747	849	1535	10715	10994	2439	1787	8097	7460	8993	19854	13347	20171	18987	2066	4012	6036	4578	9130	8038	1834	11439	12438	12136	19437	11833	197	12930	8442	10916	15117	12791	5079	7655	19410	13961	11329	2934	2496	17053	20010	6376	19055	6403	11358	16757	17353	905	359	16917	1125	1250	6708	771	10444	7267	5461	19145	3427	12499	7236	5601	6603	11925	16299	1035	19071	14524	19469	177	7270	7912	8835	11333	9103	2339	15721	16264	6938	1813	3979
20181	8560	17377	10517	18030	18438	7144	4811	10170	17992	689	8379	7452	2580	3940	16128	2776	12556	7199	5535	16553	7949	3769	12755	20045	8512	14060	12356	12562	2541	11412	19744	15264	8878	5803	7670	19887	1549	17839	15358	18188	14870	4381	19588	12858	13723	7550	4296	15214	5125	6104	8499	17151	3519	4300	15400	9604	20031	10814	7144	2251	3128	6207	17225	16203	11902	15116	45	5580	8137	3059	3143	14890	7348	4480	19539	19263	12132	17127	6952	16249	10912	13775	9780	7836	9096	18310	8201	3315	16107	10391	13422	4332	13309	3262	11084	9510	6375	13427	9404
20028	5795	282	9817	3243	11352	3389	17966	4893	4678	4763	18162	15959	11710	18824	14041	14809	1185	16330	3690	14548	6975	17542	17746	3798	2335	1450	7863	8893	19202	1137	14572	19649	7493	1026	3535	8682	12935	4489	7311	6649	13518	5327	15495	469	10230	3918	13652	18061	8941	9033	14653	17713	4946	15140	3116	19813	6750	17326	978	13397	19558	9188	10282	1242	5810	8896	24	5164	3717	11159	10206	18752	2861	10193	16613	1840	3827	3170	19979	12050	750	6957	8685	10901	16256	7556	5577	15347	8311	4870	11842	3005	10916	290	8897	17129	16889	3350	7294
2661	19130	269	10070	45	15632	7656	9336	15368	19373	20102	6859	5470	16883	1018	1032	7826	7853	822	15156	14488	15102	17587	8742	4391	9556	19208	10161	13747	15474	10685	17542	19923	6153	8026	18134	18241	2538	3005	7656	11911	3311	18511	16245	19710	12694	7968	10506	18722	6855	17128	17272	3497	7381	11198	11445	11436	20144	19128	14945	3660	14334	1526	18840	13281	18265	18177	11839	463	4270	16752	7643	18398	14174	8559	6135	19900	4022	6661	10779	16939	4198	14372	430	19189	17490	13262	15629	17859	13342	10194	13294	13324	16349	9901	8357	10019	15507	18244	16270
17267	16925	2457	7207	12106	15281	7521	5152	15481	13101	4722	11052	12157	14268	13365	9645	4195	9839	19038	7747	4296	18708	15046	3717	3425	4705	19463	4421	16187	13398	17016	17286	16773	12913	10065	16842	1419	3644	10878	9027	13809	11732	16620	16013	11696	3525	10954	8968	17008	12642	14339	15485	13561	16874	14173	7964	9204	6847	16108	10139	1384	2243	6644	1242	2043	6470	8394	15244	1957	12123	16231	13361	13778	20200	5013	18618	19715	13508	1815	3702	9719	4973	541	13131	7213	5756	19917	6659	17961	17689	13178	8782	17273	1596	873	6849	1600	9398	19883	14166
1588	4498	12586	17516	18730	4841	9508	17231	2621	47	16320	15656	5811	16777	3076	257	12396	9137	15986	6309	17816	15247	10757	12402	5706	13101	4838	14185	8516	14951	6237	14718	13753	10284	2913	16075	20023	941	3199	19222	2240	14401	7594	10675	7710	3174	11333	11334	1814	16715	11462	4167	13354	14229	10206	18443	17861	7178	6844	17435	7583	148	4764	7499	5491	3078	15259	19678	6854	8171	10691	13866	13066	19359	18764	13468	13152	3546	5433	7795	9427	14386	19785	7575	697	18918	13399	9779	12533	12859	1640	19306	11722	16515	19678	16006	17839	11910	13969	7962
11012	15133	1562	3801	1915	16143	17564	2253	16635	3894	16142	6030	6999	18103	5049	3348	7526	480	11755	3530	1870	2673	15816	17139	6056	11389	34	13701	8271	5575	8942	11471	18511	3384	3404	4163	20161	11775	6542	18372	2371	14005	6353	2979	3543	17286	969	5481	12932	19181	15836	15505	10454	13163	8627	6375	708	10586	19620	9399	8045	10347	19170	6998	4646	4476	18277	19364	16780	7949	13586	2590	11932	8122	14675	15160	9699	18682	10832	12662	18645	5310	1355	1346	13668	19664	17746	14157	9236	16572	481	12853	3218	5483	13653	7492	3656	7538	13922	8878
12132	8415	8737	3908	1396	4824	6466	9779	5307	19514	40	5969	19063	18121	4487	1443	14581	5070	3825	17910	9820	3416	14552	1891	10782	20152	11522	6297	18673	5906	14893	10434	518	19026	15332	1236	4354	14479	20143	13734	5512	2917	6530	14419	1229	19264	18548	870	15487	20116	16947	2056	16589	3152	16647	5202	1593	5355	9099	13769	3618	8592	18882	8503	5685	19920	4435	10853	6275	17284	9077	11416	983	16614	7772	9173	18129	18408	10100	3444	5650	20092	12258	1317	643	2245	11014	9386	14756	14074	4340	9189	17476	16186	8655	17040	20134	13821	10502	130
6163	19769	17625	11871	19822	10944	15053	7574	11627	648	13778	8724	2710	4644	13758	15819	17543	1866	4054	4439	14068	8388	1901	3849	4982	4107	6467	12410	18780	3485	13138	3078	13626	6131	2548	6390	925	12968	19937	12632	4054	13795	13610	7098	2458	3837	18650	8224	16154	19222	8315	8405	10448	3461	19083	15301	8922	9325	2808	6098	12823	3591	5679	10154	19221	8263	6411	15597	17310	14527	19592	285	9900	4080	3030	16810	6949	5711	12122	1999	17562	16183	11161	798	17407	7924	5061	15897	4510	10196	14229	1033	11301	4787	11896	7276	439	15118	15097	7752
4586	7734	16352	19080	13376	11948	14658	15440	8488	11538	15084	618	15847	4972	15572	808	15191	6580	9006	5367	4447	2150	2643	1049	16350	17613	9958	18693	148	1455	12851	10017	9408	15855	12568	10961	13327	5569	19072	680	1753	14429	4450	4253	405	961	6310	17402	7597	11551	8351	9070	15212	945	12441	4437	15689	10107	17475	15640	20192	8930	13398	13555	8882	156	10563	642	8823	4894	19239	7255	16097	4562	18842	17636	4182	7307	10760	1458	19656	8371	3351	8379	3618	1121	13509	10343	19551	4722	4190	19710	12536	18558	15851	3289	5839	19086	3837	16626
7346	6999	8839	8048	9299	5569	4988	20170	20118	965	17420	15794	16354	7701	17654	15284	19863	5209	17370	16531	16276	16345	1966	9921	20176	3816	16282	17912	15848	19322	16605	8425	17851	11622	3235	1815	12883	11417	3814	16198	20152	5445	15134	9814	14279	4183	8015	15891	5550	5984	12455	6131	326	12396	9268	10945	14439	2762	15405	17334	9738	13276	13664	19321	10283	16284	9366	1994	15489	563	186	14614	19557	8285	5953	7742	13509	1137	14527	15340	15512	15655	7304	19926	466	10205	6339	6520	1402	1534	8141	4668	13858	3114	1763	4024	1048	7888	4479	10074
2368	18311	3964	16176	19203	3608	931	20193	3357	16840	20055	964	16814	14695	10034	13211	17272	14941	3373	2548	10085	10410	8020	5253	8211	11301	7327	4067	19010	11688	12235	1295	10426	12090	2101	8678	15778	4579	10304	18483	6870	170	8655	8127	4856	15271	16321	19123	13669	11123	430	15691	6120	5637	4130	18662	13713	16976	13996	12122	3994	17490	10045	15496	15946	1598	14330	12790	6014	5056	531	18657	15692	7752	3111	7437	17231	17353	17641	17961	902	191	3593	7592	17618	652	11105	2516	8215	5177	4859	17529	10859	15717	16670	4889	16105	10146	16657	14795
10688	19055	2102	18680	18285	8921	6667	9594	8241	3945	15388	3929	11763	3960	19048	15721	1999	2654	14564	11678	3906	10756	4190	13538	16721	13341	1703	696	353	5260	11249	4030	9316	5641	20073	9564	14056	7079	3954	8208	4987	9559	17061	9189	4785	1093	18026	11666	3036	13128	7121	267	6031	12058	2134	18250	18794	14628	13689	14297	5201	5746	16553	7334	3126	15073	3121	1324	14525	1804	3172	3660	1553	1184	12237	15521	2446	19923	5677	5245	7532	15823	2780	8262	14844	11144	8935	8919	18713	14949	1405	7041	3288	3391	2082	6436	15544	11443	14444	17395
2957	15804	7586	9639	5052	17791	3140	8009	11419	2130	18501	13303	9989	18313	2045	6598	6376	14394	333	6592	7493	14719	17558	8409	5658	11448	4478	14500	14443	17341	11123	17264	15129	7	9588	19830	15282	8081	7538	20054	6687	11351	17516	19478	16955	7470	18882	19689	9889	7619	8818	1127	3217	9777	19670	4847	19087	16510	2929	13496	12803	10491	18405	12219	17748	5942	10854	1649	2006	10595	10670	6580	13711	344	4501	15320	10653	13241	13545	17425	14659	421	6703	20130	1957	14933	8527	3344	279	17443	1486	16316	5309	8511	7480	13209	11493	9570	15635	688
17709	17888	13892	7407	9496	12698	8855	9377	12598	8583	7407	10080	15773	12598	18799	17007	15246	11011	18107	2996	17007	12821	1680	2618	18088	16104	16986	10465	3720	17280	17843	19700	1129	11726	3074	1336	1731	17888	15022	13092	18544	1168	18799	15701	4048	10465	4323	17120	11560	17557	2996	2842	9496	10298	4741	17843	10298	5204	15784	15773	15108	2842	4891	11011	19435	4587	18107	8100	18455	15123	17387	3720	12168	18088	12521	9496	5785	1731	14226	9159	4741	11011	15701	19143	19644	6646	18107	13573	4134	6616	8706	3720	8706	616	17387	11587	7250	7870	9496	1444
10672	12840	10488	12565	10465	9159	15108	10298	18625	16289	1191	4741	8129	10080	13563	1320	3221	16986	6646	8855	12471	8706	9159	18544	15809	3202	11587	14360	19991	15731	19644	2638	4262	17390	7245	18981	17843	15018	6710	2961	7870	17244	5477	10856	15018	19991	4662	12840	15795	17142	18455	182	4891	15026	15784	12471	7728	7407	2618	15108	12921	11726	5486	16104	16624	8792	9255	16986	2961	3074	17077	18343	15123	1744	10298	15026	16964	5477	17007	18625	8583	12521	15026	15026	18460	11901	19195	12821	10442	1744	13862	14360	12648	19644	11521	19378	10389	13573	12521	9756
16624	2809	3074	19143	17843	13092	18290	12921	1744	11901	5847	4048	5477	18308	14072	17390	12821	11587	1744	13573	2819	16130	7340	10856	10465	18460	15809	17142	2618	10298	13177	15795	18625	10298	1444	17142	1129	2809	10442	15795	9496	3340	5204	616	4323	13177	942	17007	13892	10672	4262	9756	1336	5486	4225	18107	15491	7250	13892	2210	9756	7072	18981	8706	2842	6616	17390	19780	19435	1336	10080	11728	17951	13092	9255	5486	7250	16289	7407	15246	15731	17244	19195	11011	3202	8100	15795	3687	19517	19991	9378	17280	11350	12521	16964	2555	18938	17244	11587	18938
1926	19700	5204	8100	1336	6710	12521	11587	17709	17390	17293	14226	17843	19644	4225	13177	10442	13177	12471	7728	17077	3074	4225	12921	10672	12840	9877	3064	2996	182	19378	4700	15018	12168	15795	2210	9378	4617	10298	9377	1731	5847	3221	2842	10856	1926	15766	17280	1731	6646	15766	7245	7250	16964	3202	17390	13177	1680	4662	4225	3064	19700	1744	17709	3074	11587	616	11521	10898	1731	16624	13818	19842	7529	4700	18069	16986	15701	1680	8792	11587	8583	3720	10856	4048	1680	6646	942	19378	2819	14226	13892	18799	10856	3720	18308	616	11521	18938	19991
2210	10488	17142	942	9159	19991	1731	2842	18107	9877	4596	8100	13563	3074	6537	17244	7529	4617	4662	10298	18799	18069	15795	975	4048	4891	5205	9496	19378	12821	182	11137	616	10672	4617	10465	12598	11901	4700	19780	10298	2555	18343	17709	10002	7529	17951	1168	12921	10080	4048	5718	12521	17390	6710	14072	13573	11011	8100	3340	19143	4662	10080	18544	15123	7407	19435	10578	8100	15026	5718	12840	10488	15784	8129	13177	10616	19991	18092	10462	12840	17843	18069	11901	10488	6057	17280	1168	8129	12168	8792	5477	12471	1336	17557	19644	4262	16624	9877	1744
1731	1336	4741	7340	14226	7529	9378	16289	12921	15018	18997	3720	12565	18455	15773	10856	17077	2638	15026	12840	10856	11726	10488	10465	8583	17709	13563	11587	942	9378	17280	2210	10080	3687	11265	6616	16130	9377	13892	6701	10898	3064	10298	11521	11587	7245	17387	16986	13563	16130	975	15809	17269	12565	7870	2819	17120	4134	5204	18088	5477	19435	3720	17280	15795	14226	1129	942	9159	15809	6701	11265	15784	882	17951	12471	10578	8706	1731	2996	4225	12821	6057	4700	12471	3687	18308	9877	3340	1731	17387	616	15809	6537	12078	8252	12078	18460	12821	4662
6616	4617	10298	14360	18981	15809	4323	3720	19780	18308	9255	18625	15784	4741	11901	8706	14226	16104	18544	15491	7728	15795	13563	1191	16986	882	7728	12168	18799	11560	2809	17120	2809	2210	17142	18069	12840	1680	7072	17951	10856	18981	3202	5477	9378	8792	2819	19143	17387	11901	1731	7250	2210	8855	17843	10080	15022	8792	18455	9756	10616	10672	6710	13563	4596	16289	10298	4225	19195	12821	15809	13573	14072	2809	17557	882	1129	12648	12168	15491	3202	1680	4262	3064	14072	182	6616	14072	18092	11728	2638	18290	4587	7529	882	8855	17280	7728	12921	12840
4587	12521	13177	16964	5785	5718	17843	4700	12565	19700	14072	11560	1680	1191	9756	7250	7407	6057	17244	17244	17387	15766	9378	18088	7407	9756	19991	5785	3064	3074	4741	975	14360	17293	10442	19991	18455	16289	9159	17387	12078	4741	10488	4891	18981	616	15018	7340	11350	3871	17951	5785	11728	19378	16624	11137	18455	17387	2996	16624	6646	2618	11011	18343	17007	12840	942	18069	12168	13892	18799	19644	16104	4096	9159	17293	19195	7250	13892	6616	15491	5718	18799	7407	13177	7529	12648	17557	5486	18938	3221	6057	17007	6701	10488	1320	7407	17387	18069	18981
9756	18544	18997	11560	17390	12471	18981	11560	16289	1731	17120	8792	8792	17387	2638	11011	17843	2961	12698	9255	2809	9377	16964	942	7728	9877	4048	3720	15795	9255	8855	15246	19780	5784	975	17293	9496	15773	12471	7072	15018	7407	17120	6701	1336	18088	1336	2555	18088	8855	3687	12471	4617	11901	11350	1336	1336	8706	5784	4587	19517	5847	7870	18997	975	16986	7870	6710	5784	15246	15784	15784	9756	11011	9378	18799	4596	182	18997	5486	18544	4891	11726	2555	19700	19842	2210	2819	8792	12840	15491	17557	11265	19842	5204	6057	13818	19700	17269	182
18092	11587	16624	12521	2996	975	10488	15731	17888	1336	10298	18799	18460	182	5486	12565	19700	11137	18938	12078	17390	3340	8100	17142	13818	2555	17293	17387	12821	19143	16624	12168	6616	18460	9377	17709	13862	4134	11137	13573	2638	7072	14072	17387	15108	18343	19842	15022	10898	10856	13892	15022	4096	16104	15108	8129	13563	14072	11726	13862	4587	6646	18799	10465	8252	8583	10616	12521	9877	10298	17557	6710	12565	9159	1129	16624	19842	15784	5847	10465	11265	8706	8855	6710	17843	17557	3202	882	7245	5718	12648	1191	19378	4048	9877	17280	15809	19842	942	13892
6701	14072	3221	15123	16624	4741	13177	18290	9377	5718	11350	1320	4596	16289	17387	1336	9159	1336	975	17888	17557	11587	4662	4617	14226	19644	4662	19195	4700	4891	17387	19780	9496	18308	17888	12698	9255	15108	16964	11011	5718	4700	17387	9255	182	1731	17888	18997	11587	10298	5785	18981	4262	5784	2809	6616	7250	16964	1168	17280	12521	2638	11587	12168	10298	9756	8129	11350	3064	4596	3074	8252	18544	17390	4048	2996	17390	1191	18460	5477	15795	13177	15108	3871	2555	18544	4587	15026	2210	15108	16964	15795	4891	5784	18343	616	17390	11560	18544	16130
9377	7245	9378	15246	12598	17557	12471	10488	3720	17280	1129	18343	6537	15491	17269	16130	5486	9496	10002	9377	19378	2961	3074	12598	9378	6701	4096	15809	8706	15766	15491	7529	15701	1731	10080	6701	2210	19700	5847	18997	9377	4662	14226	7340	17142	16104	15123	18308	12698	18088	12648	10002	15795	15766	12648	19991	5477	1731	10389	9496	2809	15795	19378	15246	4700	18343	15018	1320	4323	18343	11011	2996	2961	12521	15784	11587	10298	15809	1744	10002	14360	5486	4617	10298	1926	15246	15809	7245	11137	16986	18625	10578	616	9378	5477	2809	18544	3720	19378	7728
8855	4225	4225	17293	1168	10298	6646	19195	19991	6616	4048	5205	11726	2618	12821	14226	8792	10298	11728	15701	5477	9496	18092	18290	9877	17390	15773	19378	4587	3687	18308	19195	9378	3340	7529	4262	14226	18981	13563	1168	19700	12565	18997	18625	11560	18092	4225	12078	15018	7529	1744	11726	16130	17120	6057	5718	9496	4662	4741	7245	15701	19517	4134	13092	10898	15108	4262	18625	18981	18455	10298	4225	5486	9877	19435	3687	18308	13177	11350	15795	1336	2961	17269	14072	14226	13892	1731	4096	15108	17557	18455	13818	5486	3340	1731	9756	11350	12598	11265	3074
18088	12821	5785	5486	4048	616	882	1731	19195	10616	9377	7250	17007	12921	6646	5847	5785	616	4323	1336	15246	4617	5718	17709	17843	3687	6537	8706	4262	1926	2210	13092	18799	882	11521	18625	2638	18290	11011	10080	15123	11728	17390	16104	10465	10298	12921	12168	11137	15731	4096	15701	9378	4596	4596	15491	18997	13892	7529	7072	8792	15026	17843	12698	15491	10298	2996	1680	15701	15022	14072	10298	6701	10488	2819	15766	1320	19780	882	1444	19991	1320	19700	182	7529	13092	2555	15795	7250	9756	15701	942	4741	7250	17888	10578	19991	3074	12698	3340
8706	11265	9877	15022	2819	17007	15731	7072	882	4596	12840	13862	15026	5785	1320	5205	18308	10672	15731	19780	6537	1744	12648	3202	3202	7728	10856	18625	5785	2819	17888	17007	3074	11137	1680	9378	10002	16130	616	11137	18088	9377	17951	18455	7245	11901	19700	7529	17709	6616	15784	13573	8100	13573	17120	4741	19700	10488	6710	6701	8100	16289	4262	18308	16289	9877	18997	9377	11137	1129	3687	15022	13818	4662	3221	6646	4134	7407	10298	11011	9159	19435	9877	12565	13092	7870	11560	6616	13818	1168	17390	5847	15123	15246	4587	7870	1680	17077	18981	15026
1191	17244	15784	1731	11350	4617	9496	18088	17390	19143	17387	10898	12078	10672	5205	11265	19517	7250	5785	16104	7870	19780	3202	14360	3687	18343	9377	10462	18455	19435	17007	9496	19435	18799	18343	19435	11901	19517	4134	18107	15795	10389	10465	16986	15491	1320	1191	18069	11521	18455	15026	1320	11587	11521	9496	7407	11011	11350	2842	19378	7340	616	12565	19517	7340	3074	4617	19700	6710	1680	19780	4700	3720	5784	10856	3074	2842	17390	4596	18343	2210	1731	18455	12521	4587	19644	10389	10080	7870	3871	17557	9756	17120	15018	16986	4662	11726	11726	14360	3871
11011	4323	18308	3202	12648	3720	14360	11521	17120	9496	15784	9877	16130	4596	7245	4262	11265	3687	12168	10002	16986	10080	18107	10488	4596	15491	9496	4323	4891	11350	19195	2555	17007	16104	11901	12471	15026	7245	6057	6646	2996	2618	7728	4662	19780	7728	19378	18799	2819	19195	18092	19378	16289	2618	5784	7072	10898	9756	15731	5784	15731	9159	17387	2618	4587	12521	3221	19991	16624	2996	14360	1129	1444	182	4596	5847	10672	19700	16289	12471	18107	18938	4700	15795	12921	18308	4096	18092	18107	1926	8583	8792	18088	3064	1680	15731	17951	18455	14226	13818
18069	7870	1744	18997	2555	4596	1444	3687	7245	15108	11587	182	7245	9159	16130	12598	11901	8252	12821	5477	11137	17244	15773	17390	10462	7340	17390	10002	8583	13573	12521	15731	11350	1129	1168	9877	3720	18069	16289	3202	10442	8855	19700	12521	19143	15018	16986	11011	5205	1320	9756	2819	7728	7407	10462	16986	17390	11265	4262	6710	8583	17280	5847	17244	19378	7870	2809	13092	12698	4891	4587	9378	4700	7250	19700	1191	11137	2842	15731	19195	10898	11137	1129	3221	15701	2809	3074	6710	9255	12565	17843	882	16964	15773	9378	7340	10465	4662	7870	17390
5718	15246	17709	7870	1926	9756	6616	6701	12471	6701	16986	1191	13092	4323	882	10616	6057	18069	10080	10389	16130	12168	10898	1680	15026	16289	12598	15731	13573	1191	8252	2961	4587	12648	17387	3687	11587	13092	9496	2638	8252	1731	13092	16624	1680	5718	19780	10898	10389	16986	16986	15108	4700	3340	14226	7870	15809	11901	12471	19143	8129	1320	8252	17120	10856	19780	16624	2961	12821	9877	3064	19143	17390	1129	1926	17142	18460	10462	10488	6710	17120	6057	12921	5847	15766	10898	18460	13892	9377	18981	7250	18799	19195	18981	18455	1926	12168	17269	16964	9255
